state_code,district_code,india/states,division,group,class,nic_name,main_workers_total_persons,main_workers_total_males,main_workers_total_females,main_workers_rural_persons,main_workers_rural_males,main_workers_rural_females,main_workers_urban_persons,main_workers_urban_males,main_workers_urban_females,marginal_workers_total_persons,marginal_workers_total_males,marginal_workers_total_females,marginal_workers_rural_persons,marginal_workers_rural_males,marginal_workers_rural_females,marginal_workers_urban_persons,marginal_workers_urban_males,marginal_workers_urban_females
12,000,STATE - ARUNACHAL PRADESH,01,011,0111,"Growing of cereals (except rice), leguminous crops and oil seeds",171,98,73,131,81,50,40,17,23,33,16,17,30,14,16,3,2,1
12,000,STATE - ARUNACHAL PRADESH,01,011,0112,Growing of rice,1944,1106,838,1207,656,551,737,450,287,1005,480,525,780,375,405,225,105,120
12,000,STATE - ARUNACHAL PRADESH,01,011,0113,"Growing of vegetables and melons, roots and tubers",245,135,110,135,78,57,110,57,53,117,61,56,87,46,41,30,15,15
12,000,STATE - ARUNACHAL PRADESH,01,011,0114,Growing of sugar cane,0,0,0,0,0,0,0,0,0,1,0,1,1,0,1,0,0,0
12,000,STATE - ARUNACHAL PRADESH,01,011,0115,Growing of tobacco,0,0,0,0,0,0,0,0,0,2,0,2,2,0,2,0,0,0
12,000,STATE - ARUNACHAL PRADESH,01,011,0119,Growing of other non-perennial crop,13,13,0,9,9,0,4,4,0,6,6,0,6,6,0,0,0,0
12,000,STATE - ARUNACHAL PRADESH,01,012,0122,Growing of tropical and subtropical fruits,58,41,17,45,29,16,13,12,1,7,7,0,7,7,0,0,0,0
12,000,STATE - ARUNACHAL PRADESH,01,012,0123,Growing of citrus fruits,54,42,12,43,34,9,11,8,3,34,15,19,33,14,19,1,1,0
12,000,STATE - ARUNACHAL PRADESH,01,012,0124,Growing of pome fruits and stone fruits,62,44,18,51,35,16,11,9,2,12,10,2,11,9,2,1,1,0
12,000,STATE - ARUNACHAL PRADESH,01,012,0125,Growing of other tree and bush fruits and nuts,46,38,8,25,22,3,21,16,5,3,3,0,2,2,0,1,1,0
12,000,STATE - ARUNACHAL PRADESH,01,012,0126,Growing of oleaginous fruits,47,34,13,33,26,7,14,8,6,1,1,0,1,1,0,0,0,0
12,000,STATE - ARUNACHAL PRADESH,01,012,0127,Growing of beverage crops,7073,4266,2807,6899,4130,2769,174,136,38,937,206,731,927,199,728,10,7,3
12,000,STATE - ARUNACHAL PRADESH,01,012,0128,"Growing of spices, aromatic, drug and pharmaceutical crops",17,8,9,2,1,1,15,7,8,38,12,26,36,12,24,2,0,2
12,000,STATE - ARUNACHAL PRADESH,01,012,0129,Growing of other perennial crops,65,30,35,54,22,32,11,8,3,10,7,3,10,7,3,0,0,0
12,000,STATE - ARUNACHAL PRADESH,01,013,0130,Plant propagation,125,91,34,60,41,19,65,50,15,26,16,10,20,11,9,6,5,1
12,000,STATE - ARUNACHAL PRADESH,01,014,0141,Raising of cattle and buffaloes,929,747,182,828,671,157,101,76,25,168,88,80,155,78,77,13,10,3
12,000,STATE - ARUNACHAL PRADESH,01,014,0142,Raising of horses and other equines,3,3,0,2,2,0,1,1,0,0,0,0,0,0,0,0,0,0
12,000,STATE - ARUNACHAL PRADESH,01,014,0144,Raising of sheep and goats,41,33,8,37,30,7,4,3,1,6,4,2,5,3,2,1,1,0
12,000,STATE - ARUNACHAL PRADESH,01,014,0145,Raising of swine/pigs,43,34,9,35,30,5,8,4,4,16,2,14,13,2,11,3,0,3
12,000,STATE - ARUNACHAL PRADESH,01,014,0146,Raising of poultry,124,103,21,85,72,13,39,31,8,18,9,9,13,6,7,5,3,2
12,000,STATE - ARUNACHAL PRADESH,01,014,0149,Raising of other animals,202,162,40,139,115,24,63,47,16,38,5,33,36,5,31,2,0,2
12,000,STATE - ARUNACHAL PRADESH,01,015,0150,Mixed farming,369,219,150,223,127,96,146,92,54,208,93,115,153,72,81,55,21,34
12,000,STATE - ARUNACHAL PRADESH,01,016,0161,Support activities for crop production,991,689,302,615,439,176,376,250,126,188,103,85,130,71,59,58,32,26
12,000,STATE - ARUNACHAL PRADESH,01,016,0162,Support activities for animal production,26,13,13,18,6,12,8,7,1,0,0,0,0,0,0,0,0,0
12,000,STATE - ARUNACHAL PRADESH,01,016,0163,Post-harvest crop activities,304,216,88,132,101,31,172,115,57,83,49,34,69,46,23,14,3,11
12,000,STATE - ARUNACHAL PRADESH,01,016,0164,Seed processing for propagation,9,9,0,8,8,0,1,1,0,0,0,0,0,0,0,0,0,0
12,000,STATE - ARUNACHAL PRADESH,01,017,0170,"Hunting, trapping and related service activities",6,6,0,5,5,0,1,1,0,18,18,0,18,18,0,0,0,0
12,000,STATE - ARUNACHAL PRADESH,02,021,0210,Silviculture and other forestry activities,207,146,61,70,58,12,137,88,49,8,6,2,6,4,2,2,2,0
12,000,STATE - ARUNACHAL PRADESH,02,022,0220,Logging,206,197,9,164,157,7,42,40,2,98,76,22,87,72,15,11,4,7
12,000,STATE - ARUNACHAL PRADESH,02,023,0230,Gathering of non-wood forest products,71,63,8,56,54,2,15,9,6,5,5,0,3,3,0,2,2,0
12,000,STATE - ARUNACHAL PRADESH,02,024,0240,Support services to forestry,2989,2306,683,1377,1129,248,1612,1177,435,156,79,77,102,56,46,54,23,31
12,000,STATE - ARUNACHAL PRADESH,03,031,0311,Marine fishing,110,100,10,56,51,5,54,49,5,11,11,0,7,7,0,4,4,0
12,000,STATE - ARUNACHAL PRADESH,03,031,0312,Freash water fishing,130,125,5,36,33,3,94,92,2,65,57,8,61,53,8,4,4,0
12,000,STATE - ARUNACHAL PRADESH,03,032,0321,Marine aquaculture,3,2,1,2,1,1,1,1,0,0,0,0,0,0,0,0,0,0
12,000,STATE - ARUNACHAL PRADESH,03,032,0322,Freshwater aquaculture,32,30,2,22,21,1,10,9,1,7,6,1,7,6,1,0,0,0
12,000,STATE - ARUNACHAL PRADESH,05,051,0510,Mining of hard coal,61,55,6,47,46,1,14,9,5,13,5,8,13,5,8,0,0,0
12,000,STATE - ARUNACHAL PRADESH,05,052,0520,Mining of lignite,2,2,0,1,1,0,1,1,0,0,0,0,0,0,0,0,0,0
12,000,STATE - ARUNACHAL PRADESH,06,061,0610,Extraction of crude petroleum,108,102,6,79,73,6,29,29,0,1,0,1,0,0,0,1,0,1
12,000,STATE - ARUNACHAL PRADESH,06,062,0620,Extraction of natural gas,6,6,0,4,4,0,2,2,0,0,0,0,0,0,0,0,0,0
12,000,STATE - ARUNACHAL PRADESH,07,072,0729,Mining of other non-ferrous metal ores,1,1,0,0,0,0,1,1,0,0,0,0,0,0,0,0,0,0
12,000,STATE - ARUNACHAL PRADESH,08,081,0810,"Quarrying of stone, sand and clay",590,500,90,497,428,69,93,72,21,91,42,49,72,32,40,19,10,9
12,000,STATE - ARUNACHAL PRADESH,08,089,0891,Mining of chemical and fertilizer minerals,0,0,0,0,0,0,0,0,0,1,1,0,1,1,0,0,0,0
12,000,STATE - ARUNACHAL PRADESH,08,089,0899,Other mining and quarrying n.e.c.,90,73,17,70,56,14,20,17,3,6,5,1,4,4,0,2,1,1
12,000,STATE - ARUNACHAL PRADESH,09,091,0910,Support activities for petroleum and natural gas mining,11,11,0,10,10,0,1,1,0,0,0,0,0,0,0,0,0,0
12,000,STATE - ARUNACHAL PRADESH,09,099,0990,Support activities for other mining and quarrying,48,43,5,40,38,2,8,5,3,9,9,0,9,9,0,0,0,0
12,000,STATE - ARUNACHAL PRADESH,10,101,1010,Processing and preserving of meat,9,9,0,5,5,0,4,4,0,13,0,13,12,0,12,1,0,1
12,000,STATE - ARUNACHAL PRADESH,10,102,1020,"Processing and preserving of fish, crustaceans and molluscs and",1,1,0,1,1,0,0,0,0,6,6,0,6,6,0,0,0,0
12,000,STATE - ARUNACHAL PRADESH,10,103,1030,Processing and preserving of fruit and vegetables,146,112,34,84,54,30,62,58,4,58,43,15,40,26,14,18,17,1
12,000,STATE - ARUNACHAL PRADESH,10,104,1040,Manufacture of vegetable and animal oils and fats,0,0,0,0,0,0,0,0,0,1,1,0,0,0,0,1,1,0
12,000,STATE - ARUNACHAL PRADESH,10,105,1050,Manufacture of dairy products,156,109,47,116,83,33,40,26,14,65,26,39,54,18,36,11,8,3
12,000,STATE - ARUNACHAL PRADESH,10,106,1061,Manufacture of grain mill products,438,262,176,390,222,168,48,40,8,122,47,75,110,41,69,12,6,6
12,000,STATE - ARUNACHAL PRADESH,10,106,1062,Manufacture of starches and starch products,4,2,2,3,1,2,1,1,0,3,2,1,2,1,1,1,1,0
12,000,STATE - ARUNACHAL PRADESH,10,107,1071,Manufacture of bakery products,133,121,12,52,45,7,81,76,5,12,9,3,1,0,1,11,9,2
12,000,STATE - ARUNACHAL PRADESH,10,107,1072,Manufacture of sugar,1,0,1,1,0,1,0,0,0,1,0,1,0,0,0,1,0,1
12,000,STATE - ARUNACHAL PRADESH,10,107,1073,"Manufacture of cocoa, chocolate and sugar confectionery",13,13,0,7,7,0,6,6,0,0,0,0,0,0,0,0,0,0
12,000,STATE - ARUNACHAL PRADESH,10,107,1074,"Manufacture of macaroni, noodles, couscous and similar farinaceous",1,1,0,1,1,0,0,0,0,0,0,0,0,0,0,0,0,0
12,000,STATE - ARUNACHAL PRADESH,10,107,1075,Manufacture of prepared meals and dishes,157,107,50,75,52,23,82,55,27,52,28,24,33,16,17,19,12,7
12,000,STATE - ARUNACHAL PRADESH,10,107,1079,Manufacture of other food products n.e.c.,292,204,88,240,172,68,52,32,20,41,23,18,17,8,9,24,15,9
12,000,STATE - ARUNACHAL PRADESH,11,110,1101,"Distilling, rectifying and blending of spirits; ethyl alcohol production",20,8,12,6,2,4,14,6,8,4,2,2,2,2,0,2,0,2
12,000,STATE - ARUNACHAL PRADESH,11,110,1102,Manufacture of wines,2,0,2,2,0,2,0,0,0,2,0,2,0,0,0,2,0,2
12,000,STATE - ARUNACHAL PRADESH,11,110,1103,Manufacture of malt liquors and malt,3,3,0,0,0,0,3,3,0,2,0,2,0,0,0,2,0,2
12,000,STATE - ARUNACHAL PRADESH,11,110,1104,Manufacture of soft drinks; production of mineral waters and other,11,10,1,0,0,0,11,10,1,2,1,1,2,1,1,0,0,0
12,000,STATE - ARUNACHAL PRADESH,12,120,1200,Manufacture of tobacco products,1,1,0,1,1,0,0,0,0,1,0,1,1,0,1,0,0,0
12,000,STATE - ARUNACHAL PRADESH,13,131,1311,Preparation and spinning of textile fibres,312,226,86,188,124,64,124,102,22,162,99,63,71,36,35,91,63,28
12,000,STATE - ARUNACHAL PRADESH,13,131,1312,Weaving of textiles,260,46,214,151,28,123,109,18,91,229,15,214,194,14,180,35,1,34
12,000,STATE - ARUNACHAL PRADESH,13,131,1313,Finishing of textiles,49,17,32,28,8,20,21,9,12,40,3,37,40,3,37,0,0,0
12,000,STATE - ARUNACHAL PRADESH,13,139,1391,Manufacture of knitted and crocheted fabrics,25,1,24,21,0,21,4,1,3,4,0,4,1,0,1,3,0,3
12,000,STATE - ARUNACHAL PRADESH,13,139,1392,"Manufacture of made-up textile articles, except apparel",62,51,11,16,10,6,46,41,5,3,1,2,3,1,2,0,0,0
12,000,STATE - ARUNACHAL PRADESH,13,139,1393,Manufacture of carpets and rugs,40,13,27,27,8,19,13,5,8,24,5,19,18,4,14,6,1,5
12,000,STATE - ARUNACHAL PRADESH,13,139,1394,"Manufacture of cordage, rope, twine and netting",2,1,1,2,1,1,0,0,0,4,3,1,4,3,1,0,0,0
12,000,STATE - ARUNACHAL PRADESH,13,139,1399,Manufacture of other textiles n.e.c.,25,9,16,13,3,10,12,6,6,12,0,12,9,0,9,3,0,3
12,000,STATE - ARUNACHAL PRADESH,14,141,1410,"Manufacture of wearing apparel, except fur apparel",867,771,96,326,281,45,541,490,51,99,62,37,60,39,21,39,23,16
12,000,STATE - ARUNACHAL PRADESH,14,142,1420,Manufacture of articles of fur,5,4,1,4,4,0,1,0,1,4,1,3,2,1,1,2,0,2
12,000,STATE - ARUNACHAL PRADESH,14,143,1430,Manufacture of knitted and crocheted apparel,5,3,2,2,1,1,3,2,1,14,0,14,14,0,14,0,0,0
12,000,STATE - ARUNACHAL PRADESH,15,151,1511,Tanning and dressing of leather; dressing and dyeing of fur,9,1,8,8,0,8,1,1,0,8,0,8,8,0,8,0,0,0
12,000,STATE - ARUNACHAL PRADESH,15,151,1512,"Manufacture of luggage, handbags and the like, saddlery and harness",7,4,3,3,0,3,4,4,0,2,1,1,0,0,0,2,1,1
12,000,STATE - ARUNACHAL PRADESH,15,152,1520,Manufacture of footwear,43,21,22,14,3,11,29,18,11,20,4,16,19,3,16,1,1,0
12,000,STATE - ARUNACHAL PRADESH,16,161,1610,Saw milling and planing of wood,714,615,99,422,347,75,292,268,24,174,151,23,150,140,10,24,11,13
12,000,STATE - ARUNACHAL PRADESH,16,162,1621,"Manufacture of veneer sheets; manufacture of plywood, laminboard,",418,337,81,148,104,44,270,233,37,11,5,6,0,0,0,11,5,6
12,000,STATE - ARUNACHAL PRADESH,16,162,1622,Manufacture of builders carpentry and joinery,21,21,0,17,17,0,4,4,0,13,13,0,13,13,0,0,0,0
12,000,STATE - ARUNACHAL PRADESH,16,162,1623,Manufacture of wooden containers,141,107,34,66,52,14,75,55,20,65,46,19,51,38,13,14,8,6
12,000,STATE - ARUNACHAL PRADESH,16,162,1629,"Manufacture of other products of wood; manufacture of articles of cork,",538,458,80,246,195,51,292,263,29,170,117,53,88,61,27,82,56,26
12,000,STATE - ARUNACHAL PRADESH,17,170,1701,"Manufacture of pulp, paper and paperboard",1,1,0,1,1,0,0,0,0,0,0,0,0,0,0,0,0,0
12,000,STATE - ARUNACHAL PRADESH,17,170,1702,Manufacture of corrugated paper and paperboard and containers of,11,9,2,8,6,2,3,3,0,0,0,0,0,0,0,0,0,0
12,000,STATE - ARUNACHAL PRADESH,17,170,1709,Manufacture of other articles of paper and paperboard,2,0,2,2,0,2,0,0,0,3,2,1,2,2,0,1,0,1
12,000,STATE - ARUNACHAL PRADESH,18,181,1811,Printing,40,32,8,1,1,0,39,31,8,1,1,0,0,0,0,1,1,0
12,000,STATE - ARUNACHAL PRADESH,18,181,1812,Service activities related to printing,48,38,10,2,2,0,46,36,10,5,3,2,2,2,0,3,1,2
12,000,STATE - ARUNACHAL PRADESH,19,191,1910,Manufacture of coke oven products,2,2,0,1,1,0,1,1,0,0,0,0,0,0,0,0,0,0
12,000,STATE - ARUNACHAL PRADESH,19,192,1920,Manufacture of refined petroleum products,77,77,0,66,66,0,11,11,0,11,7,4,9,7,2,2,0,2
12,000,STATE - ARUNACHAL PRADESH,20,201,2011,Manufacture of basic chemicals,3,3,0,0,0,0,3,3,0,0,0,0,0,0,0,0,0,0
12,000,STATE - ARUNACHAL PRADESH,20,202,2021,Manufacture of pesticides and other agrochemical products,1,1,0,1,1,0,0,0,0,0,0,0,0,0,0,0,0,0
12,000,STATE - ARUNACHAL PRADESH,20,202,2022,"Manufacture of paints, varnishes and similar coatings, printing ink and",7,5,2,3,2,1,4,3,1,0,0,0,0,0,0,0,0,0
12,000,STATE - ARUNACHAL PRADESH,20,202,2023,"Manufacture of soap and detergents, cleaning and polishing preparations,",29,28,1,11,10,1,18,18,0,3,1,2,1,1,0,2,0,2
12,000,STATE - ARUNACHAL PRADESH,20,202,2029,Manufacture of other chemical products n.e.c.,1,1,0,0,0,0,1,1,0,0,0,0,0,0,0,0,0,0
12,000,STATE - ARUNACHAL PRADESH,21,210,2100,"Manufacture of pharmaceuticals, medicinal chemical and botanical",2,0,2,2,0,2,0,0,0,1,1,0,0,0,0,1,1,0
12,000,STATE - ARUNACHAL PRADESH,22,221,2211,Manufacture of rubber tyres and tubes; retreading and rebuilding of,41,41,0,26,26,0,15,15,0,0,0,0,0,0,0,0,0,0
12,000,STATE - ARUNACHAL PRADESH,22,221,2219,Manufacture of other rubber products,5,5,0,4,4,0,1,1,0,0,0,0,0,0,0,0,0,0
12,000,STATE - ARUNACHAL PRADESH,23,239,2391,Manufacture of refractory products,21,15,6,17,13,4,4,2,2,10,5,5,10,5,5,0,0,0
12,000,STATE - ARUNACHAL PRADESH,23,239,2392,Manufacture of clay building materials,4,4,0,3,3,0,1,1,0,2,0,2,1,0,1,1,0,1
12,000,STATE - ARUNACHAL PRADESH,23,239,2393,Manufacture of other porcelain and ceramic products,1,1,0,0,0,0,1,1,0,3,3,0,0,0,0,3,3,0
12,000,STATE - ARUNACHAL PRADESH,23,239,2394,"Manufacture of cement, lime and plaster",13,13,0,13,13,0,0,0,0,1,1,0,0,0,0,1,1,0
12,000,STATE - ARUNACHAL PRADESH,23,239,2395,"Manufacture of articles of concrete, cement and plaster",6,6,0,6,6,0,0,0,0,0,0,0,0,0,0,0,0,0
12,000,STATE - ARUNACHAL PRADESH,23,239,2396,"Cutting, shaping and finishing of stone",37,28,9,36,27,9,1,1,0,0,0,0,0,0,0,0,0,0
12,000,STATE - ARUNACHAL PRADESH,23,239,2399,Manufacture of other non-metallic mineral products n.e.c.,14,13,1,12,12,0,2,1,1,0,0,0,0,0,0,0,0,0
12,000,STATE - ARUNACHAL PRADESH,24,241,2410,Manufacture of basic iron and steel,320,308,12,286,278,8,34,30,4,24,21,3,20,18,2,4,3,1
12,000,STATE - ARUNACHAL PRADESH,24,242,2420,Manufacture of basic precious and other non-ferrous metals,6,6,0,6,6,0,0,0,0,0,0,0,0,0,0,0,0,0
12,000,STATE - ARUNACHAL PRADESH,24,243,2431,Casting of iron and steel,28,24,4,23,19,4,5,5,0,5,0,5,5,0,5,0,0,0
12,000,STATE - ARUNACHAL PRADESH,25,251,2511,Manufacture of structural metal products,43,41,2,21,19,2,22,22,0,9,5,4,4,0,4,5,5,0
12,000,STATE - ARUNACHAL PRADESH,25,251,2512,"Manufacture of tanks, reservoirs and containers of metal",4,4,0,1,1,0,3,3,0,0,0,0,0,0,0,0,0,0
12,000,STATE - ARUNACHAL PRADESH,25,259,2591,"Forging, pressing, stamping and roll-forming of metal; powder",0,0,0,0,0,0,0,0,0,1,1,0,0,0,0,1,1,0
12,000,STATE - ARUNACHAL PRADESH,25,259,2592,Machining; treatment and coating of metals,1,1,0,0,0,0,1,1,0,0,0,0,0,0,0,0,0,0
12,000,STATE - ARUNACHAL PRADESH,25,259,2593,"Manufacture of cutlery, hand tools and general hardware",304,285,19,181,171,10,123,114,9,43,30,13,20,13,7,23,17,6
12,000,STATE - ARUNACHAL PRADESH,25,259,2599,Manufacture of other fabricated metal products n.e.c.,52,47,5,14,14,0,38,33,5,5,3,2,1,1,0,4,2,2
12,000,STATE - ARUNACHAL PRADESH,26,261,2610,Manufacture of electronic components,3,3,0,0,0,0,3,3,0,0,0,0,0,0,0,0,0,0
12,000,STATE - ARUNACHAL PRADESH,26,262,2620,Manufacture of computers and peripheral equipment,5,4,1,2,2,0,3,2,1,0,0,0,0,0,0,0,0,0
12,000,STATE - ARUNACHAL PRADESH,26,263,2630,Manufacture of communication equipment,6,6,0,3,3,0,3,3,0,0,0,0,0,0,0,0,0,0
12,000,STATE - ARUNACHAL PRADESH,26,264,2640,Manufacture of consumer electronics,2,2,0,0,0,0,2,2,0,0,0,0,0,0,0,0,0,0
12,000,STATE - ARUNACHAL PRADESH,27,271,2710,"Manufacture of electric motors, generators, transformers and electricity",6,6,0,6,6,0,0,0,0,0,0,0,0,0,0,0,0,0
12,000,STATE - ARUNACHAL PRADESH,27,272,2720,Manufacture of batteries and accumulators,4,4,0,2,2,0,2,2,0,0,0,0,0,0,0,0,0,0
12,000,STATE - ARUNACHAL PRADESH,27,275,2750,Manufacture of domestic appliances,2,2,0,1,1,0,1,1,0,0,0,0,0,0,0,0,0,0
12,000,STATE - ARUNACHAL PRADESH,28,281,2815,"Manufacture of ovens, furnaces and furnace burners",1,1,0,0,0,0,1,1,0,0,0,0,0,0,0,0,0,0
12,000,STATE - ARUNACHAL PRADESH,28,282,2821,Manufacture of agricultural and forestry machinery,1,1,0,0,0,0,1,1,0,0,0,0,0,0,0,0,0,0
12,000,STATE - ARUNACHAL PRADESH,28,282,2822,Manufacture of metal-forming machinery and machine tools,1,1,0,1,1,0,0,0,0,0,0,0,0,0,0,0,0,0
12,000,STATE - ARUNACHAL PRADESH,28,282,2825,"Manufacture of machinery for food, beverage and tobacco processing",2,1,1,0,0,0,2,1,1,0,0,0,0,0,0,0,0,0
12,000,STATE - ARUNACHAL PRADESH,28,282,2826,"Manufacture of machinery for textile, apparel and leather production",1,0,1,0,0,0,1,0,1,0,0,0,0,0,0,0,0,0
12,000,STATE - ARUNACHAL PRADESH,28,282,2829,Manufacture of other special-purpose machinery,1,1,0,0,0,0,1,1,0,0,0,0,0,0,0,0,0,0
12,000,STATE - ARUNACHAL PRADESH,30,301,3011,Building of ships and floating structures,4,4,0,2,2,0,2,2,0,1,1,0,0,0,0,1,1,0
12,000,STATE - ARUNACHAL PRADESH,30,302,3020,Manufacture of railway locomotives and rolling stock,2,0,2,0,0,0,2,0,2,0,0,0,0,0,0,0,0,0
12,000,STATE - ARUNACHAL PRADESH,30,309,3099,Manufacture of other transport equipment n.e.c.,53,53,0,34,34,0,19,19,0,18,18,0,7,7,0,11,11,0
12,000,STATE - ARUNACHAL PRADESH,31,310,3100,Manufacture of furniture,1962,1925,37,917,901,16,1045,1024,21,389,367,22,183,172,11,206,195,11
12,000,STATE - ARUNACHAL PRADESH,32,321,3211,Manufacture of jewellery and related articles,195,185,10,34,34,0,161,151,10,23,16,7,2,0,2,21,16,5
12,000,STATE - ARUNACHAL PRADESH,32,321,3212,Manufacture of imitation jewellery and related articles,3,3,0,2,2,0,1,1,0,2,0,2,2,0,2,0,0,0
12,000,STATE - ARUNACHAL PRADESH,32,322,3220,Manufacture of musical instruments,3,3,0,0,0,0,3,3,0,0,0,0,0,0,0,0,0,0
12,000,STATE - ARUNACHAL PRADESH,32,324,3240,Manufacture of games and toys,1,1,0,0,0,0,1,1,0,0,0,0,0,0,0,0,0,0
12,000,STATE - ARUNACHAL PRADESH,32,329,3290,Other manufacturing n.e.c.,67,49,18,32,21,11,35,28,7,19,17,2,10,9,1,9,8,1
12,000,STATE - ARUNACHAL PRADESH,33,331,3311,Repair of fabricated metal products,41,38,3,31,28,3,10,10,0,8,4,4,5,3,2,3,1,2
12,000,STATE - ARUNACHAL PRADESH,33,331,3312,Repair of machinery,15,12,3,4,2,2,11,10,1,0,0,0,0,0,0,0,0,0
12,000,STATE - ARUNACHAL PRADESH,33,331,3313,Repair of electronic and optical equipment,9,9,0,0,0,0,9,9,0,7,6,1,0,0,0,7,6,1
12,000,STATE - ARUNACHAL PRADESH,33,331,3314,Repair of electrical equipment,139,123,16,115,101,14,24,22,2,10,6,4,8,4,4,2,2,0
12,000,STATE - ARUNACHAL PRADESH,33,331,3315,"Repair of transport equipment, except motor vehicles",23,17,6,19,13,6,4,4,0,3,3,0,0,0,0,3,3,0
12,000,STATE - ARUNACHAL PRADESH,33,331,3319,Repair of other equipment,24,24,0,3,3,0,21,21,0,2,2,0,0,0,0,2,2,0
12,000,STATE - ARUNACHAL PRADESH,33,332,3320,Installation of industrial machinery and equipment,3,3,0,0,0,0,3,3,0,0,0,0,0,0,0,0,0,0
12,000,STATE - ARUNACHAL PRADESH,35,351,3510,"Electric power generation, transmission and distribution",10441,8430,2011,6504,5542,962,3937,2888,1049,508,327,181,368,267,101,140,60,80
12,000,STATE - ARUNACHAL PRADESH,35,352,3520,Manufacture of gas; distribution of gaseous fuels through mains,29,26,3,10,7,3,19,19,0,0,0,0,0,0,0,0,0,0
12,000,STATE - ARUNACHAL PRADESH,35,353,3530,Steam and air conditioning supply,24,14,10,19,11,8,5,3,2,0,0,0,0,0,0,0,0,0
12,000,STATE - ARUNACHAL PRADESH,36,360,3600,"Water collection, treatment and supply",3618,2872,746,1792,1506,286,1826,1366,460,141,90,51,91,62,29,50,28,22
12,000,STATE - ARUNACHAL PRADESH,37,370,3700,Sewerage,12,10,2,5,4,1,7,6,1,16,12,4,9,5,4,7,7,0
12,000,STATE - ARUNACHAL PRADESH,38,381,3811,Collection of non-hazardous waste,55,47,8,6,6,0,49,41,8,31,20,11,23,14,9,8,6,2
12,000,STATE - ARUNACHAL PRADESH,38,381,3812,Collection of hazardous waste,20,18,2,4,2,2,16,16,0,2,2,0,0,0,0,2,2,0
12,000,STATE - ARUNACHAL PRADESH,38,382,3822,Treatment and disposal of hazardous waste,2,2,0,1,1,0,1,1,0,0,0,0,0,0,0,0,0,0
12,000,STATE - ARUNACHAL PRADESH,39,390,3900,Remediation activities and other waste management services,5,4,1,4,3,1,1,1,0,0,0,0,0,0,0,0,0,0
12,000,STATE - ARUNACHAL PRADESH,41,410,4100,Construction of buildings,9201,7996,1205,5135,4365,770,4066,3631,435,1725,1396,329,994,794,200,731,602,129
12,000,STATE - ARUNACHAL PRADESH,42,421,4210,Construction roads and railways,18608,13619,4989,13226,9557,3669,5382,4062,1320,1914,1215,699,1606,1000,606,308,215,93
12,000,STATE - ARUNACHAL PRADESH,42,422,4220,Construction of utility projects,233,194,39,112,98,14,121,96,25,18,16,2,5,5,0,13,11,2
12,000,STATE - ARUNACHAL PRADESH,42,429,4290,Construction of other civil engineering projects,1423,1208,215,899,760,139,524,448,76,330,223,107,200,126,74,130,97,33
12,000,STATE - ARUNACHAL PRADESH,43,431,4312,Site preparation,40,33,7,23,17,6,17,16,1,16,16,0,15,15,0,1,1,0
12,000,STATE - ARUNACHAL PRADESH,43,432,4321,Electrical installation,139,139,0,74,74,0,65,65,0,18,13,5,5,4,1,13,9,4
12,000,STATE - ARUNACHAL PRADESH,43,432,4322,"Plumbing, heat and air-conditioning installation",140,136,4,68,64,4,72,72,0,7,7,0,2,2,0,5,5,0
12,000,STATE - ARUNACHAL PRADESH,43,432,4329,Other construction installation,1867,1411,456,1035,761,274,832,650,182,709,503,206,426,292,134,283,211,72
12,000,STATE - ARUNACHAL PRADESH,43,433,4330,Building completion and finishing,529,491,38,197,172,25,332,319,13,105,95,10,44,41,3,61,54,7
12,000,STATE - ARUNACHAL PRADESH,43,439,4390,Other specialized construction activities,58,50,8,32,26,6,26,24,2,23,22,1,20,19,1,3,3,0
12,000,STATE - ARUNACHAL PRADESH,45,451,4510,Sale of motor vehicles,100,85,15,9,8,1,91,77,14,16,16,0,6,6,0,10,10,0
12,000,STATE - ARUNACHAL PRADESH,45,452,4520,Maintenance and repair of motor vehicles,1075,1060,15,293,291,2,782,769,13,130,110,20,25,20,5,105,90,15
12,000,STATE - ARUNACHAL PRADESH,45,453,4530,Sale of motor vehicle parts and accessories,152,142,10,19,16,3,133,126,7,11,6,5,6,6,0,5,0,5
12,000,STATE - ARUNACHAL PRADESH,45,454,4540,"Sale, maintenance and repair of motorcycles and related parts and",188,185,3,68,68,0,120,117,3,45,44,1,21,21,0,24,23,1
12,000,STATE - ARUNACHAL PRADESH,46,461,4610,Wholesale on a fee or contract basis,29,21,8,14,13,1,15,8,7,10,5,5,6,1,5,4,4,0
12,000,STATE - ARUNACHAL PRADESH,46,462,4620,Wholesale of agricultural raw materials and live animals,81,68,13,15,14,1,66,54,12,8,6,2,7,5,2,1,1,0
12,000,STATE - ARUNACHAL PRADESH,46,463,4630,"Wholesale of food, beverages and tobacco",111,100,11,71,68,3,40,32,8,4,2,2,2,0,2,2,2,0
12,000,STATE - ARUNACHAL PRADESH,46,464,4641,"Wholesale of textiles, clothing and footwear",11,8,3,3,2,1,8,6,2,4,2,2,4,2,2,0,0,0
12,000,STATE - ARUNACHAL PRADESH,46,464,4649,Wholesale of other household goods,197,173,24,72,61,11,125,112,13,11,10,1,2,1,1,9,9,0
12,000,STATE - ARUNACHAL PRADESH,46,465,4653,"Wholesale of agricultural machinery, equipment and supplies",0,0,0,0,0,0,0,0,0,1,1,0,1,1,0,0,0,0
12,000,STATE - ARUNACHAL PRADESH,46,465,4659,Wholesale of other machinery and equipment,81,77,4,33,31,2,48,46,2,27,21,6,12,12,0,15,9,6
12,000,STATE - ARUNACHAL PRADESH,46,466,4661,"Wholesale of solid, liquid and gaseous fuels and related products",17,17,0,10,10,0,7,7,0,1,1,0,1,1,0,0,0,0
12,000,STATE - ARUNACHAL PRADESH,46,466,4663,"Wholesale of construction materials, hardware, plumbing and heating",73,70,3,25,25,0,48,45,3,8,6,2,4,2,2,4,4,0
12,000,STATE - ARUNACHAL PRADESH,46,466,4669,Wholesale of waste and scrap and other products n.e.c.,22,19,3,4,4,0,18,15,3,10,7,3,1,1,0,9,6,3
12,000,STATE - ARUNACHAL PRADESH,46,469,4690,Non-specialized wholesale trade,248,218,30,97,83,14,151,135,16,39,35,4,8,8,0,31,27,4
12,000,STATE - ARUNACHAL PRADESH,47,471,4711,"Retail sale in non-specialized stores with food, beverages or tobacco",2745,2095,650,1341,938,403,1404,1157,247,358,197,161,166,88,78,192,109,83
12,000,STATE - ARUNACHAL PRADESH,47,471,4719,Other retail sale in non-specialized stores,3958,3030,928,1882,1360,522,2076,1670,406,576,364,212,225,122,103,351,242,109
12,000,STATE - ARUNACHAL PRADESH,47,472,4721,Retail sale of food in specialized stores,2529,1920,609,918,678,240,1611,1242,369,394,203,191,182,88,94,212,115,97
12,000,STATE - ARUNACHAL PRADESH,47,472,4722,Retail sale of beverages in specialized stores,320,254,66,89,61,28,231,193,38,44,33,11,16,13,3,28,20,8
12,000,STATE - ARUNACHAL PRADESH,47,472,4723,Retail sale of tobacco products in specialized stores,255,175,80,128,94,34,127,81,46,28,11,17,10,8,2,18,3,15
12,000,STATE - ARUNACHAL PRADESH,47,473,4730,Retail sale of automotive fuel in specialized stores,216,208,8,93,88,5,123,120,3,11,10,1,5,4,1,6,6,0
12,000,STATE - ARUNACHAL PRADESH,47,474,4741,"Retail sale of computers, peripheral units, software and",167,149,18,36,28,8,131,121,10,19,14,5,9,6,3,10,8,2
12,000,STATE - ARUNACHAL PRADESH,47,474,4742,Retail sale of audio and video equipment in specialized stores,25,24,1,9,8,1,16,16,0,3,3,0,1,1,0,2,2,0
12,000,STATE - ARUNACHAL PRADESH,47,475,4751,Retail sale of textiles in specialized stores,23,13,10,13,6,7,10,7,3,12,6,6,0,0,0,12,6,6
12,000,STATE - ARUNACHAL PRADESH,47,475,4752,"Retail sale of hardware, paints and glass in specialized stores",544,520,24,148,144,4,396,376,20,60,50,10,24,22,2,36,28,8
12,000,STATE - ARUNACHAL PRADESH,47,475,4753,"Retail sale of carpets, rugs, wall and floor coverings in specialized",6,5,1,1,1,0,5,4,1,1,0,1,0,0,0,1,0,1
12,000,STATE - ARUNACHAL PRADESH,47,475,4759,"Retail sale of electrical household appliances, furniture, lighting",426,399,27,81,71,10,345,328,17,27,25,2,6,5,1,21,20,1
12,000,STATE - ARUNACHAL PRADESH,47,476,4761,"Retail sale of books, newspapers and stationary in specialized stores",317,270,47,88,69,19,229,201,28,48,35,13,30,17,13,18,18,0
12,000,STATE - ARUNACHAL PRADESH,47,476,4762,Retail sale of music and video recordings in specialized stores,12,10,2,0,0,0,12,10,2,0,0,0,0,0,0,0,0,0
12,000,STATE - ARUNACHAL PRADESH,47,476,4763,Retail sale of sporting equipment in specialized stores,8,8,0,0,0,0,8,8,0,2,2,0,1,1,0,1,1,0
12,000,STATE - ARUNACHAL PRADESH,47,476,4764,Retail sale of games and toys in specialized stores,7,5,2,0,0,0,7,5,2,1,0,1,0,0,0,1,0,1
12,000,STATE - ARUNACHAL PRADESH,47,477,4771,"Retail sale of clothing, footwear and leather articles in specialized",2271,1706,565,574,392,182,1697,1314,383,245,143,102,64,32,32,181,111,70
12,000,STATE - ARUNACHAL PRADESH,47,477,4772,"Retail sale of pharmaceutical and medical goods, cosmetic and toilet",925,789,136,252,199,53,673,590,83,80,58,22,35,25,10,45,33,12
12,000,STATE - ARUNACHAL PRADESH,47,477,4773,Other retail sale of new goods in specialized stores,227,195,32,58,47,11,169,148,21,50,23,27,26,13,13,24,10,14
12,000,STATE - ARUNACHAL PRADESH,47,477,4774,Retail sale of second-hand goods,14,13,1,7,7,0,7,6,1,0,0,0,0,0,0,0,0,0
12,000,STATE - ARUNACHAL PRADESH,47,478,4781,"Retail sale via stalls and markets of food, beverages and tobacco",14,6,8,7,1,6,7,5,2,1,1,0,1,1,0,0,0,0
12,000,STATE - ARUNACHAL PRADESH,47,478,4782,"Retail sale via stalls and markets of textiles, clothing and footwear",17,12,5,7,4,3,10,8,2,4,3,1,1,1,0,3,2,1
12,000,STATE - ARUNACHAL PRADESH,47,478,4789,Retail sale via stalls and markets of other goods,587,457,130,283,227,56,304,230,74,129,96,33,38,22,16,91,74,17
12,000,STATE - ARUNACHAL PRADESH,47,479,4791,Retail sale via mail order houses or via Internet,18,17,1,8,8,0,10,9,1,8,2,6,7,1,6,1,1,0
12,000,STATE - ARUNACHAL PRADESH,47,479,4799,"Other retail sale not in stores, stalls or markets",92,73,19,30,22,8,62,51,11,19,13,6,3,2,1,16,11,5
12,000,STATE - ARUNACHAL PRADESH,49,491,4911,Passenger rail transport,28,27,1,26,25,1,2,2,0,0,0,0,0,0,0,0,0,0
12,000,STATE - ARUNACHAL PRADESH,49,491,4912,Freight rail transport,2,2,0,0,0,0,2,2,0,0,0,0,0,0,0,0,0,0
12,000,STATE - ARUNACHAL PRADESH,49,492,4921,Urban or suburban passenger land transport,764,751,13,287,286,1,477,465,12,97,92,5,31,30,1,66,62,4
12,000,STATE - ARUNACHAL PRADESH,49,492,4922,Other passenger land transport,3435,3363,72,1436,1421,15,1999,1942,57,359,345,14,193,186,7,166,159,7
12,000,STATE - ARUNACHAL PRADESH,49,492,4923,Freight transport by road,1464,1452,12,802,794,8,662,658,4,136,131,5,92,89,3,44,42,2
12,000,STATE - ARUNACHAL PRADESH,50,502,5021,Inland passenger water transport,10,10,0,7,7,0,3,3,0,6,6,0,6,6,0,0,0,0
12,000,STATE - ARUNACHAL PRADESH,51,511,5110,Passenger air transport,19,14,5,8,6,2,11,8,3,3,0,3,0,0,0,3,0,3
12,000,STATE - ARUNACHAL PRADESH,51,512,5120,Freight air transport,23,15,8,9,7,2,14,8,6,0,0,0,0,0,0,0,0,0
12,000,STATE - ARUNACHAL PRADESH,52,521,5210,Warehousing and storage,89,79,10,46,42,4,43,37,6,14,12,2,8,8,0,6,4,2
12,000,STATE - ARUNACHAL PRADESH,52,522,5221,Service activities incidental to land transportation,586,540,46,253,234,19,333,306,27,78,67,11,31,23,8,47,44,3
12,000,STATE - ARUNACHAL PRADESH,52,522,5222,Service activities incidental to water transportation,2,0,2,0,0,0,2,0,2,0,0,0,0,0,0,0,0,0
12,000,STATE - ARUNACHAL PRADESH,52,522,5223,Service activities incidental to air transportation,2,0,2,1,0,1,1,0,1,0,0,0,0,0,0,0,0,0
12,000,STATE - ARUNACHAL PRADESH,52,522,5224,Cargo handling,1,1,0,0,0,0,1,1,0,0,0,0,0,0,0,0,0,0
12,000,STATE - ARUNACHAL PRADESH,52,522,5229,Other transportation support activities,80,64,16,18,13,5,62,51,11,10,5,5,8,3,5,2,2,0
12,000,STATE - ARUNACHAL PRADESH,53,531,5310,Postal activities,424,335,89,209,176,33,215,159,56,10,5,5,2,2,0,8,3,5
12,000,STATE - ARUNACHAL PRADESH,53,532,5320,Courier activities,5,5,0,1,1,0,4,4,0,0,0,0,0,0,0,0,0,0
12,000,STATE - ARUNACHAL PRADESH,55,551,5510,Short term accommodation activities,1188,931,257,434,324,110,754,607,147,132,71,61,67,24,43,65,47,18
12,000,STATE - ARUNACHAL PRADESH,55,552,5520,"Camping grounds, recreational vehicle parks and trailer parks",1,1,0,0,0,0,1,1,0,0,0,0,0,0,0,0,0,0
12,000,STATE - ARUNACHAL PRADESH,55,559,5590,Other accommodation,114,51,63,52,30,22,62,21,41,17,2,15,9,1,8,8,1,7
12,000,STATE - ARUNACHAL PRADESH,56,561,5610,Restaurants and mobile food service activities,220,164,56,68,51,17,152,113,39,63,47,16,31,21,10,32,26,6
12,000,STATE - ARUNACHAL PRADESH,56,562,5621,Event catering,38,30,8,22,18,4,16,12,4,9,6,3,6,3,3,3,3,0
12,000,STATE - ARUNACHAL PRADESH,56,562,5629,Other food service activities,70,49,21,45,33,12,25,16,9,9,6,3,8,6,2,1,0,1
12,000,STATE - ARUNACHAL PRADESH,56,563,5630,Beverage serving activities,512,345,167,233,138,95,279,207,72,67,40,27,33,18,15,34,22,12
12,000,STATE - ARUNACHAL PRADESH,58,581,5811,Book publishing,90,61,29,5,5,0,85,56,29,7,7,0,0,0,0,7,7,0
12,000,STATE - ARUNACHAL PRADESH,58,581,5812,Publishing of directories and mailing lists,2,2,0,0,0,0,2,2,0,0,0,0,0,0,0,0,0,0
12,000,STATE - ARUNACHAL PRADESH,58,581,5813,"Publishing of newspapers, journals and periodicals",32,28,4,0,0,0,32,28,4,0,0,0,0,0,0,0,0,0
12,000,STATE - ARUNACHAL PRADESH,58,581,5819,Other publishing activities,3,2,1,1,1,0,2,1,1,1,1,0,0,0,0,1,1,0
12,000,STATE - ARUNACHAL PRADESH,58,582,5820,Software publishing,1,1,0,0,0,0,1,1,0,0,0,0,0,0,0,0,0,0
12,000,STATE - ARUNACHAL PRADESH,59,591,5911,"Motion picture, video and television programme production activities",8,8,0,2,2,0,6,6,0,1,0,1,0,0,0,1,0,1
12,000,STATE - ARUNACHAL PRADESH,59,591,5912,"Motion picture, video and television programme post-production",7,7,0,0,0,0,7,7,0,0,0,0,0,0,0,0,0,0
12,000,STATE - ARUNACHAL PRADESH,59,591,5913,"Motion picture, video and television programme distribution activities",19,15,4,3,3,0,16,12,4,0,0,0,0,0,0,0,0,0
12,000,STATE - ARUNACHAL PRADESH,59,591,5914,Motion picture projection activities,4,3,1,1,0,1,3,3,0,0,0,0,0,0,0,0,0,0
12,000,STATE - ARUNACHAL PRADESH,60,601,6010,Radio broadcasting,190,160,30,25,23,2,165,137,28,3,1,2,3,1,2,0,0,0
12,000,STATE - ARUNACHAL PRADESH,60,602,6020,Television programming and broadcasting activities,62,52,10,21,19,2,41,33,8,9,7,2,0,0,0,9,7,2
12,000,STATE - ARUNACHAL PRADESH,61,611,6110,Wired telecommunications activities,386,320,66,113,88,25,273,232,41,29,19,10,12,10,2,17,9,8
12,000,STATE - ARUNACHAL PRADESH,61,612,6120,Wireless telecommunications activities,110,97,13,52,47,5,58,50,8,22,13,9,3,2,1,19,11,8
12,000,STATE - ARUNACHAL PRADESH,61,613,6130,Satellite telecommunications activities,80,75,5,17,17,0,63,58,5,0,0,0,0,0,0,0,0,0
12,000,STATE - ARUNACHAL PRADESH,61,619,6190,Other telecommunications activities,381,329,52,89,76,13,292,253,39,29,22,7,2,2,0,27,20,7
12,000,STATE - ARUNACHAL PRADESH,62,620,6201,Computer programming activities,6,4,2,0,0,0,6,4,2,4,1,3,0,0,0,4,1,3
12,000,STATE - ARUNACHAL PRADESH,62,620,6202,Computer consultancy and computer facilities management activities,41,31,10,18,15,3,23,16,7,3,2,1,3,2,1,0,0,0
12,000,STATE - ARUNACHAL PRADESH,62,620,6209,Other information technology and computer service activities,14,11,3,6,6,0,8,5,3,1,0,1,0,0,0,1,0,1
12,000,STATE - ARUNACHAL PRADESH,63,631,6311,"Data processing, hosting and related activities",27,18,9,6,6,0,21,12,9,4,2,2,2,1,1,2,1,1
12,000,STATE - ARUNACHAL PRADESH,63,639,6391,News agency activities,2,2,0,1,1,0,1,1,0,0,0,0,0,0,0,0,0,0
12,000,STATE - ARUNACHAL PRADESH,63,639,6399,Other information service activities n.e.c.,98,83,15,40,36,4,58,47,11,10,10,0,7,7,0,3,3,0
12,000,STATE - ARUNACHAL PRADESH,64,641,6419,Other monetary intermediation,1042,786,256,366,280,86,676,506,170,46,25,21,13,6,7,33,19,14
12,000,STATE - ARUNACHAL PRADESH,64,642,6420,Activities of holding companies,10,9,1,1,0,1,9,9,0,0,0,0,0,0,0,0,0,0
12,000,STATE - ARUNACHAL PRADESH,64,643,6430,"Trusts, funds and other financial vehicles",6,5,1,0,0,0,6,5,1,1,0,1,0,0,0,1,0,1
12,000,STATE - ARUNACHAL PRADESH,64,649,6499,"Other financial service activities, except insurance and pension funding",2,2,0,0,0,0,2,2,0,0,0,0,0,0,0,0,0,0
12,000,STATE - ARUNACHAL PRADESH,65,651,6511,Life insurance,183,107,76,43,17,26,140,90,50,28,18,10,3,1,2,25,17,8
12,000,STATE - ARUNACHAL PRADESH,65,651,6512,Non-life insurance,43,30,13,3,2,1,40,28,12,1,0,1,1,0,1,0,0,0
12,000,STATE - ARUNACHAL PRADESH,65,652,6520,Reinsurance,3,3,0,0,0,0,3,3,0,0,0,0,0,0,0,0,0,0
12,000,STATE - ARUNACHAL PRADESH,66,662,6622,Activities of insurance agents and brokers,20,15,5,7,4,3,13,11,2,1,1,0,0,0,0,1,1,0
12,000,STATE - ARUNACHAL PRADESH,66,662,6629,Other activities auxiliary to insurance and pension funding,9,4,5,3,2,1,6,2,4,1,1,0,0,0,0,1,1,0
12,000,STATE - ARUNACHAL PRADESH,66,663,6630,Fund management activities,16,9,7,2,2,0,14,7,7,6,4,2,0,0,0,6,4,2
12,000,STATE - ARUNACHAL PRADESH,68,681,6810,Real estate activities with own or leased property,6,4,2,0,0,0,6,4,2,0,0,0,0,0,0,0,0,0
12,000,STATE - ARUNACHAL PRADESH,68,682,6820,Real estate activities on a fee or contract basis,11,7,4,2,2,0,9,5,4,0,0,0,0,0,0,0,0,0
12,000,STATE - ARUNACHAL PRADESH,69,691,6910,Legal activities,311,261,50,108,90,18,203,171,32,33,22,11,17,14,3,16,8,8
12,000,STATE - ARUNACHAL PRADESH,69,692,6920,"Accounting, bookkeeping and auditing activities; tax consultancy",11,9,2,2,2,0,9,7,2,2,2,0,2,2,0,0,0,0
12,000,STATE - ARUNACHAL PRADESH,71,711,7110,Architectural and engineering activities and related technical,10,9,1,2,2,0,8,7,1,1,0,1,1,0,1,0,0,0
12,000,STATE - ARUNACHAL PRADESH,71,712,7120,Technical testing and analysis,2,2,0,2,2,0,0,0,0,0,0,0,0,0,0,0,0,0
12,000,STATE - ARUNACHAL PRADESH,72,721,7210,Research and experimental development on natural sciences and,9,5,4,0,0,0,9,5,4,0,0,0,0,0,0,0,0,0
12,000,STATE - ARUNACHAL PRADESH,72,722,7220,Research and experimental development on social sciences and,5,1,4,3,0,3,2,1,1,0,0,0,0,0,0,0,0,0
12,000,STATE - ARUNACHAL PRADESH,73,731,7310,Advertising,1,1,0,1,1,0,0,0,0,0,0,0,0,0,0,0,0,0
12,000,STATE - ARUNACHAL PRADESH,74,741,7410,Specialized design activities,7,5,2,2,1,1,5,4,1,0,0,0,0,0,0,0,0,0
12,000,STATE - ARUNACHAL PRADESH,74,742,7420,Photographic activities,78,74,4,6,4,2,72,70,2,2,2,0,1,1,0,1,1,0
12,000,STATE - ARUNACHAL PRADESH,74,749,7490,"Other professional, scientific and technical activities n.e.c.",22,18,4,10,10,0,12,8,4,0,0,0,0,0,0,0,0,0
12,000,STATE - ARUNACHAL PRADESH,75,750,7500,Veterinary activities,910,765,145,528,461,67,382,304,78,20,18,2,18,16,2,2,2,0
12,000,STATE - ARUNACHAL PRADESH,77,771,7710,Renting and leasing of motor vehicles,18,15,3,9,8,1,9,7,2,0,0,0,0,0,0,0,0,0
12,000,STATE - ARUNACHAL PRADESH,77,772,7729,Renting and leasing of other personal and household goods n.e.c.,6,4,2,0,0,0,6,4,2,1,0,1,0,0,0,1,0,1
12,000,STATE - ARUNACHAL PRADESH,79,791,7911,Travel agency activities,33,32,1,12,12,0,21,20,1,6,4,2,0,0,0,6,4,2
12,000,STATE - ARUNACHAL PRADESH,79,791,7912,Tour operator activities,33,28,5,19,15,4,14,13,1,1,0,1,0,0,0,1,0,1
12,000,STATE - ARUNACHAL PRADESH,79,799,7990,Other reservation service and related activities,7,7,0,3,3,0,4,4,0,0,0,0,0,0,0,0,0,0
12,000,STATE - ARUNACHAL PRADESH,80,801,8010,Private security activities,88,81,7,38,33,5,50,48,2,8,8,0,3,3,0,5,5,0
12,000,STATE - ARUNACHAL PRADESH,80,802,8020,Security systems service activities,9,8,1,3,3,0,6,5,1,0,0,0,0,0,0,0,0,0
12,000,STATE - ARUNACHAL PRADESH,80,803,8030,Investigation activities,2,1,1,0,0,0,2,1,1,0,0,0,0,0,0,0,0,0
12,000,STATE - ARUNACHAL PRADESH,81,811,8110,Combined facilities support activities,20,9,11,7,3,4,13,6,7,4,0,4,0,0,0,4,0,4
12,000,STATE - ARUNACHAL PRADESH,81,812,8121,General cleaning of buildings,9,7,2,1,0,1,8,7,1,6,4,2,3,3,0,3,1,2
12,000,STATE - ARUNACHAL PRADESH,81,812,8129,Other building and industrial cleaning activities,32,19,13,9,8,1,23,11,12,9,8,1,6,6,0,3,2,1
12,000,STATE - ARUNACHAL PRADESH,82,821,8211,Combined office administrative service activities,25,16,9,18,13,5,7,3,4,4,3,1,1,0,1,3,3,0
12,000,STATE - ARUNACHAL PRADESH,82,821,8219,"Photocopying, document preparation and other specialized office",169,119,50,61,43,18,108,76,32,11,9,2,6,6,0,5,3,2
12,000,STATE - ARUNACHAL PRADESH,82,822,8220,Activities of call centres,6,6,0,4,4,0,2,2,0,0,0,0,0,0,0,0,0,0
12,000,STATE - ARUNACHAL PRADESH,82,823,8230,Organization of conventions and trade shows,1,1,0,0,0,0,1,1,0,0,0,0,0,0,0,0,0,0
12,000,STATE - ARUNACHAL PRADESH,82,829,8291,Activities of collection agencies and credit bureaus,4,4,0,2,2,0,2,2,0,0,0,0,0,0,0,0,0,0
12,000,STATE - ARUNACHAL PRADESH,82,829,8292,Packaging activities,3,3,0,1,1,0,2,2,0,0,0,0,0,0,0,0,0,0
12,000,STATE - ARUNACHAL PRADESH,82,829,8299,Other business support service activities n.e.c.,3026,2588,438,1383,1196,187,1643,1392,251,614,444,170,280,186,94,334,258,76
12,000,STATE - ARUNACHAL PRADESH,84,841,8411,General public administration activities,23276,17398,5878,9160,7189,1971,14116,10209,3907,1043,608,435,528,334,194,515,274,241
12,000,STATE - ARUNACHAL PRADESH,84,841,8412,"Regulation of the activities of providing health care, education, cultural",95,84,11,73,62,11,22,22,0,3,3,0,3,3,0,0,0,0
12,000,STATE - ARUNACHAL PRADESH,84,841,8413,Regulation of and contribution to more efficient operation of,6,4,2,1,1,0,5,3,2,0,0,0,0,0,0,0,0,0
12,000,STATE - ARUNACHAL PRADESH,84,842,8421,Foreign affairs,22,19,3,14,11,3,8,8,0,3,2,1,3,2,1,0,0,0
12,000,STATE - ARUNACHAL PRADESH,84,842,8422,Defence activities,22441,21945,496,11422,11090,332,11019,10855,164,790,556,234,584,395,189,206,161,45
12,000,STATE - ARUNACHAL PRADESH,84,842,8423,Public order and safety activities,4738,4419,319,1782,1694,88,2956,2725,231,183,120,63,60,54,6,123,66,57
12,000,STATE - ARUNACHAL PRADESH,84,843,8430,Compulsory social security activities,3274,3028,246,1262,1172,90,2012,1856,156,112,88,24,48,39,9,64,49,15
12,000,STATE - ARUNACHAL PRADESH,85,851,8510,Primary education,10265,6073,4192,6724,4311,2413,3541,1762,1779,589,289,300,412,232,180,177,57,120
12,000,STATE - ARUNACHAL PRADESH,85,852,8521,General secondary education,7892,5139,2753,4921,3378,1543,2971,1761,1210,329,174,155,215,127,88,114,47,67
12,000,STATE - ARUNACHAL PRADESH,85,852,8522,Technical and vocational secondary education,70,50,20,48,36,12,22,14,8,8,5,3,8,5,3,0,0,0
12,000,STATE - ARUNACHAL PRADESH,85,853,8530,Higher education,1366,1013,353,817,628,189,549,385,164,58,31,27,24,17,7,34,14,20
12,000,STATE - ARUNACHAL PRADESH,85,854,8541,Sports and recreation education,9,9,0,3,3,0,6,6,0,0,0,0,0,0,0,0,0,0
12,000,STATE - ARUNACHAL PRADESH,85,854,8542,Cultural education,21,11,10,4,4,0,17,7,10,2,0,2,0,0,0,2,0,2
12,000,STATE - ARUNACHAL PRADESH,85,854,8549,Other education n.e.c.,654,379,275,312,176,136,342,203,139,242,120,122,146,77,69,96,43,53
12,000,STATE - ARUNACHAL PRADESH,85,855,8550,Educational support services,2271,1446,825,1422,906,516,849,540,309,138,65,73,109,53,56,29,12,17
12,000,STATE - ARUNACHAL PRADESH,86,861,8610,Hospital activities,4600,2470,2130,2119,1144,975,2481,1326,1155,250,114,136,163,80,83,87,34,53
12,000,STATE - ARUNACHAL PRADESH,86,862,8620,Medical and dental practice activities,453,332,121,223,175,48,230,157,73,32,20,12,25,18,7,7,2,5
12,000,STATE - ARUNACHAL PRADESH,86,869,8690,Other human health activities,4450,1319,3131,2686,615,2071,1764,704,1060,357,77,280,277,56,221,80,21,59
12,000,STATE - ARUNACHAL PRADESH,87,879,8790,Other residential care activities n.e.c.,11,1,10,9,0,9,2,1,1,0,0,0,0,0,0,0,0,0
12,000,STATE - ARUNACHAL PRADESH,88,881,8810,Social work activities without accommodation for the elderly and,72,46,26,26,10,16,46,36,10,2,2,0,1,1,0,1,1,0
12,000,STATE - ARUNACHAL PRADESH,88,889,8890,Other social work activities without accommodation n.e.c.,409,189,220,257,108,149,152,81,71,31,13,18,22,10,12,9,3,6
12,000,STATE - ARUNACHAL PRADESH,90,900,9000,"Dramatic arts, music and other arts activities",138,120,18,28,26,2,110,94,16,46,40,6,13,11,2,33,29,4
12,000,STATE - ARUNACHAL PRADESH,91,910,9101,Library and archives activities,88,52,36,22,15,7,66,37,29,3,1,2,0,0,0,3,1,2
12,000,STATE - ARUNACHAL PRADESH,91,910,9102,Museums activities and operation of historical sites and buildings,12,9,3,2,2,0,10,7,3,0,0,0,0,0,0,0,0,0
12,000,STATE - ARUNACHAL PRADESH,91,910,9103,Botanical and zoological gardens and nature reserves activities,1,1,0,1,1,0,0,0,0,0,0,0,0,0,0,0,0,0
12,000,STATE - ARUNACHAL PRADESH,92,920,9200,Gambling and betting activities,29,28,1,5,5,0,24,23,1,4,4,0,1,1,0,3,3,0
12,000,STATE - ARUNACHAL PRADESH,93,931,9311,Operation of sports facilities,14,13,1,3,3,0,11,10,1,2,1,1,1,1,0,1,0,1
12,000,STATE - ARUNACHAL PRADESH,93,931,9312,Activities of sports clubs,10,6,4,2,2,0,8,4,4,3,3,0,0,0,0,3,3,0
12,000,STATE - ARUNACHAL PRADESH,93,931,9319,Other sports activities,25,20,5,7,4,3,18,16,2,7,6,1,7,6,1,0,0,0
12,000,STATE - ARUNACHAL PRADESH,93,932,9321,Activities of amusement parks and theme parks,4,4,0,0,0,0,4,4,0,0,0,0,0,0,0,0,0,0
12,000,STATE - ARUNACHAL PRADESH,93,932,9329,Other amusement and recreation activities n.e.c.,68,61,7,2,2,0,66,59,7,3,2,1,1,0,1,2,2,0
12,000,STATE - ARUNACHAL PRADESH,94,941,9411,Activities of business and employers membership organizations,31,25,6,18,13,5,13,12,1,0,0,0,0,0,0,0,0,0
12,000,STATE - ARUNACHAL PRADESH,94,941,9412,Activities of professional membership organizations,8,5,3,4,1,3,4,4,0,2,2,0,2,2,0,0,0,0
12,000,STATE - ARUNACHAL PRADESH,94,942,9420,Activities of trade unions,10,9,1,8,7,1,2,2,0,2,0,2,1,0,1,1,0,1
12,000,STATE - ARUNACHAL PRADESH,94,949,9491,Activities of religious organizations,547,468,79,388,345,43,159,123,36,57,45,12,34,27,7,23,18,5
12,000,STATE - ARUNACHAL PRADESH,94,949,9492,Activities of political organizations,1058,838,220,762,582,180,296,256,40,139,100,39,106,78,28,33,22,11
12,000,STATE - ARUNACHAL PRADESH,94,949,9499,Activities of other membership organizations n.e.c.,112,84,28,64,46,18,48,38,10,20,14,6,7,5,2,13,9,4
12,000,STATE - ARUNACHAL PRADESH,95,951,9511,Repair of computers and peripheral equipment,15,14,1,5,4,1,10,10,0,0,0,0,0,0,0,0,0,0
12,000,STATE - ARUNACHAL PRADESH,95,951,9512,Repair of communication equipment,37,35,2,7,7,0,30,28,2,2,2,0,0,0,0,2,2,0
12,000,STATE - ARUNACHAL PRADESH,95,952,9521,Repair of consumer electronics,26,25,1,9,8,1,17,17,0,8,4,4,6,4,2,2,0,2
12,000,STATE - ARUNACHAL PRADESH,95,952,9522,Repair of household appliances and home and garden equipment,44,44,0,17,17,0,27,27,0,4,3,1,2,2,0,2,1,1
12,000,STATE - ARUNACHAL PRADESH,95,952,9523,Repair of footwear and leather goods,48,48,0,10,10,0,38,38,0,1,0,1,0,0,0,1,0,1
12,000,STATE - ARUNACHAL PRADESH,95,952,9529,"Repair of personal and household goods, n.e.c.",422,389,33,148,133,15,274,256,18,60,39,21,25,16,9,35,23,12
12,000,STATE - ARUNACHAL PRADESH,96,960,9601,Washing and (dry-) cleaning of textile and fur products,116,94,22,41,29,12,75,65,10,22,14,8,16,10,6,6,4,2
12,000,STATE - ARUNACHAL PRADESH,96,960,9602,Hairdressing and other beauty treatment,685,504,181,202,159,43,483,345,138,48,28,20,14,9,5,34,19,15
12,000,STATE - ARUNACHAL PRADESH,96,960,9603,Funeral and related activities,6,6,0,6,6,0,0,0,0,0,0,0,0,0,0,0,0,0
12,000,STATE - ARUNACHAL PRADESH,96,960,9609,Other personal service activities n.e.c.,1595,1352,243,880,712,168,715,640,75,322,261,61,225,185,40,97,76,21
12,000,STATE - ARUNACHAL PRADESH,97,970,9700,Activities of households as employers of domestic personnel,2503,859,1644,1128,446,682,1375,413,962,949,216,733,457,111,346,492,105,387
12,000,STATE - ARUNACHAL PRADESH,98,981,9810,Undifferentiated goods-producing activities of private households for own,11,6,5,4,1,3,7,5,2,0,0,0,0,0,0,0,0,0
12,000,STATE - ARUNACHAL PRADESH,98,982,9820,Undifferentiated service-producing activities of private households for own,1,0,1,1,0,1,0,0,0,2,0,2,1,0,1,1,0,1
12,000,STATE - ARUNACHAL PRADESH,99,990,9900,Activities of extraterritorial organizations and bodies,14,12,2,12,12,0,2,0,2,0,0,0,0,0,0,0,0,0
18,000,STATE - ASSAM,01,011,0111,"Growing of cereals (except rice), leguminous crops and oil seeds",132,82,50,110,68,42,22,14,8,96,52,44,86,46,40,10,6,4
18,000,STATE - ASSAM,01,011,0112,Growing of rice,5803,4610,1193,5092,3976,1116,711,634,77,4038,2354,1684,3884,2240,1644,154,114,40
18,000,STATE - ASSAM,01,011,0113,"Growing of vegetables and melons, roots and tubers",66,44,22,50,36,14,16,8,8,54,32,22,50,28,22,4,4,0
18,000,STATE - ASSAM,01,011,0116,Growing of fibre crops,2,2,0,2,2,0,0,0,0,2,2,0,2,2,0,0,0,0
18,000,STATE - ASSAM,01,011,0119,Growing of other non-perennial crop,16,12,4,0,0,0,16,12,4,8,8,0,8,8,0,0,0,0
18,000,STATE - ASSAM,01,012,0122,Growing of tropical and subtropical fruits,14,12,2,14,12,2,0,0,0,4,4,0,4,4,0,0,0,0
18,000,STATE - ASSAM,01,012,0123,Growing of citrus fruits,4,4,0,4,4,0,0,0,0,4,2,2,4,2,2,0,0,0
18,000,STATE - ASSAM,01,012,0125,Growing of other tree and bush fruits and nuts,106,86,20,106,86,20,0,0,0,18,8,10,18,8,10,0,0,0
18,000,STATE - ASSAM,01,012,0126,Growing of oleaginous fruits,2,0,2,2,0,2,0,0,0,10,8,2,10,8,2,0,0,0
18,000,STATE - ASSAM,01,012,0127,Growing of beverage crops,5788,4106,1682,5588,3956,1632,200,150,50,1234,538,696,1206,522,684,28,16,12
18,000,STATE - ASSAM,01,012,0128,"Growing of spices, aromatic, drug and pharmaceutical crops",22,10,12,20,10,10,2,0,2,64,32,32,64,32,32,0,0,0
18,000,STATE - ASSAM,01,012,0129,Growing of other perennial crops,432,354,78,396,318,78,36,36,0,126,78,48,116,70,46,10,8,2
18,000,STATE - ASSAM,01,013,0130,Plant propagation,36,34,2,28,28,0,8,6,2,32,26,6,30,24,6,2,2,0
18,000,STATE - ASSAM,01,014,0141,Raising of cattle and buffaloes,1429,867,562,1314,824,490,115,43,72,1572,458,1114,1534,450,1084,38,8,30
18,000,STATE - ASSAM,01,014,0142,Raising of horses and other equines,10,10,0,10,10,0,0,0,0,2,0,2,2,0,2,0,0,0
18,000,STATE - ASSAM,01,014,0143,Raising and breeding of camels and camelids,0,0,0,0,0,0,0,0,0,2,0,2,2,0,2,0,0,0
18,000,STATE - ASSAM,01,014,0144,Raising of sheep and goats,166,34,132,158,34,124,8,0,8,232,36,196,220,36,184,12,0,12
18,000,STATE - ASSAM,01,014,0145,Raising of swine/pigs,1394,382,1012,1258,324,934,136,58,78,1982,174,1808,1958,172,1786,24,2,22
18,000,STATE - ASSAM,01,014,0146,Raising of poultry,1104,238,866,1020,210,810,84,28,56,2036,184,1852,1996,172,1824,40,12,28
18,000,STATE - ASSAM,01,014,0149,Raising of other animals,586,358,228,442,276,166,144,82,62,398,78,320,390,76,314,8,2,6
18,000,STATE - ASSAM,01,015,0150,Mixed farming,1464,1114,350,1318,1000,318,146,114,32,1054,580,474,1002,542,460,52,38,14
18,000,STATE - ASSAM,01,016,0161,Support activities for crop production,1099,994,105,822,766,56,277,228,49,296,158,138,288,152,136,8,6,2
18,000,STATE - ASSAM,01,016,0162,Support activities for animal production,4,4,0,2,2,0,2,2,0,2,2,0,2,2,0,0,0,0
18,000,STATE - ASSAM,01,016,0163,Post-harvest crop activities,285,257,28,186,170,16,99,87,12,50,30,20,46,28,18,4,2,2
18,000,STATE - ASSAM,01,017,0170,"Hunting, trapping and related service activities",0,0,0,0,0,0,0,0,0,2,0,2,2,0,2,0,0,0
18,000,STATE - ASSAM,02,021,0210,Silviculture and other forestry activities,346,336,10,190,182,8,156,154,2,6,6,0,6,6,0,0,0,0
18,000,STATE - ASSAM,02,022,0220,Logging,932,750,182,888,708,180,44,42,2,510,358,152,490,346,144,20,12,8
18,000,STATE - ASSAM,02,023,0230,Gathering of non-wood forest products,28,24,4,18,14,4,10,10,0,6,4,2,6,4,2,0,0,0
18,000,STATE - ASSAM,02,024,0240,Support services to forestry,2655,2537,118,1804,1742,62,851,795,56,112,92,20,94,78,16,18,14,4
18,000,STATE - ASSAM,03,031,0311,Marine fishing,156,138,18,142,124,18,14,14,0,58,50,8,58,50,8,0,0,0
18,000,STATE - ASSAM,03,031,0312,Freash water fishing,292,260,32,278,248,30,14,12,2,148,110,38,140,102,38,8,8,0
18,000,STATE - ASSAM,03,032,0321,Marine aquaculture,10,10,0,10,10,0,0,0,0,8,8,0,8,8,0,0,0,0
18,000,STATE - ASSAM,03,032,0322,Freshwater aquaculture,70,70,0,56,56,0,14,14,0,22,14,8,22,14,8,0,0,0
18,000,STATE - ASSAM,05,051,0510,Mining of hard coal,1504,1458,46,1408,1366,42,96,92,4,696,682,14,682,668,14,14,14,0
18,000,STATE - ASSAM,05,052,0520,Mining of lignite,4,4,0,4,4,0,0,0,0,4,2,2,4,2,2,0,0,0
18,000,STATE - ASSAM,06,061,0610,Extraction of crude petroleum,762,716,46,412,392,20,350,324,26,78,68,10,74,64,10,4,4,0
18,000,STATE - ASSAM,06,062,0620,Extraction of natural gas,60,58,2,34,34,0,26,24,2,4,4,0,2,2,0,2,2,0
18,000,STATE - ASSAM,07,071,0710,Mining of iron ores,2,2,0,0,0,0,2,2,0,0,0,0,0,0,0,0,0,0
18,000,STATE - ASSAM,07,072,0729,Mining of other non-ferrous metal ores,4,2,2,4,2,2,0,0,0,0,0,0,0,0,0,0,0,0
18,000,STATE - ASSAM,08,081,0810,"Quarrying of stone, sand and clay",1558,1168,390,1448,1094,354,110,74,36,768,502,266,754,490,264,14,12,2
18,000,STATE - ASSAM,08,089,0891,Mining of chemical and fertilizer minerals,0,0,0,0,0,0,0,0,0,2,0,2,2,0,2,0,0,0
18,000,STATE - ASSAM,08,089,0892,Extraction and agglomeration of peat,112,104,8,98,94,4,14,10,4,46,44,2,46,44,2,0,0,0
18,000,STATE - ASSAM,08,089,0893,Extraction of salt,12,8,4,12,8,4,0,0,0,8,6,2,8,6,2,0,0,0
18,000,STATE - ASSAM,08,089,0899,Other mining and quarrying n.e.c.,591,445,146,524,392,132,67,53,14,256,148,108,244,136,108,12,12,0
18,000,STATE - ASSAM,09,091,0910,Support activities for petroleum and natural gas mining,742,716,26,430,420,10,312,296,16,32,28,4,20,18,2,12,10,2
18,000,STATE - ASSAM,09,099,0990,Support activities for other mining and quarrying,40,38,2,30,28,2,10,10,0,6,6,0,6,6,0,0,0,0
18,000,STATE - ASSAM,10,101,1010,Processing and preserving of meat,496,56,440,434,50,384,62,6,56,1429,102,1327,1386,100,1286,43,2,41
18,000,STATE - ASSAM,10,102,1020,"Processing and preserving of fish, crustaceans and molluscs and",26,26,0,22,22,0,4,4,0,18,8,10,18,8,10,0,0,0
18,000,STATE - ASSAM,10,103,1030,Processing and preserving of fruit and vegetables,164,130,34,140,114,26,24,16,8,144,70,74,132,66,66,12,4,8
18,000,STATE - ASSAM,10,104,1040,Manufacture of vegetable and animal oils and fats,8,4,4,4,0,4,4,4,0,2,2,0,2,2,0,0,0,0
18,000,STATE - ASSAM,10,105,1050,Manufacture of dairy products,870,504,366,828,490,338,42,14,28,1054,272,782,1044,270,774,10,2,8
18,000,STATE - ASSAM,10,106,1061,Manufacture of grain mill products,2819,2045,774,2758,1988,770,61,57,4,1398,536,862,1378,520,858,20,16,4
18,000,STATE - ASSAM,10,106,1062,Manufacture of starches and starch products,10,8,2,6,4,2,4,4,0,0,0,0,0,0,0,0,0,0
18,000,STATE - ASSAM,10,107,1071,Manufacture of bakery products,272,240,32,142,122,20,130,118,12,58,50,8,48,42,6,10,8,2
18,000,STATE - ASSAM,10,107,1072,Manufacture of sugar,12,8,4,12,8,4,0,0,0,62,12,50,60,12,48,2,0,2
18,000,STATE - ASSAM,10,107,1073,"Manufacture of cocoa, chocolate and sugar confectionery",34,34,0,24,24,0,10,10,0,22,16,6,22,16,6,0,0,0
18,000,STATE - ASSAM,10,107,1074,"Manufacture of macaroni, noodles, couscous and similar farinaceous",30,24,6,26,22,4,4,2,2,26,20,6,22,18,4,4,2,2
18,000,STATE - ASSAM,10,107,1075,Manufacture of prepared meals and dishes,286,224,62,262,206,56,24,18,6,194,104,90,182,94,88,12,10,2
18,000,STATE - ASSAM,10,107,1079,Manufacture of other food products n.e.c.,232,148,84,208,136,72,24,12,12,118,58,60,116,56,60,2,2,0
18,000,STATE - ASSAM,10,108,1080,Manufacture of prepared animal feeds,0,0,0,0,0,0,0,0,0,2,2,0,2,2,0,0,0,0
18,000,STATE - ASSAM,11,110,1101,"Distilling, rectifying and blending of spirits; ethyl alcohol production",66,46,20,54,36,18,12,10,2,22,4,18,20,4,16,2,0,2
18,000,STATE - ASSAM,11,110,1102,Manufacture of wines,32,10,22,28,6,22,4,4,0,6,0,6,6,0,6,0,0,0
18,000,STATE - ASSAM,11,110,1103,Manufacture of malt liquors and malt,58,20,38,42,14,28,16,6,10,20,8,12,20,8,12,0,0,0
18,000,STATE - ASSAM,11,110,1104,Manufacture of soft drinks; production of mineral waters and other,72,50,22,62,40,22,10,10,0,32,8,24,28,6,22,4,2,2
18,000,STATE - ASSAM,12,120,1200,Manufacture of tobacco products,38,32,6,32,26,6,6,6,0,10,6,4,10,6,4,0,0,0
18,000,STATE - ASSAM,13,131,1311,Preparation and spinning of textile fibres,2053,1205,848,1854,1046,808,199,159,40,2469,658,1811,2312,588,1724,157,70,87
18,000,STATE - ASSAM,13,131,1312,Weaving of textiles,5114,326,4788,4822,264,4558,292,62,230,11213,194,11019,10886,190,10696,327,4,323
18,000,STATE - ASSAM,13,131,1313,Finishing of textiles,746,58,688,680,50,630,66,8,58,1916,32,1884,1864,32,1832,52,0,52
18,000,STATE - ASSAM,13,139,1391,Manufacture of knitted and crocheted fabrics,2,0,2,2,0,2,0,0,0,14,0,14,12,0,12,2,0,2
18,000,STATE - ASSAM,13,139,1392,"Manufacture of made-up textile articles, except apparel",18,14,4,8,6,2,10,8,2,8,2,6,8,2,6,0,0,0
18,000,STATE - ASSAM,13,139,1393,Manufacture of carpets and rugs,12,8,4,8,6,2,4,2,2,18,4,14,18,4,14,0,0,0
18,000,STATE - ASSAM,13,139,1394,"Manufacture of cordage, rope, twine and netting",30,20,10,30,20,10,0,0,0,92,12,80,92,12,80,0,0,0
18,000,STATE - ASSAM,13,139,1399,Manufacture of other textiles n.e.c.,144,12,132,124,12,112,20,0,20,192,8,184,182,8,174,10,0,10
18,000,STATE - ASSAM,14,141,1410,"Manufacture of wearing apparel, except fur apparel",768,408,360,628,360,268,140,48,92,370,40,330,312,32,280,58,8,50
18,000,STATE - ASSAM,14,142,1420,Manufacture of articles of fur,8,6,2,6,4,2,2,2,0,10,0,10,10,0,10,0,0,0
18,000,STATE - ASSAM,14,143,1430,Manufacture of knitted and crocheted apparel,10,0,10,6,0,6,4,0,4,16,2,14,16,2,14,0,0,0
18,000,STATE - ASSAM,15,151,1512,"Manufacture of luggage, handbags and the like, saddlery and harness",4,4,0,4,4,0,0,0,0,2,2,0,2,2,0,0,0,0
18,000,STATE - ASSAM,15,152,1520,Manufacture of footwear,62,24,38,42,16,26,20,8,12,67,11,56,62,10,52,5,1,4
18,000,STATE - ASSAM,16,161,1610,Saw milling and planing of wood,482,482,0,448,448,0,34,34,0,150,142,8,142,138,4,8,4,4
18,000,STATE - ASSAM,16,162,1621,"Manufacture of veneer sheets; manufacture of plywood, laminboard,",276,266,10,256,246,10,20,20,0,34,30,4,32,28,4,2,2,0
18,000,STATE - ASSAM,16,162,1622,Manufacture of builders carpentry and joinery,10,10,0,4,4,0,6,6,0,4,4,0,2,2,0,2,2,0
18,000,STATE - ASSAM,16,162,1623,Manufacture of wooden containers,527,367,160,498,342,156,29,25,4,606,282,324,590,268,322,16,14,2
18,000,STATE - ASSAM,16,162,1629,"Manufacture of other products of wood; manufacture of articles of cork,",1436,1218,218,1290,1086,204,146,132,14,1044,604,440,990,566,424,54,38,16
18,000,STATE - ASSAM,17,170,1701,"Manufacture of pulp, paper and paperboard",110,108,2,56,56,0,54,52,2,12,10,2,8,6,2,4,4,0
18,000,STATE - ASSAM,17,170,1702,Manufacture of corrugated paper and paperboard and containers of,38,30,8,22,20,2,16,10,6,10,2,8,6,0,6,4,2,2
18,000,STATE - ASSAM,17,170,1709,Manufacture of other articles of paper and paperboard,260,246,14,152,146,6,108,100,8,32,28,4,24,20,4,8,8,0
18,000,STATE - ASSAM,18,181,1811,Printing,48,40,8,20,18,2,28,22,6,12,8,4,10,6,4,2,2,0
18,000,STATE - ASSAM,18,181,1812,Service activities related to printing,104,86,18,72,62,10,32,24,8,12,12,0,10,10,0,2,2,0
18,000,STATE - ASSAM,19,191,1910,Manufacture of coke oven products,58,54,4,36,36,0,22,18,4,22,22,0,22,22,0,0,0,0
18,000,STATE - ASSAM,19,192,1920,Manufacture of refined petroleum products,946,912,34,684,660,24,262,252,10,106,96,10,106,96,10,0,0,0
18,000,STATE - ASSAM,20,201,2011,Manufacture of basic chemicals,56,54,2,46,44,2,10,10,0,18,16,2,16,14,2,2,2,0
18,000,STATE - ASSAM,20,201,2012,Manufacture of fertilizers and nitrogen compounds,178,164,14,74,68,6,104,96,8,44,42,2,42,40,2,2,2,0
18,000,STATE - ASSAM,20,201,2013,Manufacture of plastics and synthetic rubber in primary forms,10,10,0,8,8,0,2,2,0,4,4,0,4,4,0,0,0,0
18,000,STATE - ASSAM,20,202,2021,Manufacture of pesticides and other agrochemical products,12,10,2,10,10,0,2,0,2,2,0,2,2,0,2,0,0,0
18,000,STATE - ASSAM,20,202,2022,"Manufacture of paints, varnishes and similar coatings, printing ink and",58,54,4,38,34,4,20,20,0,18,14,4,14,10,4,4,4,0
18,000,STATE - ASSAM,20,202,2023,"Manufacture of soap and detergents, cleaning and polishing preparations,",158,94,64,102,62,40,56,32,24,54,38,16,38,24,14,16,14,2
18,000,STATE - ASSAM,20,202,2029,Manufacture of other chemical products n.e.c.,83,79,4,36,34,2,47,45,2,10,10,0,10,10,0,0,0,0
18,000,STATE - ASSAM,21,210,2100,"Manufacture of pharmaceuticals, medicinal chemical and botanical",12,10,2,8,6,2,4,4,0,8,2,6,8,2,6,0,0,0
18,000,STATE - ASSAM,22,221,2211,Manufacture of rubber tyres and tubes; retreading and rebuilding of,24,24,0,20,20,0,4,4,0,2,2,0,0,0,0,2,2,0
18,000,STATE - ASSAM,22,221,2219,Manufacture of other rubber products,24,20,4,20,16,4,4,4,0,4,4,0,2,2,0,2,2,0
18,000,STATE - ASSAM,22,222,2220,Manufacture of plastics products,68,58,10,44,38,6,24,20,4,30,28,2,18,18,0,12,10,2
18,000,STATE - ASSAM,23,231,2310,Manufacture of glass and glass products,24,20,4,16,14,2,8,6,2,8,8,0,8,8,0,0,0,0
18,000,STATE - ASSAM,23,239,2391,Manufacture of refractory products,64,46,18,58,40,18,6,6,0,84,38,46,84,38,46,0,0,0
18,000,STATE - ASSAM,23,239,2392,Manufacture of clay building materials,624,526,98,600,508,92,24,18,6,580,388,192,564,376,188,16,12,4
18,000,STATE - ASSAM,23,239,2393,Manufacture of other porcelain and ceramic products,24,14,10,18,8,10,6,6,0,24,18,6,22,16,6,2,2,0
18,000,STATE - ASSAM,23,239,2394,"Manufacture of cement, lime and plaster",568,556,12,434,428,6,134,128,6,38,36,2,34,34,0,4,2,2
18,000,STATE - ASSAM,23,239,2395,"Manufacture of articles of concrete, cement and plaster",44,42,2,32,30,2,12,12,0,10,8,2,10,8,2,0,0,0
18,000,STATE - ASSAM,23,239,2396,"Cutting, shaping and finishing of stone",6,4,2,4,4,0,2,0,2,8,6,2,8,6,2,0,0,0
18,000,STATE - ASSAM,23,239,2399,Manufacture of other non-metallic mineral products n.e.c.,4,4,0,4,4,0,0,0,0,6,6,0,6,6,0,0,0,0
18,000,STATE - ASSAM,24,241,2410,Manufacture of basic iron and steel,312,298,14,238,230,8,74,68,6,68,60,8,56,52,4,12,8,4
18,000,STATE - ASSAM,24,242,2420,Manufacture of basic precious and other non-ferrous metals,40,40,0,36,36,0,4,4,0,14,14,0,12,12,0,2,2,0
18,000,STATE - ASSAM,24,243,2431,Casting of iron and steel,504,300,204,474,280,194,30,20,10,586,114,472,564,106,458,22,8,14
18,000,STATE - ASSAM,24,243,2432,Casting of non-ferrous metals,10,10,0,2,2,0,8,8,0,0,0,0,0,0,0,0,0,0
18,000,STATE - ASSAM,25,251,2511,Manufacture of structural metal products,62,60,2,46,44,2,16,16,0,16,16,0,12,12,0,4,4,0
18,000,STATE - ASSAM,25,251,2512,"Manufacture of tanks, reservoirs and containers of metal",0,0,0,0,0,0,0,0,0,2,0,2,2,0,2,0,0,0
18,000,STATE - ASSAM,25,251,2513,"Manufacture of steam generators, except central heating hot water",0,0,0,0,0,0,0,0,0,2,0,2,2,0,2,0,0,0
18,000,STATE - ASSAM,25,259,2591,"Forging, pressing, stamping and roll-forming of metal; powder",4,4,0,2,2,0,2,2,0,0,0,0,0,0,0,0,0,0
18,000,STATE - ASSAM,25,259,2593,"Manufacture of cutlery, hand tools and general hardware",221,207,14,168,160,8,53,47,6,60,56,4,52,48,4,8,8,0
18,000,STATE - ASSAM,25,259,2599,Manufacture of other fabricated metal products n.e.c.,65,63,2,44,44,0,21,19,2,22,22,0,22,22,0,0,0,0
18,000,STATE - ASSAM,26,261,2610,Manufacture of electronic components,2,2,0,2,2,0,0,0,0,0,0,0,0,0,0,0,0,0
18,000,STATE - ASSAM,26,262,2620,Manufacture of computers and peripheral equipment,2,2,0,0,0,0,2,2,0,0,0,0,0,0,0,0,0,0
18,000,STATE - ASSAM,26,263,2630,Manufacture of communication equipment,14,14,0,12,12,0,2,2,0,6,6,0,6,6,0,0,0,0
18,000,STATE - ASSAM,26,264,2640,Manufacture of consumer electronics,2,2,0,2,2,0,0,0,0,0,0,0,0,0,0,0,0,0
18,000,STATE - ASSAM,26,265,2652,Manufacture of watches and clocks,4,4,0,4,4,0,0,0,0,0,0,0,0,0,0,0,0,0
18,000,STATE - ASSAM,27,272,2720,Manufacture of batteries and accumulators,6,4,2,2,0,2,4,4,0,0,0,0,0,0,0,0,0,0
18,000,STATE - ASSAM,27,274,2740,Manufacture of electric lighting equipment,14,10,4,14,10,4,0,0,0,0,0,0,0,0,0,0,0,0
18,000,STATE - ASSAM,27,275,2750,Manufacture of domestic appliances,8,8,0,8,8,0,0,0,0,0,0,0,0,0,0,0,0,0
18,000,STATE - ASSAM,28,281,2811,"Manufacture of engines and turbines, except aircraft, vehicle and cycle",6,6,0,4,4,0,2,2,0,0,0,0,0,0,0,0,0,0
18,000,STATE - ASSAM,28,281,2819,Manufacture of other general-purpose machinery,0,0,0,0,0,0,0,0,0,2,2,0,2,2,0,0,0,0
18,000,STATE - ASSAM,28,282,2823,Manufacture of machinery for metallurgy,4,4,0,2,2,0,2,2,0,0,0,0,0,0,0,0,0,0
18,000,STATE - ASSAM,28,282,2825,"Manufacture of machinery for food, beverage and tobacco processing",0,0,0,0,0,0,0,0,0,2,2,0,2,2,0,0,0,0
18,000,STATE - ASSAM,28,282,2826,"Manufacture of machinery for textile, apparel and leather production",14,6,8,10,2,8,4,4,0,28,0,28,28,0,28,0,0,0
18,000,STATE - ASSAM,29,292,2920,Manufacture of bodies (coachwork) for motor vehicles; manufacture of trailers and semi-trailers,2,2,0,0,0,0,2,2,0,2,2,0,2,2,0,0,0,0
18,000,STATE - ASSAM,29,293,2930,Manufacture of parts and accessories for motor vehicles,2,2,0,2,2,0,0,0,0,0,0,0,0,0,0,0,0,0
18,000,STATE - ASSAM,30,301,3011,Building of ships and floating structures,6,6,0,4,4,0,2,2,0,0,0,0,0,0,0,0,0,0
18,000,STATE - ASSAM,30,302,3020,Manufacture of railway locomotives and rolling stock,10,8,2,4,4,0,6,4,2,0,0,0,0,0,0,0,0,0
18,000,STATE - ASSAM,30,309,3091,Manufacture of motorcycles,2,2,0,2,2,0,0,0,0,0,0,0,0,0,0,0,0,0
18,000,STATE - ASSAM,30,309,3092,Manufacture of bicycles and invalid carriages,2,0,2,0,0,0,2,0,2,0,0,0,0,0,0,0,0,0
18,000,STATE - ASSAM,30,309,3099,Manufacture of other transport equipment n.e.c.,212,202,10,188,178,10,24,24,0,106,100,6,100,96,4,6,4,2
18,000,STATE - ASSAM,31,310,3100,Manufacture of furniture,3254,3200,54,2890,2852,38,364,348,16,965,925,40,900,860,40,65,65,0
18,000,STATE - ASSAM,32,321,3211,Manufacture of jewellery and related articles,20,20,0,12,12,0,8,8,0,10,8,2,6,6,0,4,2,2
18,000,STATE - ASSAM,32,322,3220,Manufacture of musical instruments,2,2,0,2,2,0,0,0,0,0,0,0,0,0,0,0,0,0
18,000,STATE - ASSAM,32,323,3230,Manufacture of sports goods,4,4,0,4,4,0,0,0,0,0,0,0,0,0,0,0,0,0
18,000,STATE - ASSAM,32,324,3240,Manufacture of games and toys,14,6,8,10,6,4,4,0,4,22,8,14,22,8,14,0,0,0
18,000,STATE - ASSAM,32,329,3290,Other manufacturing n.e.c.,260,224,36,216,188,28,44,36,8,92,60,32,78,52,26,14,8,6
18,000,STATE - ASSAM,33,331,3311,Repair of fabricated metal products,18,18,0,14,14,0,4,4,0,4,4,0,0,0,0,4,4,0
18,000,STATE - ASSAM,33,331,3312,Repair of machinery,8,8,0,6,6,0,2,2,0,6,6,0,4,4,0,2,2,0
18,000,STATE - ASSAM,33,331,3313,Repair of electronic and optical equipment,32,28,4,22,20,2,10,8,2,8,8,0,8,8,0,0,0,0
18,000,STATE - ASSAM,33,331,3314,Repair of electrical equipment,118,114,4,92,92,0,26,22,4,30,28,2,26,26,0,4,2,2
18,000,STATE - ASSAM,33,331,3315,"Repair of transport equipment, except motor vehicles",32,32,0,30,30,0,2,2,0,6,6,0,4,4,0,2,2,0
18,000,STATE - ASSAM,33,331,3319,Repair of other equipment,32,32,0,24,24,0,8,8,0,4,4,0,4,4,0,0,0,0
18,000,STATE - ASSAM,33,332,3320,Installation of industrial machinery and equipment,4,4,0,4,4,0,0,0,0,2,0,2,2,0,2,0,0,0
18,000,STATE - ASSAM,35,351,3510,"Electric power generation, transmission and distribution",2770,2610,160,1948,1864,84,822,746,76,314,290,24,260,246,14,54,44,10
18,000,STATE - ASSAM,35,352,3520,Manufacture of gas; distribution of gaseous fuels through mains,78,72,6,40,36,4,38,36,2,8,8,0,6,6,0,2,2,0
18,000,STATE - ASSAM,35,353,3530,Steam and air conditioning supply,2,2,0,2,2,0,0,0,0,0,0,0,0,0,0,0,0,0
18,000,STATE - ASSAM,36,360,3600,"Water collection, treatment and supply",2165,2011,154,1528,1464,64,637,547,90,94,86,8,80,74,6,14,12,2
18,000,STATE - ASSAM,37,370,3700,Sewerage,8,6,2,4,2,2,4,4,0,0,0,0,0,0,0,0,0,0
18,000,STATE - ASSAM,38,381,3811,Collection of non-hazardous waste,36,32,4,24,22,2,12,10,2,6,4,2,6,4,2,0,0,0
18,000,STATE - ASSAM,38,381,3812,Collection of hazardous waste,94,92,2,80,80,0,14,12,2,6,4,2,4,4,0,2,0,2
18,000,STATE - ASSAM,38,382,3822,Treatment and disposal of hazardous waste,2,2,0,2,2,0,0,0,0,0,0,0,0,0,0,0,0,0
18,000,STATE - ASSAM,39,390,3900,Remediation activities and other waste management services,3,3,0,2,2,0,1,1,0,0,0,0,0,0,0,0,0,0
18,000,STATE - ASSAM,41,410,4100,Construction of buildings,10056,9072,984,8196,7422,774,1860,1650,210,3975,3132,843,3578,2790,788,397,342,55
18,000,STATE - ASSAM,42,421,4210,Construction roads and railways,6237,5676,561,4604,4182,422,1633,1494,139,2360,1686,674,2238,1578,660,122,108,14
18,000,STATE - ASSAM,42,422,4220,Construction of utility projects,597,548,49,496,472,24,101,76,25,48,44,4,42,38,4,6,6,0
18,000,STATE - ASSAM,42,429,4290,Construction of other civil engineering projects,2211,1959,252,1760,1568,192,451,391,60,1098,766,332,994,680,314,104,86,18
18,000,STATE - ASSAM,43,431,4311,Demolition,2,2,0,0,0,0,2,2,0,0,0,0,0,0,0,0,0,0
18,000,STATE - ASSAM,43,431,4312,Site preparation,662,572,90,578,496,82,84,76,8,401,265,136,388,256,132,13,9,4
18,000,STATE - ASSAM,43,432,4321,Electrical installation,188,178,10,122,116,6,66,62,4,52,46,6,42,36,6,10,10,0
18,000,STATE - ASSAM,43,432,4322,"Plumbing, heat and air-conditioning installation",146,142,4,84,80,4,62,62,0,40,38,2,36,34,2,4,4,0
18,000,STATE - ASSAM,43,432,4329,Other construction installation,7015,5828,1187,6192,5146,1046,823,682,141,4040,2906,1134,3752,2686,1066,288,220,68
18,000,STATE - ASSAM,43,433,4330,Building completion and finishing,1424,1311,113,1192,1088,104,232,223,9,592,484,108,516,408,108,76,76,0
18,000,STATE - ASSAM,43,439,4390,Other specialized construction activities,28,26,2,18,16,2,10,10,0,14,12,2,14,12,2,0,0,0
18,000,STATE - ASSAM,45,451,4510,Sale of motor vehicles,117,109,8,52,50,2,65,59,6,10,10,0,6,6,0,4,4,0
18,000,STATE - ASSAM,45,452,4520,Maintenance and repair of motor vehicles,1035,1017,18,622,614,8,413,403,10,176,174,2,140,138,2,36,36,0
18,000,STATE - ASSAM,45,453,4530,Sale of motor vehicle parts and accessories,89,87,2,40,40,0,49,47,2,6,6,0,4,4,0,2,2,0
18,000,STATE - ASSAM,45,454,4540,"Sale, maintenance and repair of motorcycles and related parts and",199,193,6,162,160,2,37,33,4,30,30,0,30,30,0,0,0,0
18,000,STATE - ASSAM,46,461,4610,Wholesale on a fee or contract basis,91,73,18,56,44,12,35,29,6,22,16,6,18,12,6,4,4,0
18,000,STATE - ASSAM,46,462,4620,Wholesale of agricultural raw materials and live animals,772,710,62,712,660,52,60,50,10,208,180,28,198,170,28,10,10,0
18,000,STATE - ASSAM,46,463,4630,"Wholesale of food, beverages and tobacco",127,121,6,94,88,6,33,33,0,22,20,2,22,20,2,0,0,0
18,000,STATE - ASSAM,46,464,4641,"Wholesale of textiles, clothing and footwear",8,8,0,8,8,0,0,0,0,2,0,2,2,0,2,0,0,0
18,000,STATE - ASSAM,46,464,4649,Wholesale of other household goods,104,96,8,66,64,2,38,32,6,12,12,0,10,10,0,2,2,0
18,000,STATE - ASSAM,46,465,4652,Wholesale of electronic and telecommunications equipment and parts,2,2,0,2,2,0,0,0,0,0,0,0,0,0,0,0,0,0
18,000,STATE - ASSAM,46,465,4653,"Wholesale of agricultural machinery, equipment and supplies",0,0,0,0,0,0,0,0,0,2,2,0,0,0,0,2,2,0
18,000,STATE - ASSAM,46,465,4659,Wholesale of other machinery and equipment,96,94,2,72,70,2,24,24,0,6,6,0,6,6,0,0,0,0
18,000,STATE - ASSAM,46,466,4661,"Wholesale of solid, liquid and gaseous fuels and related products",124,124,0,76,76,0,48,48,0,18,18,0,14,14,0,4,4,0
18,000,STATE - ASSAM,46,466,4663,"Wholesale of construction materials, hardware, plumbing and heating",251,251,0,144,144,0,107,107,0,62,60,2,48,48,0,14,12,2
18,000,STATE - ASSAM,46,466,4669,Wholesale of waste and scrap and other products n.e.c.,12,12,0,8,8,0,4,4,0,1,1,0,0,0,0,1,1,0
18,000,STATE - ASSAM,46,469,4690,Non-specialized wholesale trade,131,117,14,78,74,4,53,43,10,26,18,8,22,14,8,4,4,0
18,000,STATE - ASSAM,47,471,4711,"Retail sale in non-specialized stores with food, beverages or tobacco",4268,3655,613,3480,3012,468,788,643,145,847,639,208,734,550,184,113,89,24
18,000,STATE - ASSAM,47,471,4719,Other retail sale in non-specialized stores,6735,5925,810,5588,4942,646,1147,983,164,1275,989,286,1106,846,260,169,143,26
18,000,STATE - ASSAM,47,472,4721,Retail sale of food in specialized stores,5741,4790,951,4958,4158,800,783,632,151,1425,934,491,1322,852,470,103,82,21
18,000,STATE - ASSAM,47,472,4722,Retail sale of beverages in specialized stores,193,139,54,112,74,38,81,65,16,48,22,26,38,14,24,10,8,2
18,000,STATE - ASSAM,47,472,4723,Retail sale of tobacco products in specialized stores,485,369,116,378,296,82,107,73,34,124,100,24,102,86,16,22,14,8
18,000,STATE - ASSAM,47,473,4730,Retail sale of automotive fuel in specialized stores,157,139,18,112,96,16,45,43,2,11,7,4,10,6,4,1,1,0
18,000,STATE - ASSAM,47,474,4741,"Retail sale of computers, peripheral units, software and",233,225,8,136,132,4,97,93,4,72,64,8,58,52,6,14,12,2
18,000,STATE - ASSAM,47,474,4742,Retail sale of audio and video equipment in specialized stores,32,30,2,26,26,0,6,4,2,6,6,0,2,2,0,4,4,0
18,000,STATE - ASSAM,47,475,4751,Retail sale of textiles in specialized stores,8,6,2,4,4,0,4,2,2,0,0,0,0,0,0,0,0,0
18,000,STATE - ASSAM,47,475,4752,"Retail sale of hardware, paints and glass in specialized stores",1196,1158,38,772,744,28,424,414,10,253,231,22,234,212,22,19,19,0
18,000,STATE - ASSAM,47,475,4753,"Retail sale of carpets, rugs, wall and floor coverings in specialized",0,0,0,0,0,0,0,0,0,2,2,0,2,2,0,0,0,0
18,000,STATE - ASSAM,47,475,4759,"Retail sale of electrical household appliances, furniture, lighting",304,298,6,174,170,4,130,128,2,64,62,2,48,46,2,16,16,0
18,000,STATE - ASSAM,47,476,4761,"Retail sale of books, newspapers and stationary in specialized stores",375,323,52,288,244,44,87,79,8,73,59,14,54,46,8,19,13,6
18,000,STATE - ASSAM,47,476,4762,Retail sale of music and video recordings in specialized stores,10,10,0,6,6,0,4,4,0,0,0,0,0,0,0,0,0,0
18,000,STATE - ASSAM,47,476,4763,Retail sale of sporting equipment in specialized stores,14,12,2,12,12,0,2,0,2,0,0,0,0,0,0,0,0,0
18,000,STATE - ASSAM,47,476,4764,Retail sale of games and toys in specialized stores,6,6,0,2,2,0,4,4,0,2,2,0,2,2,0,0,0,0
18,000,STATE - ASSAM,47,477,4771,"Retail sale of clothing, footwear and leather articles in specialized",1086,775,311,692,506,186,394,269,125,233,127,106,184,104,80,49,23,26
18,000,STATE - ASSAM,47,477,4772,"Retail sale of pharmaceutical and medical goods, cosmetic and toilet",1521,1349,172,1212,1106,106,309,243,66,258,212,46,226,188,38,32,24,8
18,000,STATE - ASSAM,47,477,4773,Other retail sale of new goods in specialized stores,710,668,42,534,508,26,176,160,16,204,140,64,176,120,56,28,20,8
18,000,STATE - ASSAM,47,477,4774,Retail sale of second-hand goods,0,0,0,0,0,0,0,0,0,2,2,0,2,2,0,0,0,0
18,000,STATE - ASSAM,47,478,4781,"Retail sale via stalls and markets of food, beverages and tobacco",39,27,12,28,18,10,11,9,2,4,2,2,4,2,2,0,0,0
18,000,STATE - ASSAM,47,478,4782,"Retail sale via stalls and markets of textiles, clothing and footwear",78,48,30,58,36,22,20,12,8,10,6,4,6,6,0,4,0,4
18,000,STATE - ASSAM,47,478,4789,Retail sale via stalls and markets of other goods,459,385,74,344,296,48,115,89,26,106,92,14,94,84,10,12,8,4
18,000,STATE - ASSAM,47,479,4791,Retail sale via mail order houses or via Internet,24,22,2,14,14,0,10,8,2,4,0,4,4,0,4,0,0,0
18,000,STATE - ASSAM,47,479,4799,"Other retail sale not in stores, stalls or markets",91,81,10,68,62,6,23,19,4,28,16,12,20,12,8,8,4,4
18,000,STATE - ASSAM,49,491,4911,Passenger rail transport,4185,3875,310,2190,2078,112,1995,1797,198,138,134,4,114,110,4,24,24,0
18,000,STATE - ASSAM,49,491,4912,Freight rail transport,410,388,22,196,188,8,214,200,14,10,6,4,8,6,2,2,0,2
18,000,STATE - ASSAM,49,492,4921,Urban or suburban passenger land transport,2850,2790,60,1948,1926,22,902,864,38,392,392,0,334,334,0,58,58,0
18,000,STATE - ASSAM,49,492,4922,Other passenger land transport,7720,7634,86,5962,5906,56,1758,1728,30,1250,1232,18,1064,1046,18,186,186,0
18,000,STATE - ASSAM,49,492,4923,Freight transport by road,5355,5311,44,4672,4634,38,683,677,6,1044,1030,14,962,948,14,82,82,0
18,000,STATE - ASSAM,49,493,4930,Transport via pipeline,6,6,0,0,0,0,6,6,0,0,0,0,0,0,0,0,0,0
18,000,STATE - ASSAM,50,501,5011,Sea and coastal passenger water transport,6,6,0,2,2,0,4,4,0,0,0,0,0,0,0,0,0,0
18,000,STATE - ASSAM,50,502,5021,Inland passenger water transport,240,234,6,196,192,4,44,42,2,22,20,2,20,18,2,2,2,0
18,000,STATE - ASSAM,50,502,5022,Inland freight water transport,24,24,0,20,20,0,4,4,0,0,0,0,0,0,0,0,0,0
18,000,STATE - ASSAM,51,511,5110,Passenger air transport,75,63,12,44,36,8,31,27,4,0,0,0,0,0,0,0,0,0
18,000,STATE - ASSAM,51,512,5120,Freight air transport,86,72,14,60,52,8,26,20,6,6,4,2,4,4,0,2,0,2
18,000,STATE - ASSAM,52,521,5210,Warehousing and storage,677,649,28,484,470,14,193,179,14,72,64,8,66,62,4,6,2,4
18,000,STATE - ASSAM,52,522,5221,Service activities incidental to land transportation,991,959,32,582,572,10,409,387,22,162,160,2,136,134,2,26,26,0
18,000,STATE - ASSAM,52,522,5223,Service activities incidental to air transportation,2,2,0,2,2,0,0,0,0,0,0,0,0,0,0,0,0,0
18,000,STATE - ASSAM,52,522,5224,Cargo handling,64,64,0,62,62,0,2,2,0,18,18,0,18,18,0,0,0,0
18,000,STATE - ASSAM,52,522,5229,Other transportation support activities,24,22,2,10,10,0,14,12,2,2,2,0,2,2,0,0,0,0
18,000,STATE - ASSAM,53,531,5310,Postal activities,1338,1198,140,1118,1032,86,220,166,54,58,44,14,48,40,8,10,4,6
18,000,STATE - ASSAM,53,532,5320,Courier activities,34,32,2,12,12,0,22,20,2,2,0,2,0,0,0,2,0,2
18,000,STATE - ASSAM,55,551,5510,Short term accommodation activities,995,810,185,674,544,130,321,266,55,187,146,41,154,124,30,33,22,11
18,000,STATE - ASSAM,55,559,5590,Other accommodation,213,128,85,142,86,56,71,42,29,52,18,34,36,8,28,16,10,6
18,000,STATE - ASSAM,56,561,5610,Restaurants and mobile food service activities,198,130,68,162,102,60,36,28,8,48,24,24,48,24,24,0,0,0
18,000,STATE - ASSAM,56,562,5621,Event catering,88,68,20,66,50,16,22,18,4,44,14,30,40,14,26,4,0,4
18,000,STATE - ASSAM,56,562,5629,Other food service activities,23,13,10,18,10,8,5,3,2,6,0,6,6,0,6,0,0,0
18,000,STATE - ASSAM,56,563,5630,Beverage serving activities,1842,1201,641,1584,1034,550,258,167,91,301,146,155,278,128,150,23,18,5
18,000,STATE - ASSAM,58,581,5811,Book publishing,105,83,22,52,46,6,53,37,16,6,4,2,6,4,2,0,0,0
18,000,STATE - ASSAM,58,581,5813,"Publishing of newspapers, journals and periodicals",64,56,8,32,28,4,32,28,4,4,4,0,4,4,0,0,0,0
18,000,STATE - ASSAM,58,581,5819,Other publishing activities,16,14,2,6,6,0,10,8,2,0,0,0,0,0,0,0,0,0
18,000,STATE - ASSAM,58,582,5820,Software publishing,2,2,0,0,0,0,2,2,0,0,0,0,0,0,0,0,0,0
18,000,STATE - ASSAM,59,591,5911,"Motion picture, video and television programme production activities",22,20,2,10,8,2,12,12,0,2,2,0,0,0,0,2,2,0
18,000,STATE - ASSAM,59,591,5912,"Motion picture, video and television programme post-production",2,2,0,0,0,0,2,2,0,0,0,0,0,0,0,0,0,0
18,000,STATE - ASSAM,59,591,5913,"Motion picture, video and television programme distribution activities",6,4,2,0,0,0,6,4,2,6,4,2,2,2,0,4,2,2
18,000,STATE - ASSAM,59,591,5914,Motion picture projection activities,18,16,2,4,4,0,14,12,2,6,4,2,4,2,2,2,2,0
18,000,STATE - ASSAM,59,592,5920,Sound recording and music publishing activitiesT,4,4,0,2,2,0,2,2,0,0,0,0,0,0,0,0,0,0
18,000,STATE - ASSAM,60,601,6010,Radio broadcasting,94,80,14,52,44,8,42,36,6,12,8,4,8,6,2,4,2,2
18,000,STATE - ASSAM,60,602,6020,Television programming and broadcasting activities,99,83,16,50,42,8,49,41,8,2,2,0,0,0,0,2,2,0
18,000,STATE - ASSAM,61,611,6110,Wired telecommunications activities,289,259,30,142,126,16,147,133,14,22,22,0,22,22,0,0,0,0
18,000,STATE - ASSAM,61,612,6120,Wireless telecommunications activities,249,223,26,146,128,18,103,95,8,22,16,6,14,10,4,8,6,2
18,000,STATE - ASSAM,61,613,6130,Satellite telecommunications activities,134,130,4,98,98,0,36,32,4,10,10,0,10,10,0,0,0,0
18,000,STATE - ASSAM,61,619,6190,Other telecommunications activities,498,452,46,294,276,18,204,176,28,54,44,10,40,34,6,14,10,4
18,000,STATE - ASSAM,62,620,6202,Computer consultancy and computer facilities management activities,69,57,12,42,34,8,27,23,4,10,8,2,10,8,2,0,0,0
18,000,STATE - ASSAM,62,620,6209,Other information technology and computer service activities,18,16,2,12,10,2,6,6,0,0,0,0,0,0,0,0,0,0
18,000,STATE - ASSAM,63,631,6311,"Data processing, hosting and related activities",26,16,10,10,10,0,16,6,10,2,2,0,2,2,0,0,0,0
18,000,STATE - ASSAM,63,631,6312,Web portals,2,2,0,0,0,0,2,2,0,0,0,0,0,0,0,0,0,0
18,000,STATE - ASSAM,63,639,6399,Other information service activities n.e.c.,104,94,10,40,40,0,64,54,10,10,8,2,6,6,0,4,2,2
18,000,STATE - ASSAM,64,641,6411,Central banking,16,12,4,8,8,0,8,4,4,0,0,0,0,0,0,0,0,0
18,000,STATE - ASSAM,64,641,6419,Other monetary intermediation,1904,1677,227,998,906,92,906,771,135,76,56,20,56,40,16,20,16,4
18,000,STATE - ASSAM,64,642,6420,Activities of holding companies,26,18,8,16,12,4,10,6,4,0,0,0,0,0,0,0,0,0
18,000,STATE - ASSAM,64,643,6430,"Trusts, funds and other financial vehicles",8,6,2,4,2,2,4,4,0,0,0,0,0,0,0,0,0,0
18,000,STATE - ASSAM,64,649,6491,Financial leasing,4,2,2,2,2,0,2,0,2,0,0,0,0,0,0,0,0,0
18,000,STATE - ASSAM,64,649,6492,Other credit granting,4,4,0,4,4,0,0,0,0,2,0,2,0,0,0,2,0,2
18,000,STATE - ASSAM,64,649,6499,"Other financial service activities, except insurance and pension funding",6,4,2,6,4,2,0,0,0,5,0,5,4,0,4,1,0,1
18,000,STATE - ASSAM,65,651,6511,Life insurance,1087,849,238,678,540,138,409,309,100,152,94,58,120,82,38,32,12,20
18,000,STATE - ASSAM,65,651,6512,Non-life insurance,123,95,28,86,70,16,37,25,12,6,6,0,4,4,0,2,2,0
18,000,STATE - ASSAM,66,661,6611,Administration of financial markets,4,4,0,0,0,0,4,4,0,0,0,0,0,0,0,0,0,0
18,000,STATE - ASSAM,66,662,6622,Activities of insurance agents and brokers,176,144,32,136,112,24,40,32,8,38,28,10,38,28,10,0,0,0
18,000,STATE - ASSAM,66,662,6629,Other activities auxiliary to insurance and pension funding,8,8,0,2,2,0,6,6,0,2,2,0,0,0,0,2,2,0
18,000,STATE - ASSAM,66,663,6630,Fund management activities,74,50,24,42,28,14,32,22,10,8,6,2,8,6,2,0,0,0
18,000,STATE - ASSAM,68,681,6810,Real estate activities with own or leased property,34,30,4,16,14,2,18,16,2,0,0,0,0,0,0,0,0,0
18,000,STATE - ASSAM,68,682,6820,Real estate activities on a fee or contract basis,46,46,0,26,26,0,20,20,0,0,0,0,0,0,0,0,0,0
18,000,STATE - ASSAM,69,691,6910,Legal activities,316,216,100,164,114,50,152,102,50,16,6,10,2,2,0,14,4,10
18,000,STATE - ASSAM,69,692,6920,"Accounting, bookkeeping and auditing activities; tax consultancy",14,14,0,6,6,0,8,8,0,4,2,2,4,2,2,0,0,0
18,000,STATE - ASSAM,70,701,7010,Activities of head offices,18,18,0,10,10,0,8,8,0,0,0,0,0,0,0,0,0,0
18,000,STATE - ASSAM,71,711,7110,Architectural and engineering activities and related technical,2,2,0,0,0,0,2,2,0,6,4,2,2,2,0,4,2,2
18,000,STATE - ASSAM,71,712,7120,Technical testing and analysis,1,1,0,0,0,0,1,1,0,0,0,0,0,0,0,0,0,0
18,000,STATE - ASSAM,72,721,7210,Research and experimental development on natural sciences and,6,6,0,2,2,0,4,4,0,0,0,0,0,0,0,0,0,0
18,000,STATE - ASSAM,73,731,7310,Advertising,6,6,0,2,2,0,4,4,0,0,0,0,0,0,0,0,0,0
18,000,STATE - ASSAM,73,732,7320,Market research and public opinion polling,14,12,2,8,8,0,6,4,2,0,0,0,0,0,0,0,0,0
18,000,STATE - ASSAM,74,741,7410,Specialized design activities,22,14,8,10,6,4,12,8,4,6,4,2,2,2,0,4,2,2
18,000,STATE - ASSAM,74,742,7420,Photographic activities,102,94,8,70,66,4,32,28,4,10,8,2,6,6,0,4,2,2
18,000,STATE - ASSAM,74,749,7490,"Other professional, scientific and technical activities n.e.c.",52,48,4,48,44,4,4,4,0,8,8,0,8,8,0,0,0,0
18,000,STATE - ASSAM,75,750,7500,Veterinary activities,754,690,64,522,492,30,232,198,34,32,18,14,30,16,14,2,2,0
18,000,STATE - ASSAM,77,771,7710,Renting and leasing of motor vehicles,82,80,2,30,30,0,52,50,2,14,14,0,8,8,0,6,6,0
18,000,STATE - ASSAM,77,772,7729,Renting and leasing of other personal and household goods n.e.c.,120,112,8,74,68,6,46,44,2,32,30,2,28,28,0,4,2,2
18,000,STATE - ASSAM,77,773,7730,"Renting and leasing of other machinery, equipment and tangible goods",2,2,0,0,0,0,2,2,0,0,0,0,0,0,0,0,0,0
18,000,STATE - ASSAM,78,781,7810,Activities of employment placement agencies,22,20,2,8,8,0,14,12,2,6,4,2,4,4,0,2,0,2
18,000,STATE - ASSAM,78,783,7830,Human resources provision and management of human resources,2,2,0,2,2,0,0,0,0,0,0,0,0,0,0,0,0,0
18,000,STATE - ASSAM,79,791,7911,Travel agency activities,28,26,2,6,4,2,22,22,0,2,2,0,0,0,0,2,2,0
18,000,STATE - ASSAM,80,801,8010,Private security activities,254,244,10,208,200,8,46,44,2,48,46,2,42,40,2,6,6,0
18,000,STATE - ASSAM,80,802,8020,Security systems service activities,34,32,2,26,24,2,8,8,0,10,10,0,10,10,0,0,0,0
18,000,STATE - ASSAM,80,803,8030,Investigation activities,2,2,0,2,2,0,0,0,0,0,0,0,0,0,0,0,0,0
18,000,STATE - ASSAM,81,811,8110,Combined facilities support activities,38,34,4,28,26,2,10,8,2,4,2,2,2,2,0,2,0,2
18,000,STATE - ASSAM,81,812,8121,General cleaning of buildings,22,16,6,4,4,0,18,12,6,6,0,6,4,0,4,2,0,2
18,000,STATE - ASSAM,81,812,8129,Other building and industrial cleaning activities,28,18,10,20,10,10,8,8,0,4,4,0,4,4,0,0,0,0
18,000,STATE - ASSAM,81,813,8130,Landscape care and maintenance service activities,2,2,0,2,2,0,0,0,0,0,0,0,0,0,0,0,0,0
18,000,STATE - ASSAM,82,821,8211,Combined office administrative service activities,932,752,180,224,202,22,708,550,158,22,12,10,8,4,4,14,8,6
18,000,STATE - ASSAM,82,821,8219,"Photocopying, document preparation and other specialized office",782,642,140,306,266,40,476,376,100,20,12,8,16,12,4,4,0,4
18,000,STATE - ASSAM,82,822,8220,Activities of call centres,69,55,14,52,42,10,17,13,4,16,16,0,12,12,0,4,4,0
18,000,STATE - ASSAM,82,823,8230,Organization of conventions and trade shows,2,2,0,0,0,0,2,2,0,2,2,0,2,2,0,0,0,0
18,000,STATE - ASSAM,82,829,8291,Activities of collection agencies and credit bureaus,16,14,2,14,12,2,2,2,0,2,2,0,2,2,0,0,0,0
18,000,STATE - ASSAM,82,829,8292,Packaging activities,50,42,8,36,32,4,14,10,4,20,14,6,16,10,6,4,4,0
18,000,STATE - ASSAM,82,829,8299,Other business support service activities n.e.c.,5936,5362,574,3990,3668,322,1946,1694,252,1321,1109,212,1026,876,150,295,233,62
18,000,STATE - ASSAM,84,841,8411,General public administration activities,13924,11985,1939,9088,8088,1000,4836,3897,939,711,559,152,574,478,96,137,81,56
18,000,STATE - ASSAM,84,841,8412,"Regulation of the activities of providing health care, education, cultural",71,60,11,30,24,6,41,36,5,2,2,0,2,2,0,0,0,0
18,000,STATE - ASSAM,84,841,8413,Regulation of and contribution to more efficient operation of,16,14,2,10,10,0,6,4,2,0,0,0,0,0,0,0,0,0
18,000,STATE - ASSAM,84,842,8421,Foreign affairs,46,38,8,42,36,6,4,2,2,4,4,0,2,2,0,2,2,0
18,000,STATE - ASSAM,84,842,8422,Defence activities,6284,6047,237,5292,5122,170,992,925,67,483,461,22,308,290,18,175,171,4
18,000,STATE - ASSAM,84,842,8423,Public order and safety activities,1113,1047,66,632,604,28,481,443,38,38,34,4,32,28,4,6,6,0
18,000,STATE - ASSAM,84,843,8430,Compulsory social security activities,6019,5675,344,4616,4432,184,1403,1243,160,388,348,40,332,304,28,56,44,12
18,000,STATE - ASSAM,85,851,8510,Primary education,21424,13807,7617,17872,12298,5574,3552,1509,2043,1550,811,739,1396,758,638,154,53,101
18,000,STATE - ASSAM,85,852,8521,General secondary education,12201,8967,3234,10082,7868,2214,2119,1099,1020,747,448,299,676,418,258,71,30,41
18,000,STATE - ASSAM,85,852,8522,Technical and vocational secondary education,50,34,16,30,20,10,20,14,6,2,0,2,2,0,2,0,0,0
18,000,STATE - ASSAM,85,853,8530,Higher education,1892,1356,536,1178,928,250,714,428,286,108,69,39,84,56,28,24,13,11
18,000,STATE - ASSAM,85,854,8541,Sports and recreation education,16,12,4,12,10,2,4,2,2,4,2,2,4,2,2,0,0,0
18,000,STATE - ASSAM,85,854,8542,Cultural education,32,30,2,22,20,2,10,10,0,10,6,4,10,6,4,0,0,0
18,000,STATE - ASSAM,85,854,8549,Other education n.e.c.,1066,712,354,818,574,244,248,138,110,690,416,274,626,388,238,64,28,36
18,000,STATE - ASSAM,85,855,8550,Educational support services,2633,1931,702,2126,1598,528,507,333,174,242,113,129,218,104,114,24,9,15
18,000,STATE - ASSAM,86,861,8610,Hospital activities,5662,2286,3376,4194,1538,2656,1468,748,720,482,114,368,442,96,346,40,18,22
18,000,STATE - ASSAM,86,862,8620,Medical and dental practice activities,450,362,88,242,202,40,208,160,48,16,10,6,16,10,6,0,0,0
18,000,STATE - ASSAM,86,869,8690,Other human health activities,8388,925,7463,7136,622,6514,1252,303,949,928,66,862,878,60,818,50,6,44
18,000,STATE - ASSAM,87,871,8710,Nursing care facilities,4,0,4,4,0,4,0,0,0,0,0,0,0,0,0,0,0,0
18,000,STATE - ASSAM,87,873,8730,Residential care activities for the elderly and disabled,4,2,2,0,0,0,4,2,2,0,0,0,0,0,0,0,0,0
18,000,STATE - ASSAM,87,879,8790,Other residential care activities n.e.c.,6,2,4,4,0,4,2,2,0,0,0,0,0,0,0,0,0,0
18,000,STATE - ASSAM,88,881,8810,Social work activities without accommodation for the elderly and,182,102,80,134,80,54,48,22,26,44,26,18,38,22,16,6,4,2
18,000,STATE - ASSAM,88,889,8890,Other social work activities without accommodation n.e.c.,2512,416,2096,2204,288,1916,308,128,180,360,70,290,320,58,262,40,12,28
18,000,STATE - ASSAM,90,900,9000,"Dramatic arts, music and other arts activities",264,236,28,182,166,16,82,70,12,77,60,17,66,54,12,11,6,5
18,000,STATE - ASSAM,91,910,9101,Library and archives activities,36,21,15,18,12,6,18,9,9,6,4,2,4,2,2,2,2,0
18,000,STATE - ASSAM,91,910,9102,Museums activities and operation of historical sites and buildings,8,8,0,6,6,0,2,2,0,0,0,0,0,0,0,0,0,0
18,000,STATE - ASSAM,91,910,9103,Botanical and zoological gardens and nature reserves activities,8,8,0,6,6,0,2,2,0,0,0,0,0,0,0,0,0,0
18,000,STATE - ASSAM,92,920,9200,Gambling and betting activities,15,15,0,4,4,0,11,11,0,6,6,0,4,4,0,2,2,0
18,000,STATE - ASSAM,93,931,9311,Operation of sports facilities,10,8,2,6,4,2,4,4,0,6,2,4,2,0,2,4,2,2
18,000,STATE - ASSAM,93,931,9312,Activities of sports clubs,14,10,4,4,0,4,10,10,0,8,8,0,8,8,0,0,0,0
18,000,STATE - ASSAM,93,931,9319,Other sports activities,30,22,8,14,12,2,16,10,6,6,4,2,6,4,2,0,0,0
18,000,STATE - ASSAM,93,932,9321,Activities of amusement parks and theme parks,0,0,0,0,0,0,0,0,0,4,2,2,4,2,2,0,0,0
18,000,STATE - ASSAM,93,932,9329,Other amusement and recreation activities n.e.c.,85,63,22,54,38,16,31,25,6,26,14,12,24,12,12,2,2,0
18,000,STATE - ASSAM,94,941,9411,Activities of business and employers membership organizations,46,32,14,38,26,12,8,6,2,10,10,0,10,10,0,0,0,0
18,000,STATE - ASSAM,94,941,9412,Activities of professional membership organizations,6,6,0,0,0,0,6,6,0,2,2,0,2,2,0,0,0,0
18,000,STATE - ASSAM,94,942,9420,Activities of trade unions,8,6,2,6,4,2,2,2,0,0,0,0,0,0,0,0,0,0
18,000,STATE - ASSAM,94,949,9491,Activities of religious organizations,546,482,64,406,358,48,140,124,16,124,68,56,108,60,48,16,8,8
18,000,STATE - ASSAM,94,949,9492,Activities of political organizations,671,579,92,564,486,78,107,93,14,124,94,30,116,86,30,8,8,0
18,000,STATE - ASSAM,94,949,9499,Activities of other membership organizations n.e.c.,90,64,26,68,48,20,22,16,6,10,0,10,4,0,4,6,0,6
18,000,STATE - ASSAM,95,951,9511,Repair of computers and peripheral equipment,32,30,2,20,18,2,12,12,0,10,10,0,8,8,0,2,2,0
18,000,STATE - ASSAM,95,951,9512,Repair of communication equipment,20,18,2,16,14,2,4,4,0,12,12,0,6,6,0,6,6,0
18,000,STATE - ASSAM,95,952,9521,Repair of consumer electronics,70,64,6,62,56,6,8,8,0,22,8,14,22,8,14,0,0,0
18,000,STATE - ASSAM,95,952,9522,Repair of household appliances and home and garden equipment,28,26,2,20,18,2,8,8,0,6,6,0,6,6,0,0,0,0
18,000,STATE - ASSAM,95,952,9523,Repair of footwear and leather goods,12,12,0,12,12,0,0,0,0,2,0,2,2,0,2,0,0,0
18,000,STATE - ASSAM,95,952,9524,Repair of furniture and home furnishings,2,2,0,0,0,0,2,2,0,0,0,0,0,0,0,0,0,0
18,000,STATE - ASSAM,95,952,9529,"Repair of personal and household goods, n.e.c.",832,810,22,766,756,10,66,54,12,172,152,20,168,150,18,4,2,2
18,000,STATE - ASSAM,96,960,9601,Washing and (dry-) cleaning of textile and fur products,26,22,4,16,14,2,10,8,2,6,2,4,6,2,4,0,0,0
18,000,STATE - ASSAM,96,960,9602,Hairdressing and other beauty treatment,412,243,169,324,230,94,88,13,75,88,34,54,76,34,42,12,0,12
18,000,STATE - ASSAM,96,960,9603,Funeral and related activities,0,0,0,0,0,0,0,0,0,2,2,0,2,2,0,0,0,0
18,000,STATE - ASSAM,96,960,9609,Other personal service activities n.e.c.,1151,993,158,864,746,118,287,247,40,456,354,102,404,310,94,52,44,8
18,000,STATE - ASSAM,97,970,9700,Activities of households as employers of domestic personnel,1530,764,766,1042,524,518,488,240,248,967,258,709,820,206,614,147,52,95
18,000,STATE - ASSAM,98,981,9810,Undifferentiated goods-producing activities of private households for own,18,10,8,10,6,4,8,4,4,2,0,2,2,0,2,0,0,0
18,000,STATE - ASSAM,98,982,9820,Undifferentiated service-producing activities of private households for own,12,6,6,12,6,6,0,0,0,2,0,2,2,0,2,0,0,0
18,000,STATE - ASSAM,99,990,9900,Activities of extraterritorial organizations and bodies,2,2,0,0,0,0,2,2,0,0,0,0,0,0,0,0,0,0
10,000,STATE - BIHAR,01,011,0111,"Growing of cereals (except rice), leguminous crops and oil seeds",1,1,0,1,1,0,0,0,0,0,0,0,0,0,0,0,0,0
10,000,STATE - BIHAR,01,011,0114,Growing of sugar cane,1,1,0,1,1,0,0,0,0,0,0,0,0,0,0,0,0,0
10,000,STATE - BIHAR,01,011,0119,Growing of other non-perennial crop,6,6,0,6,6,0,0,0,0,2,0,2,2,0,2,0,0,0
10,000,STATE - BIHAR,01,012,0124,Growing of pome fruits and stone fruits,0,0,0,0,0,0,0,0,0,1,1,0,0,0,0,1,1,0
10,000,STATE - BIHAR,01,012,0125,Growing of other tree and bush fruits and nuts,6,6,0,0,0,0,6,6,0,2,2,0,0,0,0,2,2,0
10,000,STATE - BIHAR,01,012,0126,Growing of oleaginous fruits,2,2,0,2,2,0,0,0,0,0,0,0,0,0,0,0,0,0
10,000,STATE - BIHAR,01,012,0127,Growing of beverage crops,383,207,176,333,189,144,50,18,32,177,54,123,177,54,123,0,0,0
10,000,STATE - BIHAR,01,012,0128,"Growing of spices, aromatic, drug and pharmaceutical crops",1,1,0,1,1,0,0,0,0,2,1,1,2,1,1,0,0,0
10,000,STATE - BIHAR,01,012,0129,Growing of other perennial crops,3,3,0,1,1,0,2,2,0,10,10,0,0,0,0,10,10,0
10,000,STATE - BIHAR,01,013,0130,Plant propagation,14,14,0,2,2,0,12,12,0,26,23,3,12,11,1,14,12,2
10,000,STATE - BIHAR,01,014,0141,Raising of cattle and buffaloes,421,276,145,381,243,138,40,33,7,365,164,201,306,116,190,59,48,11
10,000,STATE - BIHAR,01,014,0142,Raising of horses and other equines,1,1,0,1,1,0,0,0,0,0,0,0,0,0,0,0,0,0
10,000,STATE - BIHAR,01,014,0144,Raising of sheep and goats,67,16,51,67,16,51,0,0,0,118,32,86,116,30,86,2,2,0
10,000,STATE - BIHAR,01,014,0145,Raising of swine/pigs,18,12,6,18,12,6,0,0,0,19,8,11,19,8,11,0,0,0
10,000,STATE - BIHAR,01,014,0146,Raising of poultry,10,8,2,10,8,2,0,0,0,6,2,4,4,2,2,2,0,2
10,000,STATE - BIHAR,01,014,0149,Raising of other animals,10,8,2,8,6,2,2,2,0,21,17,4,13,9,4,8,8,0
10,000,STATE - BIHAR,01,015,0150,Mixed farming,2,2,0,2,2,0,0,0,0,1,1,0,1,1,0,0,0,0
10,000,STATE - BIHAR,01,016,0161,Support activities for crop production,12,12,0,10,10,0,2,2,0,6,4,2,6,4,2,0,0,0
10,000,STATE - BIHAR,01,016,0162,Support activities for animal production,6,3,3,6,3,3,0,0,0,12,2,10,12,2,10,0,0,0
10,000,STATE - BIHAR,01,017,0170,"Hunting, trapping and related service activities",16,16,0,14,14,0,2,2,0,1,1,0,1,1,0,0,0,0
10,000,STATE - BIHAR,02,021,0210,Silviculture and other forestry activities,19,17,2,9,7,2,10,10,0,32,29,3,28,25,3,4,4,0
10,000,STATE - BIHAR,02,022,0220,Logging,400,275,125,392,269,123,8,6,2,245,129,116,237,125,112,8,4,4
10,000,STATE - BIHAR,02,023,0230,Gathering of non-wood forest products,51,43,8,51,43,8,0,0,0,37,18,19,35,16,19,2,2,0
10,000,STATE - BIHAR,02,024,0240,Support services to forestry,6,5,1,6,5,1,0,0,0,1,1,0,1,1,0,0,0,0
10,000,STATE - BIHAR,03,031,0311,Marine fishing,2,2,0,2,2,0,0,0,0,0,0,0,0,0,0,0,0,0
10,000,STATE - BIHAR,03,031,0312,Freash water fishing,3,3,0,3,3,0,0,0,0,20,15,5,20,15,5,0,0,0
10,000,STATE - BIHAR,05,051,0510,Mining of hard coal,57,54,3,55,52,3,2,2,0,3,2,1,3,2,1,0,0,0
10,000,STATE - BIHAR,08,081,0810,"Quarrying of stone, sand and clay",686,429,257,668,411,257,18,18,0,210,122,88,202,116,86,8,6,2
10,000,STATE - BIHAR,08,089,0899,Other mining and quarrying n.e.c.,4,2,2,4,2,2,0,0,0,2,2,0,0,0,0,2,2,0
10,000,STATE - BIHAR,09,091,0910,Support activities for petroleum and natural gas mining,2,2,0,0,0,0,2,2,0,0,0,0,0,0,0,0,0,0
10,000,STATE - BIHAR,10,101,1010,Processing and preserving of meat,27,19,8,27,19,8,0,0,0,29,12,17,29,12,17,0,0,0
10,000,STATE - BIHAR,10,102,1020,"Processing and preserving of fish, crustaceans and molluscs and",1,0,1,1,0,1,0,0,0,2,0,2,2,0,2,0,0,0
10,000,STATE - BIHAR,10,103,1030,Processing and preserving of fruit and vegetables,16,11,5,12,7,5,4,4,0,20,17,3,20,17,3,0,0,0
10,000,STATE - BIHAR,10,104,1040,Manufacture of vegetable and animal oils and fats,5,5,0,3,3,0,2,2,0,1,1,0,1,1,0,0,0,0
10,000,STATE - BIHAR,10,105,1050,Manufacture of dairy products,345,189,156,328,175,153,17,14,3,350,159,191,340,155,185,10,4,6
10,000,STATE - BIHAR,10,106,1061,Manufacture of grain mill products,322,233,89,296,210,86,26,23,3,191,94,97,190,93,97,1,1,0
10,000,STATE - BIHAR,10,107,1071,Manufacture of bakery products,18,17,1,13,12,1,5,5,0,6,6,0,6,6,0,0,0,0
10,000,STATE - BIHAR,10,107,1072,Manufacture of sugar,68,66,2,48,46,2,20,20,0,41,37,4,37,33,4,4,4,0
10,000,STATE - BIHAR,10,107,1073,"Manufacture of cocoa, chocolate and sugar confectionery",79,73,6,58,52,6,21,21,0,51,48,3,38,37,1,13,11,2
10,000,STATE - BIHAR,10,107,1075,Manufacture of prepared meals and dishes,273,235,38,234,205,29,39,30,9,174,113,61,145,89,56,29,24,5
10,000,STATE - BIHAR,10,107,1079,Manufacture of other food products n.e.c.,280,159,121,233,126,107,47,33,14,268,84,184,246,75,171,22,9,13
10,000,STATE - BIHAR,10,108,1080,Manufacture of prepared animal feeds,8,8,0,6,6,0,2,2,0,31,7,24,23,7,16,8,0,8
10,000,STATE - BIHAR,11,110,1101,"Distilling, rectifying and blending of spirits; ethyl alcohol production",1,0,1,1,0,1,0,0,0,4,0,4,2,0,2,2,0,2
10,000,STATE - BIHAR,11,110,1102,Manufacture of wines,2,2,0,1,1,0,1,1,0,2,2,0,2,2,0,0,0,0
10,000,STATE - BIHAR,11,110,1103,Manufacture of malt liquors and malt,17,10,7,13,6,7,4,4,0,7,2,5,7,2,5,0,0,0
10,000,STATE - BIHAR,11,110,1104,Manufacture of soft drinks; production of mineral waters and other,12,12,0,10,10,0,2,2,0,7,6,1,7,6,1,0,0,0
10,000,STATE - BIHAR,12,120,1200,Manufacture of tobacco products,530,152,378,481,126,355,49,26,23,442,70,372,436,68,368,6,2,4
10,000,STATE - BIHAR,13,131,1311,Preparation and spinning of textile fibres,330,270,60,283,225,58,47,45,2,535,388,147,505,369,136,30,19,11
10,000,STATE - BIHAR,13,131,1312,Weaving of textiles,80,72,8,60,52,8,20,20,0,39,31,8,37,29,8,2,2,0
10,000,STATE - BIHAR,13,131,1313,Finishing of textiles,18,18,0,14,14,0,4,4,0,8,8,0,8,8,0,0,0,0
10,000,STATE - BIHAR,13,139,1391,Manufacture of knitted and crocheted fabrics,0,0,0,0,0,0,0,0,0,1,1,0,1,1,0,0,0,0
10,000,STATE - BIHAR,13,139,1392,"Manufacture of made-up textile articles, except apparel",2,0,2,2,0,2,0,0,0,3,3,0,1,1,0,2,2,0
10,000,STATE - BIHAR,13,139,1393,Manufacture of carpets and rugs,13,13,0,13,13,0,0,0,0,8,7,1,8,7,1,0,0,0
10,000,STATE - BIHAR,13,139,1394,"Manufacture of cordage, rope, twine and netting",43,41,2,37,35,2,6,6,0,17,10,7,17,10,7,0,0,0
10,000,STATE - BIHAR,13,139,1399,Manufacture of other textiles n.e.c.,14,13,1,12,11,1,2,2,0,8,8,0,8,8,0,0,0,0
10,000,STATE - BIHAR,14,141,1410,"Manufacture of wearing apparel, except fur apparel",539,461,78,488,419,69,51,42,9,205,126,79,169,107,62,36,19,17
10,000,STATE - BIHAR,14,142,1420,Manufacture of articles of fur,9,8,1,9,8,1,0,0,0,1,1,0,1,1,0,0,0,0
10,000,STATE - BIHAR,14,143,1430,Manufacture of knitted and crocheted apparel,1,1,0,1,1,0,0,0,0,0,0,0,0,0,0,0,0,0
10,000,STATE - BIHAR,15,151,1511,Tanning and dressing of leather; dressing and dyeing of fur,2,2,0,2,2,0,0,0,0,0,0,0,0,0,0,0,0,0
10,000,STATE - BIHAR,15,151,1512,"Manufacture of luggage, handbags and the like, saddlery and harness",4,4,0,2,2,0,2,2,0,3,3,0,1,1,0,2,2,0
10,000,STATE - BIHAR,15,152,1520,Manufacture of footwear,25,21,4,15,15,0,10,6,4,10,8,2,9,7,2,1,1,0
10,000,STATE - BIHAR,16,161,1610,Saw milling and planing of wood,58,56,2,44,42,2,14,14,0,17,16,1,17,16,1,0,0,0
10,000,STATE - BIHAR,16,162,1621,"Manufacture of veneer sheets; manufacture of plywood, laminboard,",39,27,12,21,21,0,18,6,12,9,9,0,3,3,0,6,6,0
10,000,STATE - BIHAR,16,162,1622,Manufacture of builders carpentry and joinery,140,140,0,120,120,0,20,20,0,92,88,4,84,80,4,8,8,0
10,000,STATE - BIHAR,16,162,1623,Manufacture of wooden containers,769,468,301,763,462,301,6,6,0,391,181,210,383,177,206,8,4,4
10,000,STATE - BIHAR,16,162,1629,"Manufacture of other products of wood; manufacture of articles of cork,",710,225,485,688,205,483,22,20,2,2031,372,1659,2023,366,1657,8,6,2
10,000,STATE - BIHAR,17,170,1701,"Manufacture of pulp, paper and paperboard",4,4,0,2,2,0,2,2,0,0,0,0,0,0,0,0,0,0
10,000,STATE - BIHAR,17,170,1702,Manufacture of corrugated paper and paperboard and containers of,1,1,0,1,1,0,0,0,0,1,1,0,1,1,0,0,0,0
10,000,STATE - BIHAR,17,170,1709,Manufacture of other articles of paper and paperboard,129,43,86,125,41,84,4,2,2,248,51,197,248,51,197,0,0,0
10,000,STATE - BIHAR,18,181,1811,Printing,10,10,0,8,8,0,2,2,0,6,6,0,4,4,0,2,2,0
10,000,STATE - BIHAR,18,181,1812,Service activities related to printing,11,11,0,1,1,0,10,10,0,0,0,0,0,0,0,0,0,0
10,000,STATE - BIHAR,19,191,1910,Manufacture of coke oven products,1,1,0,1,1,0,0,0,0,0,0,0,0,0,0,0,0,0
10,000,STATE - BIHAR,19,192,1920,Manufacture of refined petroleum products,17,11,6,3,3,0,14,8,6,1,1,0,1,1,0,0,0,0
10,000,STATE - BIHAR,20,201,2011,Manufacture of basic chemicals,4,4,0,4,4,0,0,0,0,1,1,0,1,1,0,0,0,0
10,000,STATE - BIHAR,20,201,2012,Manufacture of fertilizers and nitrogen compounds,2,2,0,2,2,0,0,0,0,0,0,0,0,0,0,0,0,0
10,000,STATE - BIHAR,20,202,2021,Manufacture of pesticides and other agrochemical products,3,3,0,3,3,0,0,0,0,0,0,0,0,0,0,0,0,0
10,000,STATE - BIHAR,20,202,2022,"Manufacture of paints, varnishes and similar coatings, printing ink and",39,31,8,35,29,6,4,2,2,54,40,14,54,40,14,0,0,0
10,000,STATE - BIHAR,20,202,2023,"Manufacture of soap and detergents, cleaning and polishing preparations,",27,23,4,23,19,4,4,4,0,21,8,13,12,3,9,9,5,4
10,000,STATE - BIHAR,20,202,2029,Manufacture of other chemical products n.e.c.,6,6,0,6,6,0,0,0,0,1,1,0,1,1,0,0,0,0
10,000,STATE - BIHAR,21,210,2100,"Manufacture of pharmaceuticals, medicinal chemical and botanical",18,16,2,10,10,0,8,6,2,2,2,0,2,2,0,0,0,0
10,000,STATE - BIHAR,22,221,2211,Manufacture of rubber tyres and tubes; retreading and rebuilding of,10,10,0,8,8,0,2,2,0,2,2,0,2,2,0,0,0,0
10,000,STATE - BIHAR,22,221,2219,Manufacture of other rubber products,2,2,0,2,2,0,0,0,0,0,0,0,0,0,0,0,0,0
10,000,STATE - BIHAR,22,222,2220,Manufacture of plastics products,5,5,0,5,5,0,0,0,0,5,5,0,3,3,0,2,2,0
10,000,STATE - BIHAR,23,231,2310,Manufacture of glass and glass products,3,2,1,3,2,1,0,0,0,17,8,9,17,8,9,0,0,0
10,000,STATE - BIHAR,23,239,2391,Manufacture of refractory products,17,8,9,15,6,9,2,2,0,38,24,14,38,24,14,0,0,0
10,000,STATE - BIHAR,23,239,2392,Manufacture of clay building materials,1136,797,339,1044,731,313,92,66,26,1492,914,578,1402,876,526,90,38,52
10,000,STATE - BIHAR,23,239,2393,Manufacture of other porcelain and ceramic products,24,21,3,17,14,3,7,7,0,20,15,5,20,15,5,0,0,0
10,000,STATE - BIHAR,23,239,2394,"Manufacture of cement, lime and plaster",19,19,0,19,19,0,0,0,0,1,1,0,1,1,0,0,0,0
10,000,STATE - BIHAR,23,239,2395,"Manufacture of articles of concrete, cement and plaster",26,18,8,24,16,8,2,2,0,63,31,32,63,31,32,0,0,0
10,000,STATE - BIHAR,23,239,2396,"Cutting, shaping and finishing of stone",58,46,12,46,36,10,12,10,2,93,62,31,87,56,31,6,6,0
10,000,STATE - BIHAR,23,239,2399,Manufacture of other non-metallic mineral products n.e.c.,1,1,0,1,1,0,0,0,0,2,2,0,2,2,0,0,0,0
10,000,STATE - BIHAR,24,241,2410,Manufacture of basic iron and steel,94,92,2,84,84,0,10,8,2,20,20,0,20,20,0,0,0,0
10,000,STATE - BIHAR,24,242,2420,Manufacture of basic precious and other non-ferrous metals,2,2,0,0,0,0,2,2,0,0,0,0,0,0,0,0,0,0
10,000,STATE - BIHAR,24,243,2431,Casting of iron and steel,89,73,16,81,69,12,8,4,4,33,25,8,29,25,4,4,0,4
10,000,STATE - BIHAR,24,243,2432,Casting of non-ferrous metals,7,7,0,7,7,0,0,0,0,2,2,0,0,0,0,2,2,0
10,000,STATE - BIHAR,25,251,2511,Manufacture of structural metal products,71,71,0,61,61,0,10,10,0,41,41,0,41,41,0,0,0,0
10,000,STATE - BIHAR,25,251,2512,"Manufacture of tanks, reservoirs and containers of metal",1,1,0,1,1,0,0,0,0,0,0,0,0,0,0,0,0,0
10,000,STATE - BIHAR,25,251,2513,"Manufacture of steam generators, except central heating hot water",4,4,0,0,0,0,4,4,0,1,1,0,1,1,0,0,0,0
10,000,STATE - BIHAR,25,252,2520,Manufacture of weapons and ammunition,6,6,0,6,6,0,0,0,0,0,0,0,0,0,0,0,0,0
10,000,STATE - BIHAR,25,259,2593,"Manufacture of cutlery, hand tools and general hardware",202,191,11,187,176,11,15,15,0,69,62,7,67,60,7,2,2,0
10,000,STATE - BIHAR,25,259,2599,Manufacture of other fabricated metal products n.e.c.,30,29,1,28,27,1,2,2,0,31,23,8,31,23,8,0,0,0
10,000,STATE - BIHAR,26,261,2610,Manufacture of electronic components,0,0,0,0,0,0,0,0,0,1,1,0,1,1,0,0,0,0
10,000,STATE - BIHAR,26,262,2620,Manufacture of computers and peripheral equipment,2,2,0,2,2,0,0,0,0,0,0,0,0,0,0,0,0,0
10,000,STATE - BIHAR,26,263,2630,Manufacture of communication equipment,8,8,0,6,6,0,2,2,0,2,2,0,2,2,0,0,0,0
10,000,STATE - BIHAR,26,264,2640,Manufacture of consumer electronics,1,1,0,1,1,0,0,0,0,1,1,0,1,1,0,0,0,0
10,000,STATE - BIHAR,27,271,2710,"Manufacture of electric motors, generators, transformers and electricity",21,21,0,15,15,0,6,6,0,18,18,0,18,18,0,0,0,0
10,000,STATE - BIHAR,27,272,2720,Manufacture of batteries and accumulators,8,8,0,8,8,0,0,0,0,0,0,0,0,0,0,0,0,0
10,000,STATE - BIHAR,27,273,2732,Manufacture of other electronic and electric wires and cables,1,1,0,1,1,0,0,0,0,0,0,0,0,0,0,0,0,0
10,000,STATE - BIHAR,27,274,2740,Manufacture of electric lighting equipment,5,5,0,0,0,0,5,5,0,1,1,0,1,1,0,0,0,0
10,000,STATE - BIHAR,27,275,2750,Manufacture of domestic appliances,3,2,1,3,2,1,0,0,0,1,1,0,1,1,0,0,0,0
10,000,STATE - BIHAR,28,281,2813,"Manufacture of other pumps, compressors, taps and valves",3,3,0,3,3,0,0,0,0,3,3,0,3,3,0,0,0,0
10,000,STATE - BIHAR,28,281,2814,"Manufacture of bearings, gears, gearing and driving elements",2,2,0,0,0,0,2,2,0,0,0,0,0,0,0,0,0,0
10,000,STATE - BIHAR,28,281,2816,Manufacture of lifting and handling equipment,1,0,1,1,0,1,0,0,0,0,0,0,0,0,0,0,0,0
10,000,STATE - BIHAR,28,281,2819,Manufacture of other general-purpose machinery,0,0,0,0,0,0,0,0,0,3,1,2,3,1,2,0,0,0
10,000,STATE - BIHAR,28,282,2821,Manufacture of agricultural and forestry machinery,3,3,0,3,3,0,0,0,0,8,8,0,8,8,0,0,0,0
10,000,STATE - BIHAR,28,282,2822,Manufacture of metal-forming machinery and machine tools,4,4,0,4,4,0,0,0,0,0,0,0,0,0,0,0,0,0
10,000,STATE - BIHAR,28,282,2824,"Manufacture of machinery for mining, quarrying and construction",4,2,2,4,2,2,0,0,0,7,5,2,7,5,2,0,0,0
10,000,STATE - BIHAR,28,282,2825,"Manufacture of machinery for food, beverage and tobacco processing",0,0,0,0,0,0,0,0,0,1,0,1,0,0,0,1,0,1
10,000,STATE - BIHAR,28,282,2826,"Manufacture of machinery for textile, apparel and leather production",2,2,0,2,2,0,0,0,0,2,2,0,0,0,0,2,2,0
10,000,STATE - BIHAR,28,282,2829,Manufacture of other special-purpose machinery,1,1,0,1,1,0,0,0,0,0,0,0,0,0,0,0,0,0
10,000,STATE - BIHAR,29,291,2910,Manufacture of motor vehicles,3,3,0,1,1,0,2,2,0,1,1,0,1,1,0,0,0,0
10,000,STATE - BIHAR,29,292,2920,Manufacture of bodies (coachwork) for motor vehicles; manufacture of trailers and semi-trailers,7,7,0,3,3,0,4,4,0,0,0,0,0,0,0,0,0,0
10,000,STATE - BIHAR,29,293,2930,Manufacture of parts and accessories for motor vehicles,2,2,0,2,2,0,0,0,0,0,0,0,0,0,0,0,0,0
10,000,STATE - BIHAR,30,301,3011,Building of ships and floating structures,0,0,0,0,0,0,0,0,0,4,4,0,4,4,0,0,0,0
10,000,STATE - BIHAR,30,302,3020,Manufacture of railway locomotives and rolling stock,136,128,8,64,62,2,72,66,6,13,13,0,11,11,0,2,2,0
10,000,STATE - BIHAR,30,303,3030,Manufacture of air and spacecraft and related machinery,0,0,0,0,0,0,0,0,0,2,2,0,2,2,0,0,0,0
10,000,STATE - BIHAR,30,309,3092,Manufacture of bicycles and invalid carriages,5,5,0,3,3,0,2,2,0,0,0,0,0,0,0,0,0,0
10,000,STATE - BIHAR,30,309,3099,Manufacture of other transport equipment n.e.c.,101,97,4,69,65,4,32,32,0,26,26,0,19,19,0,7,7,0
10,000,STATE - BIHAR,31,310,3100,Manufacture of furniture,121,111,10,106,98,8,15,13,2,73,70,3,71,68,3,2,2,0
10,000,STATE - BIHAR,32,321,3211,Manufacture of jewellery and related articles,20,20,0,20,20,0,0,0,0,1,1,0,1,1,0,0,0,0
10,000,STATE - BIHAR,32,321,3212,Manufacture of imitation jewellery and related articles,2,1,1,2,1,1,0,0,0,0,0,0,0,0,0,0,0,0
10,000,STATE - BIHAR,32,322,3220,Manufacture of musical instruments,0,0,0,0,0,0,0,0,0,1,1,0,1,1,0,0,0,0
10,000,STATE - BIHAR,32,323,3230,Manufacture of sports goods,2,2,0,2,2,0,0,0,0,0,0,0,0,0,0,0,0,0
10,000,STATE - BIHAR,32,324,3240,Manufacture of games and toys,0,0,0,0,0,0,0,0,0,9,4,5,9,4,5,0,0,0
10,000,STATE - BIHAR,32,325,3250,Manufacture of medical and dental instruments and supplies,0,0,0,0,0,0,0,0,0,2,2,0,0,0,0,2,2,0
10,000,STATE - BIHAR,32,329,3290,Other manufacturing n.e.c.,227,213,14,204,192,12,23,21,2,167,108,59,167,108,59,0,0,0
10,000,STATE - BIHAR,33,331,3311,Repair of fabricated metal products,7,7,0,5,5,0,2,2,0,6,6,0,4,4,0,2,2,0
10,000,STATE - BIHAR,33,331,3312,Repair of machinery,39,37,2,17,17,0,22,20,2,20,20,0,13,13,0,7,7,0
10,000,STATE - BIHAR,33,331,3313,Repair of electronic and optical equipment,2,2,0,0,0,0,2,2,0,1,1,0,1,1,0,0,0,0
10,000,STATE - BIHAR,33,331,3314,Repair of electrical equipment,58,54,4,22,22,0,36,32,4,15,13,2,15,13,2,0,0,0
10,000,STATE - BIHAR,33,331,3315,"Repair of transport equipment, except motor vehicles",15,15,0,7,7,0,8,8,0,6,6,0,6,6,0,0,0,0
10,000,STATE - BIHAR,33,331,3319,Repair of other equipment,4,4,0,4,4,0,0,0,0,0,0,0,0,0,0,0,0,0
10,000,STATE - BIHAR,33,332,3320,Installation of industrial machinery and equipment,0,0,0,0,0,0,0,0,0,1,1,0,1,1,0,0,0,0
10,000,STATE - BIHAR,35,351,3510,"Electric power generation, transmission and distribution",119,118,1,80,79,1,39,39,0,19,19,0,19,19,0,0,0,0
10,000,STATE - BIHAR,35,352,3520,Manufacture of gas; distribution of gaseous fuels through mains,3,3,0,1,1,0,2,2,0,0,0,0,0,0,0,0,0,0
10,000,STATE - BIHAR,36,360,3600,"Water collection, treatment and supply",7,7,0,7,7,0,0,0,0,0,0,0,0,0,0,0,0,0
10,000,STATE - BIHAR,38,381,3811,Collection of non-hazardous waste,13,9,4,5,3,2,8,6,2,24,17,7,22,15,7,2,2,0
10,000,STATE - BIHAR,38,381,3812,Collection of hazardous waste,3,1,2,1,1,0,2,0,2,8,5,3,4,3,1,4,2,2
10,000,STATE - BIHAR,38,382,3821,Treatment and disposal of non-hazardous waste,0,0,0,0,0,0,0,0,0,5,4,1,5,4,1,0,0,0
10,000,STATE - BIHAR,41,410,4100,Construction of buildings,3555,3322,233,2794,2632,162,761,690,71,2176,1969,207,1935,1765,170,241,204,37
10,000,STATE - BIHAR,42,421,4210,Construction roads and railways,704,628,76,624,552,72,80,76,4,1067,872,195,1041,850,191,26,22,4
10,000,STATE - BIHAR,42,422,4220,Construction of utility projects,54,53,1,50,49,1,4,4,0,67,46,21,63,42,21,4,4,0
10,000,STATE - BIHAR,42,429,4290,Construction of other civil engineering projects,168,165,3,131,130,1,37,35,2,78,64,14,74,60,14,4,4,0
10,000,STATE - BIHAR,43,431,4312,Site preparation,7,7,0,7,7,0,0,0,0,60,52,8,56,48,8,4,4,0
10,000,STATE - BIHAR,43,432,4321,Electrical installation,29,29,0,21,21,0,8,8,0,9,9,0,8,8,0,1,1,0
10,000,STATE - BIHAR,43,432,4322,"Plumbing, heat and air-conditioning installation",96,96,0,82,82,0,14,14,0,61,61,0,50,50,0,11,11,0
10,000,STATE - BIHAR,43,432,4329,Other construction installation,1600,1386,214,1222,1071,151,378,315,63,1817,1398,419,1666,1289,377,151,109,42
10,000,STATE - BIHAR,43,433,4330,Building completion and finishing,549,508,41,355,330,25,194,178,16,426,360,66,348,306,42,78,54,24
10,000,STATE - BIHAR,45,451,4510,Sale of motor vehicles,2,2,0,0,0,0,2,2,0,0,0,0,0,0,0,0,0,0
10,000,STATE - BIHAR,45,452,4520,Maintenance and repair of motor vehicles,97,95,2,66,65,1,31,30,1,24,23,1,15,14,1,9,9,0
10,000,STATE - BIHAR,45,453,4530,Sale of motor vehicle parts and accessories,11,11,0,11,11,0,0,0,0,2,2,0,2,2,0,0,0,0
10,000,STATE - BIHAR,45,454,4540,"Sale, maintenance and repair of motorcycles and related parts and",34,34,0,19,19,0,15,15,0,10,10,0,10,10,0,0,0,0
10,000,STATE - BIHAR,46,461,4610,Wholesale on a fee or contract basis,19,16,3,9,6,3,10,10,0,16,9,7,14,7,7,2,2,0
10,000,STATE - BIHAR,46,462,4620,Wholesale of agricultural raw materials and live animals,63,59,4,39,35,4,24,24,0,11,10,1,9,8,1,2,2,0
10,000,STATE - BIHAR,46,463,4630,"Wholesale of food, beverages and tobacco",13,13,0,7,7,0,6,6,0,1,0,1,1,0,1,0,0,0
10,000,STATE - BIHAR,46,464,4641,"Wholesale of textiles, clothing and footwear",2,2,0,2,2,0,0,0,0,0,0,0,0,0,0,0,0,0
10,000,STATE - BIHAR,46,464,4649,Wholesale of other household goods,17,14,3,13,12,1,4,2,2,6,6,0,4,4,0,2,2,0
10,000,STATE - BIHAR,46,465,4652,Wholesale of electronic and telecommunications equipment and parts,3,3,0,3,3,0,0,0,0,9,7,2,3,3,0,6,4,2
10,000,STATE - BIHAR,46,465,4653,"Wholesale of agricultural machinery, equipment and supplies",1,1,0,1,1,0,0,0,0,0,0,0,0,0,0,0,0,0
10,000,STATE - BIHAR,46,465,4659,Wholesale of other machinery and equipment,1,1,0,1,1,0,0,0,0,3,2,1,3,2,1,0,0,0
10,000,STATE - BIHAR,46,466,4663,"Wholesale of construction materials, hardware, plumbing and heating",5,5,0,5,5,0,0,0,0,1,1,0,1,1,0,0,0,0
10,000,STATE - BIHAR,46,466,4669,Wholesale of waste and scrap and other products n.e.c.,25,22,3,11,9,2,14,13,1,7,4,3,7,4,3,0,0,0
10,000,STATE - BIHAR,46,469,4690,Non-specialized wholesale trade,5,5,0,5,5,0,0,0,0,0,0,0,0,0,0,0,0,0
10,000,STATE - BIHAR,47,471,4711,"Retail sale in non-specialized stores with food, beverages or tobacco",212,205,7,153,146,7,59,59,0,40,36,4,38,36,2,2,0,2
10,000,STATE - BIHAR,47,471,4719,Other retail sale in non-specialized stores,147,137,10,102,92,10,45,45,0,38,33,5,23,18,5,15,15,0
10,000,STATE - BIHAR,47,472,4721,Retail sale of food in specialized stores,1586,1473,113,1188,1095,93,398,378,20,461,402,59,397,350,47,64,52,12
10,000,STATE - BIHAR,47,472,4722,Retail sale of beverages in specialized stores,25,21,4,19,15,4,6,6,0,10,5,5,10,5,5,0,0,0
10,000,STATE - BIHAR,47,472,4723,Retail sale of tobacco products in specialized stores,37,37,0,30,30,0,7,7,0,10,9,1,6,5,1,4,4,0
10,000,STATE - BIHAR,47,473,4730,Retail sale of automotive fuel in specialized stores,21,21,0,14,14,0,7,7,0,5,4,1,3,2,1,2,2,0
10,000,STATE - BIHAR,47,474,4741,"Retail sale of computers, peripheral units, software and",13,13,0,7,7,0,6,6,0,6,6,0,2,2,0,4,4,0
10,000,STATE - BIHAR,47,474,4742,Retail sale of audio and video equipment in specialized stores,3,3,0,1,1,0,2,2,0,0,0,0,0,0,0,0,0,0
10,000,STATE - BIHAR,47,475,4751,Retail sale of textiles in specialized stores,103,101,2,45,45,0,58,56,2,14,14,0,10,10,0,4,4,0
10,000,STATE - BIHAR,47,475,4752,"Retail sale of hardware, paints and glass in specialized stores",197,166,31,157,126,31,40,40,0,101,69,32,99,67,32,2,2,0
10,000,STATE - BIHAR,47,475,4759,"Retail sale of electrical household appliances, furniture, lighting",88,82,6,65,61,4,23,21,2,15,13,2,7,7,0,8,6,2
10,000,STATE - BIHAR,47,476,4761,"Retail sale of books, newspapers and stationary in specialized stores",70,69,1,27,26,1,43,43,0,19,19,0,11,11,0,8,8,0
10,000,STATE - BIHAR,47,476,4764,Retail sale of games and toys in specialized stores,13,8,5,13,8,5,0,0,0,6,4,2,6,4,2,0,0,0
10,000,STATE - BIHAR,47,477,4771,"Retail sale of clothing, footwear and leather articles in specialized",92,92,0,48,48,0,44,44,0,28,23,5,19,16,3,9,7,2
10,000,STATE - BIHAR,47,477,4772,"Retail sale of pharmaceutical and medical goods, cosmetic and toilet",133,123,10,85,81,4,48,42,6,53,50,3,40,38,2,13,12,1
10,000,STATE - BIHAR,47,477,4773,Other retail sale of new goods in specialized stores,109,105,4,89,87,2,20,18,2,47,30,17,41,26,15,6,4,2
10,000,STATE - BIHAR,47,477,4774,Retail sale of second-hand goods,2,2,0,0,0,0,2,2,0,0,0,0,0,0,0,0,0,0
10,000,STATE - BIHAR,47,478,4781,"Retail sale via stalls and markets of food, beverages and tobacco",12,12,0,8,8,0,4,4,0,5,3,2,5,3,2,0,0,0
10,000,STATE - BIHAR,47,478,4782,"Retail sale via stalls and markets of textiles, clothing and footwear",28,19,9,16,7,9,12,12,0,7,7,0,7,7,0,0,0,0
10,000,STATE - BIHAR,47,478,4789,Retail sale via stalls and markets of other goods,19,19,0,15,15,0,4,4,0,2,2,0,0,0,0,2,2,0
10,000,STATE - BIHAR,47,479,4791,Retail sale via mail order houses or via Internet,2,2,0,2,2,0,0,0,0,0,0,0,0,0,0,0,0,0
10,000,STATE - BIHAR,47,479,4799,"Other retail sale not in stores, stalls or markets",139,135,4,78,75,3,61,60,1,78,66,12,48,36,12,30,30,0
10,000,STATE - BIHAR,49,491,4911,Passenger rail transport,2107,2017,90,1280,1243,37,827,774,53,64,64,0,45,45,0,19,19,0
10,000,STATE - BIHAR,49,491,4912,Freight rail transport,273,259,14,154,147,7,119,112,7,11,9,2,5,5,0,6,4,2
10,000,STATE - BIHAR,49,492,4921,Urban or suburban passenger land transport,60,60,0,46,46,0,14,14,0,29,29,0,22,22,0,7,7,0
10,000,STATE - BIHAR,49,492,4922,Other passenger land transport,647,641,6,406,402,4,241,239,2,202,197,5,148,145,3,54,52,2
10,000,STATE - BIHAR,49,492,4923,Freight transport by road,519,510,9,366,359,7,153,151,2,168,161,7,138,135,3,30,26,4
10,000,STATE - BIHAR,49,493,4930,Transport via pipeline,5,5,0,2,2,0,3,3,0,0,0,0,0,0,0,0,0,0
10,000,STATE - BIHAR,50,501,5011,Sea and coastal passenger water transport,1,1,0,1,1,0,0,0,0,0,0,0,0,0,0,0,0,0
10,000,STATE - BIHAR,50,502,5021,Inland passenger water transport,2,2,0,2,2,0,0,0,0,1,1,0,1,1,0,0,0,0
10,000,STATE - BIHAR,50,502,5022,Inland freight water transport,1,1,0,1,1,0,0,0,0,0,0,0,0,0,0,0,0,0
10,000,STATE - BIHAR,51,511,5110,Passenger air transport,15,15,0,8,8,0,7,7,0,0,0,0,0,0,0,0,0,0
10,000,STATE - BIHAR,51,512,5120,Freight air transport,4,4,0,2,2,0,2,2,0,0,0,0,0,0,0,0,0,0
10,000,STATE - BIHAR,52,521,5210,Warehousing and storage,87,80,7,57,54,3,30,26,4,7,7,0,5,5,0,2,2,0
10,000,STATE - BIHAR,52,522,5221,Service activities incidental to land transportation,104,102,2,52,51,1,52,51,1,2,2,0,2,2,0,0,0,0
10,000,STATE - BIHAR,52,522,5223,Service activities incidental to air transportation,6,4,2,4,2,2,2,2,0,1,1,0,1,1,0,0,0,0
10,000,STATE - BIHAR,53,531,5310,Postal activities,334,303,31,222,207,15,112,96,16,13,12,1,11,10,1,2,2,0
10,000,STATE - BIHAR,55,551,5510,Short term accommodation activities,115,101,14,87,79,8,28,22,6,24,22,2,20,18,2,4,4,0
10,000,STATE - BIHAR,55,552,5520,"Camping grounds, recreational vehicle parks and trailer parks",1,1,0,1,1,0,0,0,0,0,0,0,0,0,0,0,0,0
10,000,STATE - BIHAR,55,559,5590,Other accommodation,18,11,7,8,5,3,10,6,4,3,3,0,1,1,0,2,2,0
10,000,STATE - BIHAR,56,561,5610,Restaurants and mobile food service activities,188,168,20,118,102,16,70,66,4,42,36,6,40,34,6,2,2,0
10,000,STATE - BIHAR,56,562,5621,Event catering,11,9,2,3,3,0,8,6,2,11,10,1,10,9,1,1,1,0
10,000,STATE - BIHAR,56,563,5630,Beverage serving activities,222,194,28,150,128,22,72,66,6,45,31,14,41,27,14,4,4,0
10,000,STATE - BIHAR,58,581,5813,"Publishing of newspapers, journals and periodicals",4,4,0,4,4,0,0,0,0,0,0,0,0,0,0,0,0,0
10,000,STATE - BIHAR,59,591,5911,"Motion picture, video and television programme production activities",0,0,0,0,0,0,0,0,0,1,1,0,1,1,0,0,0,0
10,000,STATE - BIHAR,59,591,5914,Motion picture projection activities,3,3,0,1,1,0,2,2,0,4,4,0,4,4,0,0,0,0
10,000,STATE - BIHAR,59,592,5920,Sound recording and music publishing activitiesT,1,1,0,1,1,0,0,0,0,2,2,0,2,2,0,0,0,0
10,000,STATE - BIHAR,60,601,6010,Radio broadcasting,6,6,0,4,4,0,2,2,0,0,0,0,0,0,0,0,0,0
10,000,STATE - BIHAR,60,602,6020,Television programming and broadcasting activities,2,2,0,2,2,0,0,0,0,0,0,0,0,0,0,0,0,0
10,000,STATE - BIHAR,61,611,6110,Wired telecommunications activities,66,62,4,28,28,0,38,34,4,10,10,0,2,2,0,8,8,0
10,000,STATE - BIHAR,61,612,6120,Wireless telecommunications activities,4,4,0,4,4,0,0,0,0,0,0,0,0,0,0,0,0,0
10,000,STATE - BIHAR,61,613,6130,Satellite telecommunications activities,4,4,0,0,0,0,4,4,0,0,0,0,0,0,0,0,0,0
10,000,STATE - BIHAR,61,619,6190,Other telecommunications activities,25,23,2,9,9,0,16,14,2,1,1,0,1,1,0,0,0,0
10,000,STATE - BIHAR,62,620,6201,Computer programming activities,3,3,0,1,1,0,2,2,0,1,1,0,1,1,0,0,0,0
10,000,STATE - BIHAR,62,620,6202,Computer consultancy and computer facilities management activities,5,3,2,1,1,0,4,2,2,1,1,0,1,1,0,0,0,0
10,000,STATE - BIHAR,62,620,6209,Other information technology and computer service activities,4,4,0,4,4,0,0,0,0,1,1,0,1,1,0,0,0,0
10,000,STATE - BIHAR,63,631,6311,"Data processing, hosting and related activities",3,3,0,1,1,0,2,2,0,0,0,0,0,0,0,0,0,0
10,000,STATE - BIHAR,63,639,6399,Other information service activities n.e.c.,1,1,0,1,1,0,0,0,0,0,0,0,0,0,0,0,0,0
10,000,STATE - BIHAR,64,641,6411,Central banking,55,45,10,24,22,2,31,23,8,5,3,2,1,1,0,4,2,2
10,000,STATE - BIHAR,64,641,6419,Other monetary intermediation,425,374,51,217,208,9,208,166,42,18,17,1,5,4,1,13,13,0
10,000,STATE - BIHAR,64,649,6491,Financial leasing,2,2,0,0,0,0,2,2,0,0,0,0,0,0,0,0,0,0
10,000,STATE - BIHAR,64,649,6499,"Other financial service activities, except insurance and pension funding",3,3,0,3,3,0,0,0,0,1,1,0,1,1,0,0,0,0
10,000,STATE - BIHAR,65,651,6511,Life insurance,128,121,7,61,58,3,67,63,4,11,11,0,9,9,0,2,2,0
10,000,STATE - BIHAR,65,651,6512,Non-life insurance,5,5,0,5,5,0,0,0,0,1,1,0,1,1,0,0,0,0
10,000,STATE - BIHAR,65,653,6530,Pension funding,3,3,0,3,3,0,0,0,0,1,1,0,1,1,0,0,0,0
10,000,STATE - BIHAR,66,661,6611,Administration of financial markets,6,6,0,2,2,0,4,4,0,0,0,0,0,0,0,0,0,0
10,000,STATE - BIHAR,66,661,6619,Activities auxiliary to financial service activities n.e.c.,0,0,0,0,0,0,0,0,0,2,2,0,0,0,0,2,2,0
10,000,STATE - BIHAR,66,662,6622,Activities of insurance agents and brokers,34,30,4,18,16,2,16,14,2,3,3,0,1,1,0,2,2,0
10,000,STATE - BIHAR,66,662,6629,Other activities auxiliary to insurance and pension funding,1,1,0,1,1,0,0,0,0,1,1,0,1,1,0,0,0,0
10,000,STATE - BIHAR,68,681,6810,Real estate activities with own or leased property,7,7,0,1,1,0,6,6,0,0,0,0,0,0,0,0,0,0
10,000,STATE - BIHAR,68,682,6820,Real estate activities on a fee or contract basis,4,4,0,2,2,0,2,2,0,0,0,0,0,0,0,0,0,0
10,000,STATE - BIHAR,69,691,6910,Legal activities,121,113,8,75,71,4,46,42,4,12,12,0,6,6,0,6,6,0
10,000,STATE - BIHAR,69,692,6920,"Accounting, bookkeeping and auditing activities; tax consultancy",5,5,0,1,1,0,4,4,0,0,0,0,0,0,0,0,0,0
10,000,STATE - BIHAR,71,711,7110,Architectural and engineering activities and related technical,4,3,1,0,0,0,4,3,1,0,0,0,0,0,0,0,0,0
10,000,STATE - BIHAR,71,712,7120,Technical testing and analysis,1,1,0,1,1,0,0,0,0,0,0,0,0,0,0,0,0,0
10,000,STATE - BIHAR,73,731,7310,Advertising,1,1,0,1,1,0,0,0,0,0,0,0,0,0,0,0,0,0
10,000,STATE - BIHAR,74,741,7410,Specialized design activities,5,5,0,1,1,0,4,4,0,2,2,0,2,2,0,0,0,0
10,000,STATE - BIHAR,74,742,7420,Photographic activities,16,16,0,14,14,0,2,2,0,1,1,0,1,1,0,0,0,0
10,000,STATE - BIHAR,74,749,7490,"Other professional, scientific and technical activities n.e.c.",11,11,0,7,7,0,4,4,0,0,0,0,0,0,0,0,0,0
10,000,STATE - BIHAR,75,750,7500,Veterinary activities,30,30,0,29,29,0,1,1,0,5,5,0,5,5,0,0,0,0
10,000,STATE - BIHAR,77,772,7729,Renting and leasing of other personal and household goods n.e.c.,26,26,0,20,20,0,6,6,0,20,20,0,18,18,0,2,2,0
10,000,STATE - BIHAR,78,781,7810,Activities of employment placement agencies,29,25,4,8,8,0,21,17,4,0,0,0,0,0,0,0,0,0
10,000,STATE - BIHAR,80,801,8010,Private security activities,63,63,0,45,45,0,18,18,0,7,7,0,7,7,0,0,0,0
10,000,STATE - BIHAR,80,802,8020,Security systems service activities,6,6,0,6,6,0,0,0,0,1,1,0,1,1,0,0,0,0
10,000,STATE - BIHAR,81,811,8110,Combined facilities support activities,1,1,0,1,1,0,0,0,0,2,0,2,0,0,0,2,0,2
10,000,STATE - BIHAR,81,812,8121,General cleaning of buildings,5,3,2,3,3,0,2,0,2,1,0,1,1,0,1,0,0,0
10,000,STATE - BIHAR,81,812,8129,Other building and industrial cleaning activities,9,6,3,5,4,1,4,2,2,3,1,2,3,1,2,0,0,0
10,000,STATE - BIHAR,82,821,8211,Combined office administrative service activities,98,89,9,74,67,7,24,22,2,3,1,2,3,1,2,0,0,0
10,000,STATE - BIHAR,82,821,8219,"Photocopying, document preparation and other specialized office",4,4,0,2,2,0,2,2,0,0,0,0,0,0,0,0,0,0
10,000,STATE - BIHAR,82,822,8220,Activities of call centres,47,42,5,19,18,1,28,24,4,2,2,0,0,0,0,2,2,0
10,000,STATE - BIHAR,82,829,8292,Packaging activities,0,0,0,0,0,0,0,0,0,1,1,0,1,1,0,0,0,0
10,000,STATE - BIHAR,82,829,8299,Other business support service activities n.e.c.,450,420,30,313,299,14,137,121,16,118,112,6,104,98,6,14,14,0
10,000,STATE - BIHAR,84,841,8411,General public administration activities,1744,1587,157,1053,975,78,691,612,79,84,66,18,60,50,10,24,16,8
10,000,STATE - BIHAR,84,841,8412,"Regulation of the activities of providing health care, education, cultural",12,8,4,8,6,2,4,2,2,0,0,0,0,0,0,0,0,0
10,000,STATE - BIHAR,84,842,8421,Foreign affairs,5,5,0,5,5,0,0,0,0,1,1,0,1,1,0,0,0,0
10,000,STATE - BIHAR,84,842,8422,Defence activities,1098,1078,20,554,542,12,544,536,8,42,42,0,40,40,0,2,2,0
10,000,STATE - BIHAR,84,842,8423,Public order and safety activities,1080,1033,47,774,754,20,306,279,27,63,59,4,43,41,2,20,18,2
10,000,STATE - BIHAR,84,843,8430,Compulsory social security activities,69,66,3,48,47,1,21,19,2,0,0,0,0,0,0,0,0,0
10,000,STATE - BIHAR,85,851,8510,Primary education,2739,1626,1113,2179,1368,811,560,258,302,205,92,113,180,86,94,25,6,19
10,000,STATE - BIHAR,85,852,8521,General secondary education,1192,760,432,917,626,291,275,134,141,74,46,28,57,33,24,17,13,4
10,000,STATE - BIHAR,85,852,8522,Technical and vocational secondary education,9,6,3,3,0,3,6,6,0,0,0,0,0,0,0,0,0,0
10,000,STATE - BIHAR,85,853,8530,Higher education,107,76,31,50,43,7,57,33,24,5,5,0,3,3,0,2,2,0
10,000,STATE - BIHAR,85,854,8542,Cultural education,2,2,0,0,0,0,2,2,0,0,0,0,0,0,0,0,0,0
10,000,STATE - BIHAR,85,854,8549,Other education n.e.c.,214,164,50,149,123,26,65,41,24,88,79,9,65,63,2,23,16,7
10,000,STATE - BIHAR,85,855,8550,Educational support services,232,151,81,148,97,51,84,54,30,23,12,11,17,10,7,6,2,4
10,000,STATE - BIHAR,86,861,8610,Hospital activities,475,152,323,192,79,113,283,73,210,14,2,12,10,2,8,4,0,4
10,000,STATE - BIHAR,86,862,8620,Medical and dental practice activities,120,91,29,87,71,16,33,20,13,12,12,0,8,8,0,4,4,0
10,000,STATE - BIHAR,86,869,8690,Other human health activities,1106,103,1003,957,66,891,149,37,112,100,22,78,94,20,74,6,2,4
10,000,STATE - BIHAR,87,871,8710,Nursing care facilities,14,0,14,8,0,8,6,0,6,0,0,0,0,0,0,0,0,0
10,000,STATE - BIHAR,87,879,8790,Other residential care activities n.e.c.,7,7,0,7,7,0,0,0,0,1,1,0,1,1,0,0,0,0
10,000,STATE - BIHAR,88,881,8810,Social work activities without accommodation for the elderly and,37,6,31,30,6,24,7,0,7,8,0,8,8,0,8,0,0,0
10,000,STATE - BIHAR,88,889,8890,Other social work activities without accommodation n.e.c.,38,20,18,16,4,12,22,16,6,6,5,1,4,3,1,2,2,0
10,000,STATE - BIHAR,90,900,9000,"Dramatic arts, music and other arts activities",108,104,4,50,47,3,58,57,1,59,54,5,43,40,3,16,14,2
10,000,STATE - BIHAR,91,910,9101,Library and archives activities,2,2,0,0,0,0,2,2,0,0,0,0,0,0,0,0,0,0
10,000,STATE - BIHAR,93,932,9329,Other amusement and recreation activities n.e.c.,5,5,0,5,5,0,0,0,0,9,4,5,4,2,2,5,2,3
10,000,STATE - BIHAR,94,941,9411,Activities of business and employers membership organizations,48,44,4,30,28,2,18,16,2,6,6,0,6,6,0,0,0,0
10,000,STATE - BIHAR,94,942,9420,Activities of trade unions,0,0,0,0,0,0,0,0,0,2,2,0,2,2,0,0,0,0
10,000,STATE - BIHAR,94,949,9491,Activities of religious organizations,50,41,9,28,25,3,22,16,6,15,13,2,11,9,2,4,4,0
10,000,STATE - BIHAR,94,949,9492,Activities of political organizations,27,18,9,22,13,9,5,5,0,4,3,1,4,3,1,0,0,0
10,000,STATE - BIHAR,94,949,9499,Activities of other membership organizations n.e.c.,1,1,0,1,1,0,0,0,0,0,0,0,0,0,0,0,0,0
10,000,STATE - BIHAR,95,951,9511,Repair of computers and peripheral equipment,7,7,0,7,7,0,0,0,0,1,1,0,1,1,0,0,0,0
10,000,STATE - BIHAR,95,951,9512,Repair of communication equipment,1,1,0,1,1,0,0,0,0,1,1,0,0,0,0,1,1,0
10,000,STATE - BIHAR,95,952,9521,Repair of consumer electronics,37,37,0,25,25,0,12,12,0,9,8,1,7,6,1,2,2,0
10,000,STATE - BIHAR,95,952,9522,Repair of household appliances and home and garden equipment,6,6,0,6,6,0,0,0,0,1,1,0,1,1,0,0,0,0
10,000,STATE - BIHAR,95,952,9523,Repair of footwear and leather goods,9,9,0,3,3,0,6,6,0,0,0,0,0,0,0,0,0,0
10,000,STATE - BIHAR,95,952,9529,"Repair of personal and household goods, n.e.c.",157,155,2,132,130,2,25,25,0,72,58,14,64,50,14,8,8,0
10,000,STATE - BIHAR,96,960,9601,Washing and (dry-) cleaning of textile and fur products,18,12,6,12,8,4,6,4,2,15,7,8,11,3,8,4,4,0
10,000,STATE - BIHAR,96,960,9602,Hairdressing and other beauty treatment,56,53,3,50,47,3,6,6,0,19,16,3,17,14,3,2,2,0
10,000,STATE - BIHAR,96,960,9609,Other personal service activities n.e.c.,658,537,121,449,403,46,209,134,75,465,391,74,333,279,54,132,112,20
10,000,STATE - BIHAR,97,970,9700,Activities of households as employers of domestic personnel,28,10,18,12,6,6,16,4,12,19,0,19,13,0,13,6,0,6
10,000,STATE - BIHAR,98,982,9820,Undifferentiated service-producing activities of private households for own,0,0,0,0,0,0,0,0,0,1,1,0,1,1,0,0,0,0
07,000,STATE - NCT OF DELHI,01,011,0111,"Growing of cereals (except rice), leguminous crops and oil seeds",83,81,2,9,7,2,74,74,0,37,27,10,8,6,2,29,21,8
07,000,STATE - NCT OF DELHI,01,011,0112,Growing of rice,9,9,0,0,0,0,9,9,0,0,0,0,0,0,0,0,0,0
07,000,STATE - NCT OF DELHI,01,011,0113,"Growing of vegetables and melons, roots and tubers",42,34,8,7,7,0,35,27,8,52,35,17,6,6,0,46,29,17
07,000,STATE - NCT OF DELHI,01,011,0116,Growing of fibre crops,6,6,0,0,0,0,6,6,0,0,0,0,0,0,0,0,0,0
07,000,STATE - NCT OF DELHI,01,011,0119,Growing of other non-perennial crop,29,21,8,1,1,0,28,20,8,3,3,0,0,0,0,3,3,0
07,000,STATE - NCT OF DELHI,01,012,0127,Growing of beverage crops,49,49,0,1,1,0,48,48,0,3,3,0,0,0,0,3,3,0
07,000,STATE - NCT OF DELHI,01,012,0128,"Growing of spices, aromatic, drug and pharmaceutical crops",0,0,0,0,0,0,0,0,0,2,0,2,0,0,0,2,0,2
07,000,STATE - NCT OF DELHI,01,012,0129,Growing of other perennial crops,35,23,12,6,6,0,29,17,12,0,0,0,0,0,0,0,0,0
07,000,STATE - NCT OF DELHI,01,013,0130,Plant propagation,250,241,9,22,22,0,228,219,9,9,5,4,0,0,0,9,5,4
07,000,STATE - NCT OF DELHI,01,014,0141,Raising of cattle and buffaloes,249,148,101,52,10,42,197,138,59,29,15,14,8,0,8,21,15,6
07,000,STATE - NCT OF DELHI,01,014,0142,Raising of horses and other equines,66,66,0,0,0,0,66,66,0,0,0,0,0,0,0,0,0,0
07,000,STATE - NCT OF DELHI,01,014,0144,Raising of sheep and goats,63,52,11,32,26,6,31,26,5,12,6,6,0,0,0,12,6,6
07,000,STATE - NCT OF DELHI,01,014,0145,Raising of swine/pigs,21,21,0,0,0,0,21,21,0,3,3,0,0,0,0,3,3,0
07,000,STATE - NCT OF DELHI,01,014,0146,Raising of poultry,20,20,0,2,2,0,18,18,0,3,3,0,0,0,0,3,3,0
07,000,STATE - NCT OF DELHI,01,014,0149,Raising of other animals,79,67,12,12,12,0,67,55,12,3,0,3,0,0,0,3,0,3
07,000,STATE - NCT OF DELHI,01,015,0150,Mixed farming,19,14,5,0,0,0,19,14,5,0,0,0,0,0,0,0,0,0
07,000,STATE - NCT OF DELHI,01,016,0161,Support activities for crop production,391,351,40,24,23,1,367,328,39,53,38,15,1,1,0,52,37,15
07,000,STATE - NCT OF DELHI,01,016,0162,Support activities for animal production,6,6,0,6,6,0,0,0,0,0,0,0,0,0,0,0,0,0
07,000,STATE - NCT OF DELHI,01,016,0163,Post-harvest crop activities,46,41,5,5,5,0,41,36,5,15,12,3,0,0,0,15,12,3
07,000,STATE - NCT OF DELHI,01,017,0170,"Hunting, trapping and related service activities",21,21,0,0,0,0,21,21,0,0,0,0,0,0,0,0,0,0
07,000,STATE - NCT OF DELHI,02,021,0210,Silviculture and other forestry activities,30,30,0,0,0,0,30,30,0,0,0,0,0,0,0,0,0,0
07,000,STATE - NCT OF DELHI,02,022,0220,Logging,3,3,0,0,0,0,3,3,0,0,0,0,0,0,0,0,0,0
07,000,STATE - NCT OF DELHI,02,023,0230,Gathering of non-wood forest products,10,10,0,1,1,0,9,9,0,5,0,5,0,0,0,5,0,5
07,000,STATE - NCT OF DELHI,02,024,0240,Support services to forestry,24,24,0,0,0,0,24,24,0,3,0,3,0,0,0,3,0,3
07,000,STATE - NCT OF DELHI,03,031,0311,Marine fishing,6,6,0,0,0,0,6,6,0,3,3,0,0,0,0,3,3,0
07,000,STATE - NCT OF DELHI,03,032,0321,Marine aquaculture,8,8,0,0,0,0,8,8,0,0,0,0,0,0,0,0,0,0
07,000,STATE - NCT OF DELHI,03,032,0322,Freshwater aquaculture,10,6,4,4,3,1,6,3,3,2,2,0,0,0,0,2,2,0
07,000,STATE - NCT OF DELHI,05,051,0510,Mining of hard coal,2,0,2,0,0,0,2,0,2,0,0,0,0,0,0,0,0,0
07,000,STATE - NCT OF DELHI,05,052,0520,Mining of lignite,11,9,2,0,0,0,11,9,2,0,0,0,0,0,0,0,0,0
07,000,STATE - NCT OF DELHI,06,061,0610,Extraction of crude petroleum,3,3,0,0,0,0,3,3,0,0,0,0,0,0,0,0,0,0
07,000,STATE - NCT OF DELHI,06,062,0620,Extraction of natural gas,9,6,3,0,0,0,9,6,3,0,0,0,0,0,0,0,0,0
07,000,STATE - NCT OF DELHI,07,071,0710,Mining of iron ores,3,3,0,0,0,0,3,3,0,0,0,0,0,0,0,0,0,0
07,000,STATE - NCT OF DELHI,07,072,0729,Mining of other non-ferrous metal ores,56,53,3,0,0,0,56,53,3,0,0,0,0,0,0,0,0,0
07,000,STATE - NCT OF DELHI,08,081,0810,"Quarrying of stone, sand and clay",32,30,2,0,0,0,32,30,2,3,0,3,0,0,0,3,0,3
07,000,STATE - NCT OF DELHI,08,089,0899,Other mining and quarrying n.e.c.,9,9,0,0,0,0,9,9,0,0,0,0,0,0,0,0,0,0
07,000,STATE - NCT OF DELHI,09,091,0910,Support activities for petroleum and natural gas mining,6,6,0,0,0,0,6,6,0,0,0,0,0,0,0,0,0,0
07,000,STATE - NCT OF DELHI,09,099,0990,Support activities for other mining and quarrying,2,0,2,0,0,0,2,0,2,0,0,0,0,0,0,0,0,0
07,000,STATE - NCT OF DELHI,10,101,1010,Processing and preserving of meat,70,70,0,0,0,0,70,70,0,2,2,0,0,0,0,2,2,0
07,000,STATE - NCT OF DELHI,10,102,1020,"Processing and preserving of fish, crustaceans and molluscs and",6,6,0,0,0,0,6,6,0,0,0,0,0,0,0,0,0,0
07,000,STATE - NCT OF DELHI,10,103,1030,Processing and preserving of fruit and vegetables,399,304,95,13,13,0,386,291,95,84,33,51,6,6,0,78,27,51
07,000,STATE - NCT OF DELHI,10,104,1040,Manufacture of vegetable and animal oils and fats,99,92,7,0,0,0,99,92,7,6,3,3,0,0,0,6,3,3
07,000,STATE - NCT OF DELHI,10,105,1050,Manufacture of dairy products,1183,951,232,48,24,24,1135,927,208,73,30,43,8,0,8,65,30,35
07,000,STATE - NCT OF DELHI,10,106,1061,Manufacture of grain mill products,875,660,215,37,28,9,838,632,206,48,25,23,2,0,2,46,25,21
07,000,STATE - NCT OF DELHI,10,106,1062,Manufacture of starches and starch products,31,26,5,0,0,0,31,26,5,3,3,0,0,0,0,3,3,0
07,000,STATE - NCT OF DELHI,10,107,1071,Manufacture of bakery products,391,350,41,6,0,6,385,350,35,19,14,5,0,0,0,19,14,5
07,000,STATE - NCT OF DELHI,10,107,1072,Manufacture of sugar,32,29,3,0,0,0,32,29,3,3,3,0,0,0,0,3,3,0
07,000,STATE - NCT OF DELHI,10,107,1073,"Manufacture of cocoa, chocolate and sugar confectionery",598,548,50,39,37,2,559,511,48,43,37,6,2,2,0,41,35,6
07,000,STATE - NCT OF DELHI,10,107,1074,"Manufacture of macaroni, noodles, couscous and similar farinaceous",18,18,0,0,0,0,18,18,0,0,0,0,0,0,0,0,0,0
07,000,STATE - NCT OF DELHI,10,107,1075,Manufacture of prepared meals and dishes,1314,1070,244,61,59,2,1253,1011,242,166,110,56,0,0,0,166,110,56
07,000,STATE - NCT OF DELHI,10,107,1079,Manufacture of other food products n.e.c.,525,402,123,7,7,0,518,395,123,50,26,24,0,0,0,50,26,24
07,000,STATE - NCT OF DELHI,10,108,1080,Manufacture of prepared animal feeds,4,4,0,0,0,0,4,4,0,0,0,0,0,0,0,0,0,0
07,000,STATE - NCT OF DELHI,11,110,1101,"Distilling, rectifying and blending of spirits; ethyl alcohol production",9,9,0,0,0,0,9,9,0,0,0,0,0,0,0,0,0,0
07,000,STATE - NCT OF DELHI,11,110,1102,Manufacture of wines,26,15,11,0,0,0,26,15,11,0,0,0,0,0,0,0,0,0
07,000,STATE - NCT OF DELHI,11,110,1103,Manufacture of malt liquors and malt,6,6,0,0,0,0,6,6,0,3,3,0,0,0,0,3,3,0
07,000,STATE - NCT OF DELHI,11,110,1104,Manufacture of soft drinks; production of mineral waters and other,185,177,8,1,1,0,184,176,8,5,5,0,0,0,0,5,5,0
07,000,STATE - NCT OF DELHI,12,120,1200,Manufacture of tobacco products,147,123,24,6,6,0,141,117,24,20,5,15,0,0,0,20,5,15
07,000,STATE - NCT OF DELHI,13,131,1311,Preparation and spinning of textile fibres,759,647,112,8,8,0,751,639,112,294,224,70,34,14,20,260,210,50
07,000,STATE - NCT OF DELHI,13,131,1312,Weaving of textiles,734,588,146,6,6,0,728,582,146,62,29,33,0,0,0,62,29,33
07,000,STATE - NCT OF DELHI,13,131,1313,Finishing of textiles,1137,1045,92,14,13,1,1123,1032,91,71,50,21,0,0,0,71,50,21
07,000,STATE - NCT OF DELHI,13,139,1391,Manufacture of knitted and crocheted fabrics,40,24,16,0,0,0,40,24,16,0,0,0,0,0,0,0,0,0
07,000,STATE - NCT OF DELHI,13,139,1392,"Manufacture of made-up textile articles, except apparel",213,179,34,0,0,0,213,179,34,13,9,4,1,0,1,12,9,3
07,000,STATE - NCT OF DELHI,13,139,1393,Manufacture of carpets and rugs,163,149,14,30,30,0,133,119,14,6,6,0,0,0,0,6,6,0
07,000,STATE - NCT OF DELHI,13,139,1394,"Manufacture of cordage, rope, twine and netting",1299,843,456,23,20,3,1276,823,453,132,67,65,0,0,0,132,67,65
07,000,STATE - NCT OF DELHI,13,139,1399,Manufacture of other textiles n.e.c.,2617,2302,315,17,16,1,2600,2286,314,252,102,150,12,0,12,240,102,138
07,000,STATE - NCT OF DELHI,14,141,1410,"Manufacture of wearing apparel, except fur apparel",36366,31768,4598,479,399,80,35887,31369,4518,2379,1318,1061,47,16,31,2332,1302,1030
07,000,STATE - NCT OF DELHI,14,142,1420,Manufacture of articles of fur,46,41,5,0,0,0,46,41,5,12,9,3,0,0,0,12,9,3
07,000,STATE - NCT OF DELHI,14,143,1430,Manufacture of knitted and crocheted apparel,1363,1233,130,7,7,0,1356,1226,130,75,42,33,0,0,0,75,42,33
07,000,STATE - NCT OF DELHI,15,151,1511,Tanning and dressing of leather; dressing and dyeing of fur,196,166,30,0,0,0,196,166,30,24,9,15,0,0,0,24,9,15
07,000,STATE - NCT OF DELHI,15,151,1512,"Manufacture of luggage, handbags and the like, saddlery and harness",2465,2350,115,38,35,3,2427,2315,112,136,100,36,0,0,0,136,100,36
07,000,STATE - NCT OF DELHI,15,152,1520,Manufacture of footwear,15778,14745,1033,331,283,48,15447,14462,985,585,506,79,26,26,0,559,480,79
07,000,STATE - NCT OF DELHI,16,161,1610,Saw milling and planing of wood,123,123,0,1,1,0,122,122,0,14,12,2,2,0,2,12,12,0
07,000,STATE - NCT OF DELHI,16,162,1621,"Manufacture of veneer sheets; manufacture of plywood, laminboard,",330,310,20,60,57,3,270,253,17,38,38,0,13,13,0,25,25,0
07,000,STATE - NCT OF DELHI,16,162,1622,Manufacture of builders carpentry and joinery,332,321,11,2,2,0,330,319,11,20,20,0,0,0,0,20,20,0
07,000,STATE - NCT OF DELHI,16,162,1623,Manufacture of wooden containers,364,327,37,3,3,0,361,324,37,43,27,16,8,0,8,35,27,8
07,000,STATE - NCT OF DELHI,16,162,1629,"Manufacture of other products of wood; manufacture of articles of cork,",707,667,40,6,6,0,701,661,40,58,49,9,0,0,0,58,49,9
07,000,STATE - NCT OF DELHI,17,170,1701,"Manufacture of pulp, paper and paperboard",388,341,47,1,0,1,387,341,46,9,6,3,0,0,0,9,6,3
07,000,STATE - NCT OF DELHI,17,170,1702,Manufacture of corrugated paper and paperboard and containers of,2433,2115,318,54,45,9,2379,2070,309,231,124,107,2,0,2,229,124,105
07,000,STATE - NCT OF DELHI,17,170,1709,Manufacture of other articles of paper and paperboard,2144,1440,704,36,28,8,2108,1412,696,330,103,227,7,6,1,323,97,226
07,000,STATE - NCT OF DELHI,18,181,1811,Printing,1231,1199,32,13,13,0,1218,1186,32,50,45,5,0,0,0,50,45,5
07,000,STATE - NCT OF DELHI,18,181,1812,Service activities related to printing,5154,4969,185,28,28,0,5126,4941,185,251,222,29,1,1,0,250,221,29
07,000,STATE - NCT OF DELHI,18,182,1820,Reproduction of recorded media,9,9,0,0,0,0,9,9,0,0,0,0,0,0,0,0,0,0
07,000,STATE - NCT OF DELHI,19,191,1910,Manufacture of coke oven products,23,17,6,0,0,0,23,17,6,0,0,0,0,0,0,0,0,0
07,000,STATE - NCT OF DELHI,19,192,1920,Manufacture of refined petroleum products,117,82,35,12,6,6,105,76,29,5,0,5,0,0,0,5,0,5
07,000,STATE - NCT OF DELHI,20,201,2011,Manufacture of basic chemicals,193,175,18,7,1,6,186,174,12,6,6,0,0,0,0,6,6,0
07,000,STATE - NCT OF DELHI,20,201,2012,Manufacture of fertilizers and nitrogen compounds,17,12,5,0,0,0,17,12,5,0,0,0,0,0,0,0,0,0
07,000,STATE - NCT OF DELHI,20,201,2013,Manufacture of plastics and synthetic rubber in primary forms,31,26,5,0,0,0,31,26,5,0,0,0,0,0,0,0,0,0
07,000,STATE - NCT OF DELHI,20,202,2021,Manufacture of pesticides and other agrochemical products,87,85,2,2,2,0,85,83,2,0,0,0,0,0,0,0,0,0
07,000,STATE - NCT OF DELHI,20,202,2022,"Manufacture of paints, varnishes and similar coatings, printing ink and",333,314,19,6,6,0,327,308,19,9,9,0,0,0,0,9,9,0
07,000,STATE - NCT OF DELHI,20,202,2023,"Manufacture of soap and detergents, cleaning and polishing preparations,",1135,952,183,6,6,0,1129,946,183,108,68,40,17,8,9,91,60,31
07,000,STATE - NCT OF DELHI,20,202,2029,Manufacture of other chemical products n.e.c.,253,236,17,1,1,0,252,235,17,9,9,0,0,0,0,9,9,0
07,000,STATE - NCT OF DELHI,20,203,2030,Manufacture of man-made fibres,3,3,0,0,0,0,3,3,0,0,0,0,0,0,0,0,0,0
07,000,STATE - NCT OF DELHI,21,210,2100,"Manufacture of pharmaceuticals, medicinal chemical and botanical",390,352,38,18,6,12,372,346,26,23,14,9,0,0,0,23,14,9
07,000,STATE - NCT OF DELHI,22,221,2211,Manufacture of rubber tyres and tubes; retreading and rebuilding of,251,234,17,2,2,0,249,232,17,6,3,3,0,0,0,6,3,3
07,000,STATE - NCT OF DELHI,22,221,2219,Manufacture of other rubber products,1087,977,110,13,13,0,1074,964,110,40,25,15,0,0,0,40,25,15
07,000,STATE - NCT OF DELHI,22,222,2220,Manufacture of plastics products,5591,4926,665,181,137,44,5410,4789,621,251,158,93,15,9,6,236,149,87
07,000,STATE - NCT OF DELHI,23,231,2310,Manufacture of glass and glass products,760,618,142,32,26,6,728,592,136,97,56,41,6,6,0,91,50,41
07,000,STATE - NCT OF DELHI,23,239,2391,Manufacture of refractory products,11,11,0,0,0,0,11,11,0,2,0,2,0,0,0,2,0,2
07,000,STATE - NCT OF DELHI,23,239,2392,Manufacture of clay building materials,221,198,23,1,1,0,220,197,23,38,28,10,1,0,1,37,28,9
07,000,STATE - NCT OF DELHI,23,239,2393,Manufacture of other porcelain and ceramic products,214,161,53,4,3,1,210,158,52,21,12,9,1,1,0,20,11,9
07,000,STATE - NCT OF DELHI,23,239,2394,"Manufacture of cement, lime and plaster",121,110,11,0,0,0,121,110,11,10,6,4,0,0,0,10,6,4
07,000,STATE - NCT OF DELHI,23,239,2395,"Manufacture of articles of concrete, cement and plaster",206,203,3,27,27,0,179,176,3,18,18,0,0,0,0,18,18,0
07,000,STATE - NCT OF DELHI,23,239,2396,"Cutting, shaping and finishing of stone",94,80,14,1,1,0,93,79,14,3,0,3,0,0,0,3,0,3
07,000,STATE - NCT OF DELHI,23,239,2399,Manufacture of other non-metallic mineral products n.e.c.,100,89,11,9,6,3,91,83,8,8,6,2,0,0,0,8,6,2
07,000,STATE - NCT OF DELHI,24,241,2410,Manufacture of basic iron and steel,3262,3126,136,72,64,8,3190,3062,128,102,99,3,6,6,0,96,93,3
07,000,STATE - NCT OF DELHI,24,242,2420,Manufacture of basic precious and other non-ferrous metals,718,673,45,6,0,6,712,673,39,27,19,8,0,0,0,27,19,8
07,000,STATE - NCT OF DELHI,24,243,2431,Casting of iron and steel,2691,2594,97,74,62,12,2617,2532,85,154,138,16,0,0,0,154,138,16
07,000,STATE - NCT OF DELHI,24,243,2432,Casting of non-ferrous metals,495,475,20,8,8,0,487,467,20,33,31,2,0,0,0,33,31,2
07,000,STATE - NCT OF DELHI,25,251,2511,Manufacture of structural metal products,4497,4324,173,88,84,4,4409,4240,169,141,133,8,1,1,0,140,132,8
07,000,STATE - NCT OF DELHI,25,251,2512,"Manufacture of tanks, reservoirs and containers of metal",121,113,8,0,0,0,121,113,8,6,6,0,0,0,0,6,6,0
07,000,STATE - NCT OF DELHI,25,251,2513,"Manufacture of steam generators, except central heating hot water",39,39,0,0,0,0,39,39,0,0,0,0,0,0,0,0,0,0
07,000,STATE - NCT OF DELHI,25,259,2591,"Forging, pressing, stamping and roll-forming of metal; powder",33,30,3,1,1,0,32,29,3,0,0,0,0,0,0,0,0,0
07,000,STATE - NCT OF DELHI,25,259,2592,Machining; treatment and coating of metals,560,548,12,0,0,0,560,548,12,24,21,3,0,0,0,24,21,3
07,000,STATE - NCT OF DELHI,25,259,2593,"Manufacture of cutlery, hand tools and general hardware",2051,1757,294,87,87,0,1964,1670,294,123,84,39,0,0,0,123,84,39
07,000,STATE - NCT OF DELHI,25,259,2599,Manufacture of other fabricated metal products n.e.c.,2432,2233,199,40,38,2,2392,2195,197,133,124,9,0,0,0,133,124,9
07,000,STATE - NCT OF DELHI,26,261,2610,Manufacture of electronic components,510,452,58,34,10,24,476,442,34,18,11,7,0,0,0,18,11,7
07,000,STATE - NCT OF DELHI,26,262,2620,Manufacture of computers and peripheral equipment,215,213,2,0,0,0,215,213,2,18,15,3,0,0,0,18,15,3
07,000,STATE - NCT OF DELHI,26,263,2630,Manufacture of communication equipment,429,365,64,0,0,0,429,365,64,26,15,11,0,0,0,26,15,11
07,000,STATE - NCT OF DELHI,26,264,2640,Manufacture of consumer electronics,801,750,51,6,6,0,795,744,51,37,28,9,0,0,0,37,28,9
07,000,STATE - NCT OF DELHI,26,265,2651,"Manufacture of measuring, testing, navigating and control equipment",141,125,16,0,0,0,141,125,16,0,0,0,0,0,0,0,0,0
07,000,STATE - NCT OF DELHI,26,265,2652,Manufacture of watches and clocks,152,124,28,6,0,6,146,124,22,3,3,0,0,0,0,3,3,0
07,000,STATE - NCT OF DELHI,26,266,2660,"Manufacture of irradiation, electromedical and electrotherapeutic",14,14,0,0,0,0,14,14,0,0,0,0,0,0,0,0,0,0
07,000,STATE - NCT OF DELHI,26,267,2670,Manufacture of optical instruments and equipment,108,102,6,0,0,0,108,102,6,0,0,0,0,0,0,0,0,0
07,000,STATE - NCT OF DELHI,26,268,2680,Manufacture of magnetic and optical media,9,9,0,0,0,0,9,9,0,0,0,0,0,0,0,0,0,0
07,000,STATE - NCT OF DELHI,27,271,2710,"Manufacture of electric motors, generators, transformers and electricity",1095,1077,18,19,19,0,1076,1058,18,45,41,4,0,0,0,45,41,4
07,000,STATE - NCT OF DELHI,27,272,2720,Manufacture of batteries and accumulators,341,311,30,44,44,0,297,267,30,14,9,5,0,0,0,14,9,5
07,000,STATE - NCT OF DELHI,27,273,2731,Manufacture of fibre optic cables for data transmission or live,0,0,0,0,0,0,0,0,0,3,3,0,0,0,0,3,3,0
07,000,STATE - NCT OF DELHI,27,273,2732,Manufacture of other electronic and electric wires and cables,752,691,61,6,6,0,746,685,61,37,33,4,0,0,0,37,33,4
07,000,STATE - NCT OF DELHI,27,273,2733,Manufacture of wiring devices,685,615,70,0,0,0,685,615,70,54,34,20,0,0,0,54,34,20
07,000,STATE - NCT OF DELHI,27,274,2740,Manufacture of electric lighting equipment,962,863,99,21,21,0,941,842,99,45,36,9,0,0,0,45,36,9
07,000,STATE - NCT OF DELHI,27,275,2750,Manufacture of domestic appliances,907,743,164,15,9,6,892,734,158,61,35,26,1,0,1,60,35,25
07,000,STATE - NCT OF DELHI,27,279,2790,Manufacture of other electrical equipment,299,280,19,13,13,0,286,267,19,20,9,11,0,0,0,20,9,11
07,000,STATE - NCT OF DELHI,28,281,2811,"Manufacture of engines and turbines, except aircraft, vehicle and cycle",6,6,0,0,0,0,6,6,0,0,0,0,0,0,0,0,0,0
07,000,STATE - NCT OF DELHI,28,281,2812,Manufacture of fluid power equipment,6,6,0,0,0,0,6,6,0,0,0,0,0,0,0,0,0,0
07,000,STATE - NCT OF DELHI,28,281,2813,"Manufacture of other pumps, compressors, taps and valves",143,143,0,0,0,0,143,143,0,11,11,0,0,0,0,11,11,0
07,000,STATE - NCT OF DELHI,28,281,2814,"Manufacture of bearings, gears, gearing and driving elements",160,146,14,0,0,0,160,146,14,0,0,0,0,0,0,0,0,0
07,000,STATE - NCT OF DELHI,28,281,2815,"Manufacture of ovens, furnaces and furnace burners",41,41,0,0,0,0,41,41,0,3,3,0,0,0,0,3,3,0
07,000,STATE - NCT OF DELHI,28,281,2816,Manufacture of lifting and handling equipment,32,32,0,0,0,0,32,32,0,3,3,0,0,0,0,3,3,0
07,000,STATE - NCT OF DELHI,28,281,2817,Manufacture of office machinery and equipment,63,63,0,0,0,0,63,63,0,0,0,0,0,0,0,0,0,0
07,000,STATE - NCT OF DELHI,28,281,2818,Manufacture of power-driven hand tools,132,124,8,6,6,0,126,118,8,6,6,0,0,0,0,6,6,0
07,000,STATE - NCT OF DELHI,28,281,2819,Manufacture of other general-purpose machinery,312,301,11,19,19,0,293,282,11,24,24,0,6,6,0,18,18,0
07,000,STATE - NCT OF DELHI,28,282,2821,Manufacture of agricultural and forestry machinery,37,30,7,0,0,0,37,30,7,3,3,0,0,0,0,3,3,0
07,000,STATE - NCT OF DELHI,28,282,2822,Manufacture of metal-forming machinery and machine tools,886,846,40,6,6,0,880,840,40,59,56,3,0,0,0,59,56,3
07,000,STATE - NCT OF DELHI,28,282,2823,Manufacture of machinery for metallurgy,11,9,2,0,0,0,11,9,2,3,3,0,0,0,0,3,3,0
07,000,STATE - NCT OF DELHI,28,282,2824,"Manufacture of machinery for mining, quarrying and construction",109,76,33,12,12,0,97,64,33,14,14,0,0,0,0,14,14,0
07,000,STATE - NCT OF DELHI,28,282,2825,"Manufacture of machinery for food, beverage and tobacco processing",65,37,28,0,0,0,65,37,28,3,3,0,0,0,0,3,3,0
07,000,STATE - NCT OF DELHI,28,282,2826,"Manufacture of machinery for textile, apparel and leather production",363,317,46,0,0,0,363,317,46,15,10,5,0,0,0,15,10,5
07,000,STATE - NCT OF DELHI,28,282,2829,Manufacture of other special-purpose machinery,363,342,21,0,0,0,363,342,21,5,3,2,0,0,0,5,3,2
07,000,STATE - NCT OF DELHI,29,291,2910,Manufacture of motor vehicles,130,130,0,12,12,0,118,118,0,6,6,0,0,0,0,6,6,0
07,000,STATE - NCT OF DELHI,29,292,2920,Manufacture of bodies (coachwork) for motor vehicles; manufacture of trailers and semi-trailers,462,416,46,6,6,0,456,410,46,16,16,0,0,0,0,16,16,0
07,000,STATE - NCT OF DELHI,29,293,2930,Manufacture of parts and accessories for motor vehicles,462,441,21,24,24,0,438,417,21,10,6,4,0,0,0,10,6,4
07,000,STATE - NCT OF DELHI,30,301,3011,Building of ships and floating structures,15,15,0,0,0,0,15,15,0,0,0,0,0,0,0,0,0,0
07,000,STATE - NCT OF DELHI,30,302,3020,Manufacture of railway locomotives and rolling stock,118,111,7,0,0,0,118,111,7,6,3,3,0,0,0,6,3,3
07,000,STATE - NCT OF DELHI,30,303,3030,Manufacture of air and spacecraft and related machinery,27,25,2,4,2,2,23,23,0,0,0,0,0,0,0,0,0,0
07,000,STATE - NCT OF DELHI,30,309,3091,Manufacture of motorcycles,354,307,47,0,0,0,354,307,47,5,3,2,0,0,0,5,3,2
07,000,STATE - NCT OF DELHI,30,309,3092,Manufacture of bicycles and invalid carriages,247,219,28,3,3,0,244,216,28,10,10,0,0,0,0,10,10,0
07,000,STATE - NCT OF DELHI,30,309,3099,Manufacture of other transport equipment n.e.c.,295,285,10,6,6,0,289,279,10,48,45,3,0,0,0,48,45,3
07,000,STATE - NCT OF DELHI,31,310,3100,Manufacture of furniture,2291,2233,58,16,14,2,2275,2219,56,170,164,6,7,6,1,163,158,5
07,000,STATE - NCT OF DELHI,32,321,3211,Manufacture of jewellery and related articles,214,204,10,3,3,0,211,201,10,3,3,0,0,0,0,3,3,0
07,000,STATE - NCT OF DELHI,32,321,3212,Manufacture of imitation jewellery and related articles,72,54,18,0,0,0,72,54,18,22,6,16,0,0,0,22,6,16
07,000,STATE - NCT OF DELHI,32,322,3220,Manufacture of musical instruments,125,113,12,0,0,0,125,113,12,13,10,3,0,0,0,13,10,3
07,000,STATE - NCT OF DELHI,32,323,3230,Manufacture of sports goods,67,62,5,0,0,0,67,62,5,6,0,6,0,0,0,6,0,6
07,000,STATE - NCT OF DELHI,32,324,3240,Manufacture of games and toys,850,664,186,9,9,0,841,655,186,94,34,60,0,0,0,94,34,60
07,000,STATE - NCT OF DELHI,32,325,3250,Manufacture of medical and dental instruments and supplies,115,110,5,18,18,0,97,92,5,0,0,0,0,0,0,0,0,0
07,000,STATE - NCT OF DELHI,32,329,3290,Other manufacturing n.e.c.,18395,15842,2553,713,613,100,17682,15229,2453,1594,1084,510,47,39,8,1547,1045,502
07,000,STATE - NCT OF DELHI,33,331,3311,Repair of fabricated metal products,244,244,0,12,12,0,232,232,0,9,9,0,0,0,0,9,9,0
07,000,STATE - NCT OF DELHI,33,331,3312,Repair of machinery,356,350,6,7,7,0,349,343,6,15,15,0,0,0,0,15,15,0
07,000,STATE - NCT OF DELHI,33,331,3313,Repair of electronic and optical equipment,73,70,3,0,0,0,73,70,3,0,0,0,0,0,0,0,0,0
07,000,STATE - NCT OF DELHI,33,331,3314,Repair of electrical equipment,2256,2239,17,19,19,0,2237,2220,17,145,142,3,6,6,0,139,136,3
07,000,STATE - NCT OF DELHI,33,331,3315,"Repair of transport equipment, except motor vehicles",114,114,0,0,0,0,114,114,0,3,3,0,0,0,0,3,3,0
07,000,STATE - NCT OF DELHI,33,331,3319,Repair of other equipment,115,112,3,0,0,0,115,112,3,6,6,0,0,0,0,6,6,0
07,000,STATE - NCT OF DELHI,33,332,3320,Installation of industrial machinery and equipment,54,51,3,0,0,0,54,51,3,2,2,0,0,0,0,2,2,0
07,000,STATE - NCT OF DELHI,35,351,3510,"Electric power generation, transmission and distribution",3977,3789,188,136,136,0,3841,3653,188,104,104,0,18,18,0,86,86,0
07,000,STATE - NCT OF DELHI,35,352,3520,Manufacture of gas; distribution of gaseous fuels through mains,539,517,22,39,37,2,500,480,20,24,24,0,0,0,0,24,24,0
07,000,STATE - NCT OF DELHI,35,353,3530,Steam and air conditioning supply,5,5,0,0,0,0,5,5,0,0,0,0,0,0,0,0,0,0
07,000,STATE - NCT OF DELHI,36,360,3600,"Water collection, treatment and supply",4122,3856,266,192,174,18,3930,3682,248,44,41,3,0,0,0,44,41,3
07,000,STATE - NCT OF DELHI,37,370,3700,Sewerage,178,175,3,1,0,1,177,175,2,14,14,0,0,0,0,14,14,0
07,000,STATE - NCT OF DELHI,38,381,3811,Collection of non-hazardous waste,5943,5048,895,76,64,12,5867,4984,883,526,372,154,6,6,0,520,366,154
07,000,STATE - NCT OF DELHI,38,381,3812,Collection of hazardous waste,529,458,71,6,6,0,523,452,71,68,58,10,0,0,0,68,58,10
07,000,STATE - NCT OF DELHI,38,382,3821,Treatment and disposal of non-hazardous waste,17,15,2,0,0,0,17,15,2,0,0,0,0,0,0,0,0,0
07,000,STATE - NCT OF DELHI,38,382,3822,Treatment and disposal of hazardous waste,15,12,3,0,0,0,15,12,3,0,0,0,0,0,0,0,0,0
07,000,STATE - NCT OF DELHI,39,390,3900,Remediation activities and other waste management services,21,19,2,0,0,0,21,19,2,6,3,3,0,0,0,6,3,3
07,000,STATE - NCT OF DELHI,41,410,4100,Construction of buildings,80294,73569,6725,3202,2649,553,77092,70920,6172,12580,11032,1548,723,586,137,11857,10446,1411
07,000,STATE - NCT OF DELHI,42,421,4210,Construction roads and railways,1468,1298,170,43,41,2,1425,1257,168,252,225,27,0,0,0,252,225,27
07,000,STATE - NCT OF DELHI,42,422,4220,Construction of utility projects,317,307,10,12,12,0,305,295,10,29,29,0,0,0,0,29,29,0
07,000,STATE - NCT OF DELHI,42,429,4290,Construction of other civil engineering projects,195,189,6,6,6,0,189,183,6,11,11,0,0,0,0,11,11,0
07,000,STATE - NCT OF DELHI,43,431,4312,Site preparation,41,41,0,0,0,0,41,41,0,5,2,3,0,0,0,5,2,3
07,000,STATE - NCT OF DELHI,43,432,4321,Electrical installation,1384,1377,7,47,47,0,1337,1330,7,111,111,0,7,7,0,104,104,0
07,000,STATE - NCT OF DELHI,43,432,4322,"Plumbing, heat and air-conditioning installation",4290,4241,49,105,105,0,4185,4136,49,382,374,8,36,36,0,346,338,8
07,000,STATE - NCT OF DELHI,43,432,4329,Other construction installation,1498,1397,101,42,35,7,1456,1362,94,262,221,41,7,7,0,255,214,41
07,000,STATE - NCT OF DELHI,43,433,4330,Building completion and finishing,11091,10952,139,190,188,2,10901,10764,137,1427,1396,31,45,39,6,1382,1357,25
07,000,STATE - NCT OF DELHI,43,439,4390,Other specialized construction activities,74,71,3,0,0,0,74,71,3,0,0,0,0,0,0,0,0,0
07,000,STATE - NCT OF DELHI,45,451,4510,Sale of motor vehicles,1265,1200,65,19,15,4,1246,1185,61,50,44,6,0,0,0,50,44,6
07,000,STATE - NCT OF DELHI,45,452,4520,Maintenance and repair of motor vehicles,8345,8279,66,157,157,0,8188,8122,66,301,296,5,8,8,0,293,288,5
07,000,STATE - NCT OF DELHI,45,453,4530,Sale of motor vehicle parts and accessories,1745,1663,82,12,12,0,1733,1651,82,61,58,3,0,0,0,61,58,3
07,000,STATE - NCT OF DELHI,45,454,4540,"Sale, maintenance and repair of motorcycles and related parts and",1775,1749,26,21,21,0,1754,1728,26,98,96,2,6,6,0,92,90,2
07,000,STATE - NCT OF DELHI,46,461,4610,Wholesale on a fee or contract basis,500,470,30,3,3,0,497,467,30,15,9,6,0,0,0,15,9,6
07,000,STATE - NCT OF DELHI,46,462,4620,Wholesale of agricultural raw materials and live animals,288,265,23,17,16,1,271,249,22,15,15,0,0,0,0,15,15,0
07,000,STATE - NCT OF DELHI,46,463,4630,"Wholesale of food, beverages and tobacco",4550,4341,209,37,37,0,4513,4304,209,213,194,19,0,0,0,213,194,19
07,000,STATE - NCT OF DELHI,46,464,4641,"Wholesale of textiles, clothing and footwear",1769,1624,145,18,18,0,1751,1606,145,77,68,9,0,0,0,77,68,9
07,000,STATE - NCT OF DELHI,46,464,4649,Wholesale of other household goods,2084,1998,86,25,25,0,2059,1973,86,58,45,13,0,0,0,58,45,13
07,000,STATE - NCT OF DELHI,46,465,4651,"Wholesale of computers, computer peripheral equipment and software",71,68,3,0,0,0,71,68,3,0,0,0,0,0,0,0,0,0
07,000,STATE - NCT OF DELHI,46,465,4652,Wholesale of electronic and telecommunications equipment and parts,568,530,38,4,4,0,564,526,38,34,29,5,0,0,0,34,29,5
07,000,STATE - NCT OF DELHI,46,465,4653,"Wholesale of agricultural machinery, equipment and supplies",20,18,2,0,0,0,20,18,2,0,0,0,0,0,0,0,0,0
07,000,STATE - NCT OF DELHI,46,465,4659,Wholesale of other machinery and equipment,489,480,9,8,7,1,481,473,8,22,22,0,0,0,0,22,22,0
07,000,STATE - NCT OF DELHI,46,466,4661,"Wholesale of solid, liquid and gaseous fuels and related products",184,164,20,6,0,6,178,164,14,9,6,3,0,0,0,9,6,3
07,000,STATE - NCT OF DELHI,46,466,4662,Wholesale of metals and metal ores,199,199,0,0,0,0,199,199,0,9,9,0,0,0,0,9,9,0
07,000,STATE - NCT OF DELHI,46,466,4663,"Wholesale of construction materials, hardware, plumbing and heating",371,363,8,1,1,0,370,362,8,9,9,0,0,0,0,9,9,0
07,000,STATE - NCT OF DELHI,46,466,4669,Wholesale of waste and scrap and other products n.e.c.,2108,1914,194,13,11,2,2095,1903,192,52,38,14,0,0,0,52,38,14
07,000,STATE - NCT OF DELHI,46,469,4690,Non-specialized wholesale trade,6574,6048,526,132,126,6,6442,5922,520,288,240,48,7,7,0,281,233,48
07,000,STATE - NCT OF DELHI,47,471,4711,"Retail sale in non-specialized stores with food, beverages or tobacco",251,228,23,0,0,0,251,228,23,8,8,0,0,0,0,8,8,0
07,000,STATE - NCT OF DELHI,47,471,4719,Other retail sale in non-specialized stores,851,806,45,13,13,0,838,793,45,54,54,0,0,0,0,54,54,0
07,000,STATE - NCT OF DELHI,47,472,4721,Retail sale of food in specialized stores,18738,17069,1669,403,311,92,18335,16758,1577,858,643,215,39,21,18,819,622,197
07,000,STATE - NCT OF DELHI,47,472,4722,Retail sale of beverages in specialized stores,90,88,2,0,0,0,90,88,2,3,3,0,0,0,0,3,3,0
07,000,STATE - NCT OF DELHI,47,472,4723,Retail sale of tobacco products in specialized stores,108,97,11,12,12,0,96,85,11,11,9,2,0,0,0,11,9,2
07,000,STATE - NCT OF DELHI,47,473,4730,Retail sale of automotive fuel in specialized stores,972,936,36,25,23,2,947,913,34,57,57,0,0,0,0,57,57,0
07,000,STATE - NCT OF DELHI,47,474,4741,"Retail sale of computers, peripheral units, software and",2731,2611,120,34,34,0,2697,2577,120,159,138,21,8,8,0,151,130,21
07,000,STATE - NCT OF DELHI,47,474,4742,Retail sale of audio and video equipment in specialized stores,81,78,3,0,0,0,81,78,3,6,6,0,0,0,0,6,6,0
07,000,STATE - NCT OF DELHI,47,475,4751,Retail sale of textiles in specialized stores,1004,929,75,7,7,0,997,922,75,52,50,2,0,0,0,52,50,2
07,000,STATE - NCT OF DELHI,47,475,4752,"Retail sale of hardware, paints and glass in specialized stores",3458,3397,61,53,53,0,3405,3344,61,179,170,9,0,0,0,179,170,9
07,000,STATE - NCT OF DELHI,47,475,4753,"Retail sale of carpets, rugs, wall and floor coverings in specialized",41,41,0,0,0,0,41,41,0,9,9,0,0,0,0,9,9,0
07,000,STATE - NCT OF DELHI,47,475,4759,"Retail sale of electrical household appliances, furniture, lighting",7928,7760,168,151,150,1,7777,7610,167,368,350,18,19,19,0,349,331,18
07,000,STATE - NCT OF DELHI,47,476,4761,"Retail sale of books, newspapers and stationary in specialized stores",1500,1461,39,34,34,0,1466,1427,39,65,55,10,0,0,0,65,55,10
07,000,STATE - NCT OF DELHI,47,476,4762,Retail sale of music and video recordings in specialized stores,17,17,0,0,0,0,17,17,0,0,0,0,0,0,0,0,0,0
07,000,STATE - NCT OF DELHI,47,476,4763,Retail sale of sporting equipment in specialized stores,17,15,2,0,0,0,17,15,2,0,0,0,0,0,0,0,0,0
07,000,STATE - NCT OF DELHI,47,476,4764,Retail sale of games and toys in specialized stores,545,451,94,0,0,0,545,451,94,23,15,8,0,0,0,23,15,8
07,000,STATE - NCT OF DELHI,47,477,4771,"Retail sale of clothing, footwear and leather articles in specialized",10642,10260,382,71,65,6,10571,10195,376,418,391,27,1,0,1,417,391,26
07,000,STATE - NCT OF DELHI,47,477,4772,"Retail sale of pharmaceutical and medical goods, cosmetic and toilet",2537,2210,327,49,34,15,2488,2176,312,91,66,25,6,6,0,85,60,25
07,000,STATE - NCT OF DELHI,47,477,4773,Other retail sale of new goods in specialized stores,5618,5057,561,81,70,11,5537,4987,550,324,264,60,7,6,1,317,258,59
07,000,STATE - NCT OF DELHI,47,477,4774,Retail sale of second-hand goods,170,157,13,0,0,0,170,157,13,3,3,0,0,0,0,3,3,0
07,000,STATE - NCT OF DELHI,47,478,4781,"Retail sale via stalls and markets of food, beverages and tobacco",2119,1971,148,22,18,4,2097,1953,144,123,103,20,0,0,0,123,103,20
07,000,STATE - NCT OF DELHI,47,478,4782,"Retail sale via stalls and markets of textiles, clothing and footwear",6384,6102,282,19,18,1,6365,6084,281,314,294,20,1,1,0,313,293,20
07,000,STATE - NCT OF DELHI,47,478,4789,Retail sale via stalls and markets of other goods,17455,16167,1288,187,165,22,17268,16002,1266,1184,999,185,8,8,0,1176,991,185
07,000,STATE - NCT OF DELHI,47,479,4791,Retail sale via mail order houses or via Internet,32,32,0,0,0,0,32,32,0,0,0,0,0,0,0,0,0,0
07,000,STATE - NCT OF DELHI,47,479,4799,"Other retail sale not in stores, stalls or markets",15712,14363,1349,196,171,25,15516,14192,1324,1147,1006,141,11,9,2,1136,997,139
07,000,STATE - NCT OF DELHI,49,491,4911,Passenger rail transport,4928,4576,352,98,98,0,4830,4478,352,121,101,20,0,0,0,121,101,20
07,000,STATE - NCT OF DELHI,49,491,4912,Freight rail transport,453,423,30,12,12,0,441,411,30,9,9,0,0,0,0,9,9,0
07,000,STATE - NCT OF DELHI,49,492,4921,Urban or suburban passenger land transport,21058,20853,205,586,581,5,20472,20272,200,943,926,17,51,51,0,892,875,17
07,000,STATE - NCT OF DELHI,49,492,4922,Other passenger land transport,29367,29071,296,789,781,8,28578,28290,288,1745,1703,42,48,42,6,1697,1661,36
07,000,STATE - NCT OF DELHI,49,492,4923,Freight transport by road,8063,7951,112,299,299,0,7764,7652,112,416,403,13,6,6,0,410,397,13
07,000,STATE - NCT OF DELHI,50,501,5011,Sea and coastal passenger water transport,24,24,0,6,6,0,18,18,0,3,3,0,0,0,0,3,3,0
07,000,STATE - NCT OF DELHI,50,502,5021,Inland passenger water transport,51,51,0,6,6,0,45,45,0,0,0,0,0,0,0,0,0,0
07,000,STATE - NCT OF DELHI,50,502,5022,Inland freight water transport,6,6,0,6,6,0,0,0,0,0,0,0,0,0,0,0,0,0
07,000,STATE - NCT OF DELHI,51,511,5110,Passenger air transport,3451,3191,260,202,195,7,3249,2996,253,136,123,13,0,0,0,136,123,13
07,000,STATE - NCT OF DELHI,51,512,5120,Freight air transport,376,354,22,13,13,0,363,341,22,18,15,3,12,12,0,6,3,3
07,000,STATE - NCT OF DELHI,52,521,5210,Warehousing and storage,773,648,125,62,58,4,711,590,121,58,37,21,0,0,0,58,37,21
07,000,STATE - NCT OF DELHI,52,522,5221,Service activities incidental to land transportation,2008,1952,56,48,45,3,1960,1907,53,77,74,3,0,0,0,77,74,3
07,000,STATE - NCT OF DELHI,52,522,5222,Service activities incidental to water transportation,3,3,0,0,0,0,3,3,0,0,0,0,0,0,0,0,0,0
07,000,STATE - NCT OF DELHI,52,522,5223,Service activities incidental to air transportation,280,251,29,2,2,0,278,249,29,15,12,3,0,0,0,15,12,3
07,000,STATE - NCT OF DELHI,52,522,5224,Cargo handling,217,211,6,6,6,0,211,205,6,10,10,0,0,0,0,10,10,0
07,000,STATE - NCT OF DELHI,52,522,5229,Other transportation support activities,1216,1140,76,8,8,0,1208,1132,76,47,36,11,0,0,0,47,36,11
07,000,STATE - NCT OF DELHI,53,531,5310,Postal activities,1234,1142,92,73,73,0,1161,1069,92,24,21,3,0,0,0,24,21,3
07,000,STATE - NCT OF DELHI,53,532,5320,Courier activities,2309,2262,47,45,45,0,2264,2217,47,94,90,4,0,0,0,94,90,4
07,000,STATE - NCT OF DELHI,55,551,5510,Short term accommodation activities,7075,6553,522,318,282,36,6757,6271,486,420,393,27,9,8,1,411,385,26
07,000,STATE - NCT OF DELHI,55,552,5520,"Camping grounds, recreational vehicle parks and trailer parks",31,27,4,2,1,1,29,26,3,3,3,0,0,0,0,3,3,0
07,000,STATE - NCT OF DELHI,55,559,5590,Other accommodation,161,106,55,6,6,0,155,100,55,12,3,9,7,1,6,5,2,3
07,000,STATE - NCT OF DELHI,56,561,5610,Restaurants and mobile food service activities,371,347,24,0,0,0,371,347,24,26,23,3,0,0,0,26,23,3
07,000,STATE - NCT OF DELHI,56,562,5621,Event catering,1980,1877,103,43,42,1,1937,1835,102,321,299,22,38,38,0,283,261,22
07,000,STATE - NCT OF DELHI,56,562,5629,Other food service activities,146,133,13,7,7,0,139,126,13,6,0,6,0,0,0,6,0,6
07,000,STATE - NCT OF DELHI,56,563,5630,Beverage serving activities,3049,2737,312,57,48,9,2992,2689,303,176,152,24,6,6,0,170,146,24
07,000,STATE - NCT OF DELHI,58,581,5811,Book publishing,205,189,16,0,0,0,205,189,16,3,0,3,0,0,0,3,0,3
07,000,STATE - NCT OF DELHI,58,581,5812,Publishing of directories and mailing lists,6,3,3,0,0,0,6,3,3,0,0,0,0,0,0,0,0,0
07,000,STATE - NCT OF DELHI,58,581,5813,"Publishing of newspapers, journals and periodicals",225,205,20,2,2,0,223,203,20,6,6,0,0,0,0,6,6,0
07,000,STATE - NCT OF DELHI,58,581,5819,Other publishing activities,59,59,0,0,0,0,59,59,0,0,0,0,0,0,0,0,0,0
07,000,STATE - NCT OF DELHI,58,582,5820,Software publishing,64,53,11,6,6,0,58,47,11,0,0,0,0,0,0,0,0,0
07,000,STATE - NCT OF DELHI,59,591,5911,"Motion picture, video and television programme production activities",114,109,5,0,0,0,114,109,5,12,12,0,0,0,0,12,12,0
07,000,STATE - NCT OF DELHI,59,591,5912,"Motion picture, video and television programme post-production",19,17,2,0,0,0,19,17,2,3,3,0,0,0,0,3,3,0
07,000,STATE - NCT OF DELHI,59,591,5913,"Motion picture, video and television programme distribution activities",38,32,6,0,0,0,38,32,6,5,5,0,0,0,0,5,5,0
07,000,STATE - NCT OF DELHI,59,591,5914,Motion picture projection activities,190,184,6,0,0,0,190,184,6,23,23,0,0,0,0,23,23,0
07,000,STATE - NCT OF DELHI,59,592,5920,Sound recording and music publishing activitiesT,91,86,5,1,1,0,90,85,5,21,21,0,0,0,0,21,21,0
07,000,STATE - NCT OF DELHI,60,601,6010,Radio broadcasting,255,204,51,8,6,2,247,198,49,8,8,0,0,0,0,8,8,0
07,000,STATE - NCT OF DELHI,60,602,6020,Television programming and broadcasting activities,631,572,59,0,0,0,631,572,59,18,18,0,0,0,0,18,18,0
07,000,STATE - NCT OF DELHI,61,611,6110,Wired telecommunications activities,2453,2340,113,64,64,0,2389,2276,113,119,101,18,0,0,0,119,101,18
07,000,STATE - NCT OF DELHI,61,612,6120,Wireless telecommunications activities,125,114,11,0,0,0,125,114,11,6,6,0,0,0,0,6,6,0
07,000,STATE - NCT OF DELHI,61,613,6130,Satellite telecommunications activities,43,36,7,0,0,0,43,36,7,0,0,0,0,0,0,0,0,0
07,000,STATE - NCT OF DELHI,61,619,6190,Other telecommunications activities,2217,1948,269,71,71,0,2146,1877,269,47,44,3,0,0,0,47,44,3
07,000,STATE - NCT OF DELHI,62,620,6201,Computer programming activities,238,230,8,1,1,0,237,229,8,0,0,0,0,0,0,0,0,0
07,000,STATE - NCT OF DELHI,62,620,6202,Computer consultancy and computer facilities management activities,346,307,39,0,0,0,346,307,39,18,15,3,0,0,0,18,15,3
07,000,STATE - NCT OF DELHI,62,620,6209,Other information technology and computer service activities,1300,1141,159,19,18,1,1281,1123,158,60,54,6,0,0,0,60,54,6
07,000,STATE - NCT OF DELHI,63,631,6311,"Data processing, hosting and related activities",100,91,9,1,1,0,99,90,9,5,5,0,0,0,0,5,5,0
07,000,STATE - NCT OF DELHI,63,631,6312,Web portals,12,12,0,0,0,0,12,12,0,0,0,0,0,0,0,0,0,0
07,000,STATE - NCT OF DELHI,63,639,6391,News agency activities,260,221,39,2,2,0,258,219,39,5,5,0,0,0,0,5,5,0
07,000,STATE - NCT OF DELHI,63,639,6399,Other information service activities n.e.c.,1895,1693,202,33,33,0,1862,1660,202,83,68,15,0,0,0,83,68,15
07,000,STATE - NCT OF DELHI,64,641,6411,Central banking,8768,7681,1087,176,164,12,8592,7517,1075,213,177,36,2,2,0,211,175,36
07,000,STATE - NCT OF DELHI,64,641,6419,Other monetary intermediation,413,378,35,12,12,0,401,366,35,6,6,0,0,0,0,6,6,0
07,000,STATE - NCT OF DELHI,64,642,6420,Activities of holding companies,19,16,3,0,0,0,19,16,3,3,0,3,0,0,0,3,0,3
07,000,STATE - NCT OF DELHI,64,643,6430,"Trusts, funds and other financial vehicles",103,99,4,0,0,0,103,99,4,2,2,0,0,0,0,2,2,0
07,000,STATE - NCT OF DELHI,64,649,6491,Financial leasing,109,94,15,6,0,6,103,94,9,6,6,0,0,0,0,6,6,0
07,000,STATE - NCT OF DELHI,64,649,6492,Other credit granting,33,24,9,0,0,0,33,24,9,3,3,0,0,0,0,3,3,0
07,000,STATE - NCT OF DELHI,64,649,6499,"Other financial service activities, except insurance and pension funding",175,167,8,8,8,0,167,159,8,9,9,0,0,0,0,9,9,0
07,000,STATE - NCT OF DELHI,65,651,6511,Life insurance,2442,2129,313,94,86,8,2348,2043,305,52,37,15,6,6,0,46,31,15
07,000,STATE - NCT OF DELHI,65,651,6512,Non-life insurance,307,265,42,18,12,6,289,253,36,8,8,0,6,6,0,2,2,0
07,000,STATE - NCT OF DELHI,65,652,6520,Reinsurance,3,0,3,0,0,0,3,0,3,0,0,0,0,0,0,0,0,0
07,000,STATE - NCT OF DELHI,65,653,6530,Pension funding,20,20,0,0,0,0,20,20,0,3,3,0,0,0,0,3,3,0
07,000,STATE - NCT OF DELHI,66,661,6611,Administration of financial markets,11,8,3,0,0,0,11,8,3,0,0,0,0,0,0,0,0,0
07,000,STATE - NCT OF DELHI,66,661,6612,Security and commodity contracts brokerage,238,222,16,1,1,0,237,221,16,8,5,3,2,2,0,6,3,3
07,000,STATE - NCT OF DELHI,66,661,6619,Activities auxiliary to financial service activities n.e.c.,145,130,15,1,1,0,144,129,15,3,3,0,0,0,0,3,3,0
07,000,STATE - NCT OF DELHI,66,662,6621,Risk and damage evaluation,3,3,0,0,0,0,3,3,0,0,0,0,0,0,0,0,0,0
07,000,STATE - NCT OF DELHI,66,662,6622,Activities of insurance agents and brokers,188,174,14,0,0,0,188,174,14,6,6,0,0,0,0,6,6,0
07,000,STATE - NCT OF DELHI,66,662,6629,Other activities auxiliary to insurance and pension funding,239,218,21,15,9,6,224,209,15,12,12,0,0,0,0,12,12,0
07,000,STATE - NCT OF DELHI,66,663,6630,Fund management activities,85,81,4,0,0,0,85,81,4,6,3,3,0,0,0,6,3,3
07,000,STATE - NCT OF DELHI,68,681,6810,Real estate activities with own or leased property,2643,2581,62,23,23,0,2620,2558,62,118,118,0,6,6,0,112,112,0
07,000,STATE - NCT OF DELHI,68,682,6820,Real estate activities on a fee or contract basis,571,559,12,1,1,0,570,558,12,32,32,0,0,0,0,32,32,0
07,000,STATE - NCT OF DELHI,69,691,6910,Legal activities,787,708,79,8,7,1,779,701,78,19,13,6,1,1,0,18,12,6
07,000,STATE - NCT OF DELHI,69,692,6920,"Accounting, bookkeeping and auditing activities; tax consultancy",667,612,55,9,3,6,658,609,49,31,28,3,0,0,0,31,28,3
07,000,STATE - NCT OF DELHI,70,701,7010,Activities of head offices,463,431,32,26,26,0,437,405,32,6,6,0,0,0,0,6,6,0
07,000,STATE - NCT OF DELHI,70,702,7020,Management consultancy activities,75,60,15,0,0,0,75,60,15,3,3,0,0,0,0,3,3,0
07,000,STATE - NCT OF DELHI,71,711,7110,Architectural and engineering activities and related technical,444,401,43,13,13,0,431,388,43,14,12,2,0,0,0,14,12,2
07,000,STATE - NCT OF DELHI,71,712,7120,Technical testing and analysis,8,8,0,0,0,0,8,8,0,0,0,0,0,0,0,0,0,0
07,000,STATE - NCT OF DELHI,72,721,7210,Research and experimental development on natural sciences and,99,75,24,0,0,0,99,75,24,0,0,0,0,0,0,0,0,0
07,000,STATE - NCT OF DELHI,72,722,7220,Research and experimental development on social sciences and,9,3,6,0,0,0,9,3,6,3,3,0,0,0,0,3,3,0
07,000,STATE - NCT OF DELHI,73,731,7310,Advertising,228,217,11,0,0,0,228,217,11,27,18,9,0,0,0,27,18,9
07,000,STATE - NCT OF DELHI,73,732,7320,Market research and public opinion polling,28,25,3,0,0,0,28,25,3,0,0,0,0,0,0,0,0,0
07,000,STATE - NCT OF DELHI,74,741,7410,Specialized design activities,777,657,120,11,11,0,766,646,120,58,47,11,6,6,0,52,41,11
07,000,STATE - NCT OF DELHI,74,742,7420,Photographic activities,2829,2802,27,77,77,0,2752,2725,27,199,192,7,8,8,0,191,184,7
07,000,STATE - NCT OF DELHI,74,749,7490,"Other professional, scientific and technical activities n.e.c.",327,293,34,0,0,0,327,293,34,20,12,8,0,0,0,20,12,8
07,000,STATE - NCT OF DELHI,75,750,7500,Veterinary activities,63,50,13,1,1,0,62,49,13,0,0,0,0,0,0,0,0,0
07,000,STATE - NCT OF DELHI,77,771,7710,Renting and leasing of motor vehicles,58,58,0,0,0,0,58,58,0,0,0,0,0,0,0,0,0,0
07,000,STATE - NCT OF DELHI,77,772,7721,Renting and leasing of recreational and sports goods,3,3,0,0,0,0,3,3,0,0,0,0,0,0,0,0,0,0
07,000,STATE - NCT OF DELHI,77,772,7722,Renting of video tapes and disks,3,3,0,0,0,0,3,3,0,0,0,0,0,0,0,0,0,0
07,000,STATE - NCT OF DELHI,77,772,7729,Renting and leasing of other personal and household goods n.e.c.,1284,1265,19,24,24,0,1260,1241,19,150,150,0,0,0,0,150,150,0
07,000,STATE - NCT OF DELHI,77,773,7730,"Renting and leasing of other machinery, equipment and tangible goods",120,107,13,1,1,0,119,106,13,0,0,0,0,0,0,0,0,0
07,000,STATE - NCT OF DELHI,78,781,7810,Activities of employment placement agencies,127,121,6,0,0,0,127,121,6,6,6,0,0,0,0,6,6,0
07,000,STATE - NCT OF DELHI,78,782,7820,Temporary employment agency activities,15,15,0,0,0,0,15,15,0,3,3,0,0,0,0,3,3,0
07,000,STATE - NCT OF DELHI,78,783,7830,Human resources provision and management of human resources,6,3,3,0,0,0,6,3,3,0,0,0,0,0,0,0,0,0
07,000,STATE - NCT OF DELHI,79,791,7911,Travel agency activities,759,711,48,9,9,0,750,702,48,35,32,3,12,12,0,23,20,3
07,000,STATE - NCT OF DELHI,79,791,7912,Tour operator activities,224,207,17,6,6,0,218,201,17,11,11,0,0,0,0,11,11,0
07,000,STATE - NCT OF DELHI,79,799,7990,Other reservation service and related activities,39,39,0,0,0,0,39,39,0,0,0,0,0,0,0,0,0,0
07,000,STATE - NCT OF DELHI,80,801,8010,Private security activities,1140,1105,35,27,27,0,1113,1078,35,42,36,6,0,0,0,42,36,6
07,000,STATE - NCT OF DELHI,80,802,8020,Security systems service activities,411,397,14,4,4,0,407,393,14,15,15,0,0,0,0,15,15,0
07,000,STATE - NCT OF DELHI,80,803,8030,Investigation activities,3,3,0,0,0,0,3,3,0,0,0,0,0,0,0,0,0,0
07,000,STATE - NCT OF DELHI,81,811,8110,Combined facilities support activities,20,15,5,0,0,0,20,15,5,0,0,0,0,0,0,0,0,0
07,000,STATE - NCT OF DELHI,81,812,8121,General cleaning of buildings,29,26,3,0,0,0,29,26,3,0,0,0,0,0,0,0,0,0
07,000,STATE - NCT OF DELHI,81,812,8129,Other building and industrial cleaning activities,79,76,3,0,0,0,79,76,3,3,3,0,0,0,0,3,3,0
07,000,STATE - NCT OF DELHI,82,821,8211,Combined office administrative service activities,197,176,21,1,1,0,196,175,21,11,6,5,0,0,0,11,6,5
07,000,STATE - NCT OF DELHI,82,821,8219,"Photocopying, document preparation and other specialized office",641,619,22,0,0,0,641,619,22,33,33,0,8,8,0,25,25,0
07,000,STATE - NCT OF DELHI,82,822,8220,Activities of call centres,2000,1674,326,38,32,6,1962,1642,320,93,71,22,0,0,0,93,71,22
07,000,STATE - NCT OF DELHI,82,823,8230,Organization of conventions and trade shows,3,3,0,0,0,0,3,3,0,0,0,0,0,0,0,0,0,0
07,000,STATE - NCT OF DELHI,82,829,8291,Activities of collection agencies and credit bureaus,34,29,5,0,0,0,34,29,5,0,0,0,0,0,0,0,0,0
07,000,STATE - NCT OF DELHI,82,829,8292,Packaging activities,1709,1171,538,14,14,0,1695,1157,538,170,91,79,0,0,0,170,91,79
07,000,STATE - NCT OF DELHI,82,829,8299,Other business support service activities n.e.c.,49383,44765,4618,940,881,59,48443,43884,4559,2532,2188,344,69,57,12,2463,2131,332
07,000,STATE - NCT OF DELHI,84,841,8411,General public administration activities,93752,75192,18560,3440,2743,697,90312,72449,17863,2420,1884,536,40,31,9,2380,1853,527
07,000,STATE - NCT OF DELHI,84,841,8412,"Regulation of the activities of providing health care, education, cultural",169,129,40,13,13,0,156,116,40,6,3,3,0,0,0,6,3,3
07,000,STATE - NCT OF DELHI,84,841,8413,Regulation of and contribution to more efficient operation of,15,12,3,6,6,0,9,6,3,0,0,0,0,0,0,0,0,0
07,000,STATE - NCT OF DELHI,84,842,8421,Foreign affairs,55,50,5,0,0,0,55,50,5,3,3,0,0,0,0,3,3,0
07,000,STATE - NCT OF DELHI,84,842,8422,Defence activities,3249,2997,252,107,103,4,3142,2894,248,55,53,2,0,0,0,55,53,2
07,000,STATE - NCT OF DELHI,84,842,8423,Public order and safety activities,5075,4657,418,326,308,18,4749,4349,400,93,85,8,12,12,0,81,73,8
07,000,STATE - NCT OF DELHI,84,843,8430,Compulsory social security activities,215,203,12,14,14,0,201,189,12,5,3,2,0,0,0,5,3,2
07,000,STATE - NCT OF DELHI,85,851,8510,Primary education,12747,6181,6566,482,265,217,12265,5916,6349,496,205,291,12,12,0,484,193,291
07,000,STATE - NCT OF DELHI,85,852,8521,General secondary education,2968,1734,1234,64,46,18,2904,1688,1216,68,40,28,0,0,0,68,40,28
07,000,STATE - NCT OF DELHI,85,852,8522,Technical and vocational secondary education,37,29,8,0,0,0,37,29,8,3,0,3,0,0,0,3,0,3
07,000,STATE - NCT OF DELHI,85,853,8530,Higher education,3345,2668,677,88,85,3,3257,2583,674,88,59,29,0,0,0,88,59,29
07,000,STATE - NCT OF DELHI,85,854,8541,Sports and recreation education,145,136,9,0,0,0,145,136,9,0,0,0,0,0,0,0,0,0
07,000,STATE - NCT OF DELHI,85,854,8542,Cultural education,92,83,9,1,1,0,91,82,9,9,6,3,0,0,0,9,6,3
07,000,STATE - NCT OF DELHI,85,854,8549,Other education n.e.c.,3419,2209,1210,60,38,22,3359,2171,1188,481,201,280,14,8,6,467,193,274
07,000,STATE - NCT OF DELHI,85,855,8550,Educational support services,5112,3429,1683,169,118,51,4943,3311,1632,236,154,82,12,12,0,224,142,82
07,000,STATE - NCT OF DELHI,86,861,8610,Hospital activities,12328,9499,2829,335,294,41,11993,9205,2788,369,255,114,2,2,0,367,253,114
07,000,STATE - NCT OF DELHI,86,862,8620,Medical and dental practice activities,478,396,82,13,13,0,465,383,82,11,9,2,0,0,0,11,9,2
07,000,STATE - NCT OF DELHI,86,869,8690,Other human health activities,7715,5100,2615,196,139,57,7519,4961,2558,249,159,90,2,0,2,247,159,88
07,000,STATE - NCT OF DELHI,87,871,8710,Nursing care facilities,69,46,23,0,0,0,69,46,23,3,0,3,0,0,0,3,0,3
07,000,STATE - NCT OF DELHI,87,872,8720,"Residential care activities for mental retardation, mental health and",6,3,3,0,0,0,6,3,3,0,0,0,0,0,0,0,0,0
07,000,STATE - NCT OF DELHI,87,873,8730,Residential care activities for the elderly and disabled,3,0,3,0,0,0,3,0,3,0,0,0,0,0,0,0,0,0
07,000,STATE - NCT OF DELHI,87,879,8790,Other residential care activities n.e.c.,29,12,17,0,0,0,29,12,17,0,0,0,0,0,0,0,0,0
07,000,STATE - NCT OF DELHI,88,881,8810,Social work activities without accommodation for the elderly and,84,36,48,0,0,0,84,36,48,6,6,0,0,0,0,6,6,0
07,000,STATE - NCT OF DELHI,88,889,8890,Other social work activities without accommodation n.e.c.,1210,338,872,41,11,30,1169,327,842,70,22,48,2,2,0,68,20,48
07,000,STATE - NCT OF DELHI,90,900,9000,"Dramatic arts, music and other arts activities",4590,4451,139,89,89,0,4501,4362,139,643,631,12,43,43,0,600,588,12
07,000,STATE - NCT OF DELHI,91,910,9101,Library and archives activities,196,164,32,2,0,2,194,164,30,6,3,3,0,0,0,6,3,3
07,000,STATE - NCT OF DELHI,91,910,9102,Museums activities and operation of historical sites and buildings,115,102,13,1,0,1,114,102,12,8,8,0,0,0,0,8,8,0
07,000,STATE - NCT OF DELHI,91,910,9103,Botanical and zoological gardens and nature reserves activities,89,80,9,6,6,0,83,74,9,0,0,0,0,0,0,0,0,0
07,000,STATE - NCT OF DELHI,92,920,9200,Gambling and betting activities,9,9,0,0,0,0,9,9,0,3,3,0,0,0,0,3,3,0
07,000,STATE - NCT OF DELHI,93,931,9311,Operation of sports facilities,26,26,0,0,0,0,26,26,0,3,3,0,0,0,0,3,3,0
07,000,STATE - NCT OF DELHI,93,931,9312,Activities of sports clubs,678,630,48,2,2,0,676,628,48,27,24,3,0,0,0,27,24,3
07,000,STATE - NCT OF DELHI,93,931,9319,Other sports activities,342,304,38,0,0,0,342,304,38,26,21,5,0,0,0,26,21,5
07,000,STATE - NCT OF DELHI,93,932,9321,Activities of amusement parks and theme parks,6,6,0,0,0,0,6,6,0,0,0,0,0,0,0,0,0,0
07,000,STATE - NCT OF DELHI,93,932,9329,Other amusement and recreation activities n.e.c.,661,647,14,12,12,0,649,635,14,105,101,4,0,0,0,105,101,4
07,000,STATE - NCT OF DELHI,94,941,9411,Activities of business and employers membership organizations,24,24,0,6,6,0,18,18,0,3,3,0,0,0,0,3,3,0
07,000,STATE - NCT OF DELHI,94,941,9412,Activities of professional membership organizations,9,9,0,0,0,0,9,9,0,0,0,0,0,0,0,0,0,0
07,000,STATE - NCT OF DELHI,94,942,9420,Activities of trade unions,12,12,0,0,0,0,12,12,0,0,0,0,0,0,0,0,0,0
07,000,STATE - NCT OF DELHI,94,949,9491,Activities of religious organizations,1094,974,120,28,28,0,1066,946,120,89,78,11,0,0,0,89,78,11
07,000,STATE - NCT OF DELHI,94,949,9492,Activities of political organizations,104,85,19,0,0,0,104,85,19,0,0,0,0,0,0,0,0,0
07,000,STATE - NCT OF DELHI,94,949,9499,Activities of other membership organizations n.e.c.,168,143,25,12,6,6,156,137,19,8,8,0,0,0,0,8,8,0
07,000,STATE - NCT OF DELHI,95,951,9511,Repair of computers and peripheral equipment,893,879,14,7,7,0,886,872,14,45,45,0,0,0,0,45,45,0
07,000,STATE - NCT OF DELHI,95,951,9512,Repair of communication equipment,799,782,17,14,14,0,785,768,17,52,52,0,1,1,0,51,51,0
07,000,STATE - NCT OF DELHI,95,952,9521,Repair of consumer electronics,1633,1470,163,27,26,1,1606,1444,162,112,81,31,1,0,1,111,81,30
07,000,STATE - NCT OF DELHI,95,952,9522,Repair of household appliances and home and garden equipment,3052,3003,49,81,81,0,2971,2922,49,201,191,10,20,20,0,181,171,10
07,000,STATE - NCT OF DELHI,95,952,9523,Repair of footwear and leather goods,1612,1587,25,21,21,0,1591,1566,25,81,79,2,6,6,0,75,73,2
07,000,STATE - NCT OF DELHI,95,952,9524,Repair of furniture and home furnishings,352,347,5,0,0,0,352,347,5,23,23,0,0,0,0,23,23,0
07,000,STATE - NCT OF DELHI,95,952,9529,"Repair of personal and household goods, n.e.c.",7537,7201,336,187,187,0,7350,7014,336,546,478,68,2,2,0,544,476,68
07,000,STATE - NCT OF DELHI,96,960,9601,Washing and (dry-) cleaning of textile and fur products,19717,14577,5140,69,63,6,19648,14514,5134,1001,527,474,13,6,7,988,521,467
07,000,STATE - NCT OF DELHI,96,960,9602,Hairdressing and other beauty treatment,3570,1309,2261,38,26,12,3532,1283,2249,375,86,289,12,6,6,363,80,283
07,000,STATE - NCT OF DELHI,96,960,9603,Funeral and related activities,5,5,0,0,0,0,5,5,0,0,0,0,0,0,0,0,0,0
07,000,STATE - NCT OF DELHI,96,960,9609,Other personal service activities n.e.c.,1936,1504,432,22,18,4,1914,1486,428,248,177,71,2,2,0,246,175,71
07,000,STATE - NCT OF DELHI,97,970,9700,Activities of households as employers of domestic personnel,36357,11129,25228,660,234,426,35697,10895,24802,3865,933,2932,95,36,59,3770,897,2873
07,000,STATE - NCT OF DELHI,98,981,9810,Undifferentiated goods-producing activities of private households for own,26,15,11,0,0,0,26,15,11,12,9,3,0,0,0,12,9,3
07,000,STATE - NCT OF DELHI,98,982,9820,Undifferentiated service-producing activities of private households for own,27,22,5,0,0,0,27,22,5,3,3,0,0,0,0,3,3,0
07,000,STATE - NCT OF DELHI,99,990,9900,Activities of extraterritorial organizations and bodies,673,628,45,12,12,0,661,616,45,47,44,3,0,0,0,47,44,3
30,000,STATE - GOA,01,014,0141,Raising of cattle and buffaloes,4,0,4,4,0,4,0,0,0,0,0,0,0,0,0,0,0,0
30,000,STATE - GOA,01,016,0161,Support activities for crop production,5,5,0,2,2,0,3,3,0,9,9,0,6,6,0,3,3,0
30,000,STATE - GOA,01,016,0163,Post-harvest crop activities,3,3,0,0,0,0,3,3,0,0,0,0,0,0,0,0,0,0
30,000,STATE - GOA,02,024,0240,Support services to forestry,6,6,0,6,6,0,0,0,0,0,0,0,0,0,0,0,0,0
30,000,STATE - GOA,03,031,0311,Marine fishing,13,13,0,10,10,0,3,3,0,0,0,0,0,0,0,0,0,0
30,000,STATE - GOA,05,051,0510,Mining of hard coal,3,0,3,0,0,0,3,0,3,3,0,3,0,0,0,3,0,3
30,000,STATE - GOA,05,052,0520,Mining of lignite,24,21,3,0,0,0,24,21,3,0,0,0,0,0,0,0,0,0
30,000,STATE - GOA,07,071,0710,Mining of iron ores,60,58,2,18,16,2,42,42,0,16,10,6,10,10,0,6,0,6
30,000,STATE - GOA,07,072,0729,Mining of other non-ferrous metal ores,21,18,3,12,12,0,9,6,3,6,6,0,6,6,0,0,0,0
30,000,STATE - GOA,08,081,0810,"Quarrying of stone, sand and clay",15,15,0,12,12,0,3,3,0,42,18,24,30,12,18,12,6,6
30,000,STATE - GOA,08,089,0899,Other mining and quarrying n.e.c.,59,48,11,30,24,6,29,24,5,6,6,0,6,6,0,0,0,0
30,000,STATE - GOA,09,091,0910,Support activities for petroleum and natural gas mining,6,6,0,0,0,0,6,6,0,0,0,0,0,0,0,0,0,0
30,000,STATE - GOA,10,103,1030,Processing and preserving of fruit and vegetables,12,12,0,12,12,0,0,0,0,5,0,5,0,0,0,5,0,5
30,000,STATE - GOA,10,105,1050,Manufacture of dairy products,23,21,2,14,12,2,9,9,0,0,0,0,0,0,0,0,0,0
30,000,STATE - GOA,10,107,1071,Manufacture of bakery products,11,9,2,0,0,0,11,9,2,3,3,0,0,0,0,3,3,0
30,000,STATE - GOA,10,107,1072,Manufacture of sugar,8,8,0,8,8,0,0,0,0,0,0,0,0,0,0,0,0,0
30,000,STATE - GOA,10,107,1073,"Manufacture of cocoa, chocolate and sugar confectionery",33,18,15,18,6,12,15,12,3,6,6,0,6,6,0,0,0,0
30,000,STATE - GOA,10,107,1075,Manufacture of prepared meals and dishes,6,6,0,0,0,0,6,6,0,0,0,0,0,0,0,0,0,0
30,000,STATE - GOA,10,107,1079,Manufacture of other food products n.e.c.,9,9,0,0,0,0,9,9,0,5,3,2,0,0,0,5,3,2
30,000,STATE - GOA,11,110,1103,Manufacture of malt liquors and malt,2,0,2,0,0,0,2,0,2,0,0,0,0,0,0,0,0,0
30,000,STATE - GOA,11,110,1104,Manufacture of soft drinks; production of mineral waters and other,17,14,3,0,0,0,17,14,3,9,6,3,0,0,0,9,6,3
30,000,STATE - GOA,13,131,1311,Preparation and spinning of textile fibres,12,9,3,6,6,0,6,3,3,0,0,0,0,0,0,0,0,0
30,000,STATE - GOA,13,131,1313,Finishing of textiles,3,3,0,0,0,0,3,3,0,0,0,0,0,0,0,0,0,0
30,000,STATE - GOA,14,141,1410,"Manufacture of wearing apparel, except fur apparel",54,17,37,22,6,16,32,11,21,25,6,19,6,6,0,19,0,19
30,000,STATE - GOA,15,152,1520,Manufacture of footwear,58,49,9,18,12,6,40,37,3,5,5,0,0,0,0,5,5,0
30,000,STATE - GOA,16,161,1610,Saw milling and planing of wood,12,12,0,0,0,0,12,12,0,0,0,0,0,0,0,0,0,0
30,000,STATE - GOA,16,162,1623,Manufacture of wooden containers,124,54,70,70,34,36,54,20,34,96,33,63,74,18,56,22,15,7
30,000,STATE - GOA,16,162,1629,"Manufacture of other products of wood; manufacture of articles of cork,",49,19,30,26,4,22,23,15,8,88,28,60,70,20,50,18,8,10
30,000,STATE - GOA,17,170,1709,Manufacture of other articles of paper and paperboard,3,3,0,0,0,0,3,3,0,0,0,0,0,0,0,0,0,0
30,000,STATE - GOA,18,181,1811,Printing,14,9,5,2,0,2,12,9,3,0,0,0,0,0,0,0,0,0
30,000,STATE - GOA,18,181,1812,Service activities related to printing,3,3,0,0,0,0,3,3,0,0,0,0,0,0,0,0,0,0
30,000,STATE - GOA,20,201,2011,Manufacture of basic chemicals,9,9,0,6,6,0,3,3,0,0,0,0,0,0,0,0,0,0
30,000,STATE - GOA,20,201,2012,Manufacture of fertilizers and nitrogen compounds,6,6,0,0,0,0,6,6,0,0,0,0,0,0,0,0,0,0
30,000,STATE - GOA,20,202,2022,"Manufacture of paints, varnishes and similar coatings, printing ink and",6,6,0,0,0,0,6,6,0,0,0,0,0,0,0,0,0,0
30,000,STATE - GOA,20,202,2023,"Manufacture of soap and detergents, cleaning and polishing preparations,",14,6,8,14,6,8,0,0,0,2,2,0,2,2,0,0,0,0
30,000,STATE - GOA,20,202,2029,Manufacture of other chemical products n.e.c.,2,2,0,0,0,0,2,2,0,0,0,0,0,0,0,0,0,0
30,000,STATE - GOA,21,210,2100,"Manufacture of pharmaceuticals, medicinal chemical and botanical",81,52,29,38,18,20,43,34,9,3,3,0,0,0,0,3,3,0
30,000,STATE - GOA,22,221,2211,Manufacture of rubber tyres and tubes; retreading and rebuilding of,15,15,0,6,6,0,9,9,0,0,0,0,0,0,0,0,0,0
30,000,STATE - GOA,22,221,2219,Manufacture of other rubber products,9,9,0,0,0,0,9,9,0,0,0,0,0,0,0,0,0,0
30,000,STATE - GOA,23,239,2391,Manufacture of refractory products,3,3,0,0,0,0,3,3,0,0,0,0,0,0,0,0,0,0
30,000,STATE - GOA,23,239,2393,Manufacture of other porcelain and ceramic products,3,3,0,0,0,0,3,3,0,0,0,0,0,0,0,0,0,0
30,000,STATE - GOA,23,239,2394,"Manufacture of cement, lime and plaster",27,18,9,6,0,6,21,18,3,3,0,3,0,0,0,3,0,3
30,000,STATE - GOA,23,239,2396,"Cutting, shaping and finishing of stone",3,3,0,0,0,0,3,3,0,0,0,0,0,0,0,0,0,0
30,000,STATE - GOA,24,241,2410,Manufacture of basic iron and steel,3,3,0,0,0,0,3,3,0,8,0,8,8,0,8,0,0,0
30,000,STATE - GOA,25,251,2511,Manufacture of structural metal products,6,6,0,6,6,0,0,0,0,0,0,0,0,0,0,0,0,0
30,000,STATE - GOA,25,259,2593,"Manufacture of cutlery, hand tools and general hardware",22,14,8,14,6,8,8,8,0,9,9,0,0,0,0,9,9,0
30,000,STATE - GOA,25,259,2599,Manufacture of other fabricated metal products n.e.c.,14,14,0,8,8,0,6,6,0,12,12,0,6,6,0,6,6,0
30,000,STATE - GOA,26,261,2610,Manufacture of electronic components,4,2,2,2,2,0,2,0,2,0,0,0,0,0,0,0,0,0
30,000,STATE - GOA,26,262,2620,Manufacture of computers and peripheral equipment,0,0,0,0,0,0,0,0,0,2,2,0,0,0,0,2,2,0
30,000,STATE - GOA,26,263,2630,Manufacture of communication equipment,8,8,0,0,0,0,8,8,0,0,0,0,0,0,0,0,0,0
30,000,STATE - GOA,26,265,2652,Manufacture of watches and clocks,8,8,0,6,6,0,2,2,0,0,0,0,0,0,0,0,0,0
30,000,STATE - GOA,27,273,2732,Manufacture of other electronic and electric wires and cables,6,0,6,0,0,0,6,0,6,0,0,0,0,0,0,0,0,0
30,000,STATE - GOA,27,275,2750,Manufacture of domestic appliances,6,6,0,0,0,0,6,6,0,2,2,0,0,0,0,2,2,0
30,000,STATE - GOA,29,291,2910,Manufacture of motor vehicles,6,0,6,6,0,6,0,0,0,0,0,0,0,0,0,0,0,0
30,000,STATE - GOA,29,292,2920,Manufacture of bodies (coachwork) for motor vehicles; manufacture of trailers and semi-trailers,26,24,2,8,6,2,18,18,0,0,0,0,0,0,0,0,0,0
30,000,STATE - GOA,29,293,2930,Manufacture of parts and accessories for motor vehicles,6,6,0,6,6,0,0,0,0,0,0,0,0,0,0,0,0,0
30,000,STATE - GOA,30,301,3011,Building of ships and floating structures,41,39,2,12,12,0,29,27,2,3,3,0,0,0,0,3,3,0
30,000,STATE - GOA,30,309,3091,Manufacture of motorcycles,3,3,0,0,0,0,3,3,0,0,0,0,0,0,0,0,0,0
30,000,STATE - GOA,30,309,3099,Manufacture of other transport equipment n.e.c.,9,9,0,6,6,0,3,3,0,0,0,0,0,0,0,0,0,0
30,000,STATE - GOA,31,310,3100,Manufacture of furniture,48,46,2,20,18,2,28,28,0,11,11,0,0,0,0,11,11,0
30,000,STATE - GOA,32,322,3220,Manufacture of musical instruments,3,3,0,0,0,0,3,3,0,0,0,0,0,0,0,0,0,0
30,000,STATE - GOA,32,329,3290,Other manufacturing n.e.c.,198,160,38,110,86,24,88,74,14,77,47,30,36,26,10,41,21,20
30,000,STATE - GOA,33,331,3311,Repair of fabricated metal products,3,3,0,0,0,0,3,3,0,0,0,0,0,0,0,0,0,0
30,000,STATE - GOA,33,331,3314,Repair of electrical equipment,17,17,0,14,14,0,3,3,0,0,0,0,0,0,0,0,0,0
30,000,STATE - GOA,33,331,3315,"Repair of transport equipment, except motor vehicles",6,6,0,6,6,0,0,0,0,0,0,0,0,0,0,0,0,0
30,000,STATE - GOA,35,351,3510,"Electric power generation, transmission and distribution",125,111,14,60,54,6,65,57,8,0,0,0,0,0,0,0,0,0
30,000,STATE - GOA,35,352,3520,Manufacture of gas; distribution of gaseous fuels through mains,0,0,0,0,0,0,0,0,0,2,2,0,2,2,0,0,0,0
30,000,STATE - GOA,41,410,4100,Construction of buildings,352,293,59,76,70,6,276,223,53,165,115,50,94,52,42,71,63,8
30,000,STATE - GOA,42,421,4210,Construction roads and railways,6,6,0,6,6,0,0,0,0,80,34,46,74,30,44,6,4,2
30,000,STATE - GOA,42,422,4220,Construction of utility projects,12,12,0,0,0,0,12,12,0,6,6,0,6,6,0,0,0,0
30,000,STATE - GOA,42,429,4290,Construction of other civil engineering projects,21,21,0,12,12,0,9,9,0,6,6,0,0,0,0,6,6,0
30,000,STATE - GOA,43,431,4312,Site preparation,81,58,23,40,34,6,41,24,17,27,19,8,24,16,8,3,3,0
30,000,STATE - GOA,43,432,4321,Electrical installation,6,6,0,0,0,0,6,6,0,0,0,0,0,0,0,0,0,0
30,000,STATE - GOA,43,432,4322,"Plumbing, heat and air-conditioning installation",30,30,0,6,6,0,24,24,0,0,0,0,0,0,0,0,0,0
30,000,STATE - GOA,43,433,4330,Building completion and finishing,247,220,27,46,38,8,201,182,19,82,73,9,36,36,0,46,37,9
30,000,STATE - GOA,43,439,4390,Other specialized construction activities,3,3,0,0,0,0,3,3,0,0,0,0,0,0,0,0,0,0
30,000,STATE - GOA,45,451,4510,Sale of motor vehicles,5,2,3,0,0,0,5,2,3,0,0,0,0,0,0,0,0,0
30,000,STATE - GOA,45,452,4520,Maintenance and repair of motor vehicles,39,39,0,12,12,0,27,27,0,11,11,0,6,6,0,5,5,0
30,000,STATE - GOA,45,454,4540,"Sale, maintenance and repair of motorcycles and related parts and",25,20,5,2,2,0,23,18,5,11,11,0,6,6,0,5,5,0
30,000,STATE - GOA,46,461,4610,Wholesale on a fee or contract basis,2,2,0,2,2,0,0,0,0,0,0,0,0,0,0,0,0,0
30,000,STATE - GOA,46,462,4620,Wholesale of agricultural raw materials and live animals,3,3,0,0,0,0,3,3,0,0,0,0,0,0,0,0,0,0
30,000,STATE - GOA,46,463,4630,"Wholesale of food, beverages and tobacco",27,21,6,0,0,0,27,21,6,0,0,0,0,0,0,0,0,0
30,000,STATE - GOA,46,464,4641,"Wholesale of textiles, clothing and footwear",3,3,0,0,0,0,3,3,0,6,6,0,0,0,0,6,6,0
30,000,STATE - GOA,46,465,4659,Wholesale of other machinery and equipment,2,2,0,0,0,0,2,2,0,0,0,0,0,0,0,0,0,0
30,000,STATE - GOA,46,466,4662,Wholesale of metals and metal ores,6,6,0,6,6,0,0,0,0,0,0,0,0,0,0,0,0,0
30,000,STATE - GOA,46,466,4663,"Wholesale of construction materials, hardware, plumbing and heating",9,9,0,0,0,0,9,9,0,0,0,0,0,0,0,0,0,0
30,000,STATE - GOA,46,466,4669,Wholesale of waste and scrap and other products n.e.c.,20,12,8,6,6,0,14,6,8,14,12,2,0,0,0,14,12,2
30,000,STATE - GOA,46,469,4690,Non-specialized wholesale trade,17,11,6,6,0,6,11,11,0,3,0,3,0,0,0,3,0,3
30,000,STATE - GOA,47,471,4719,Other retail sale in non-specialized stores,31,14,17,16,2,14,15,12,3,9,9,0,0,0,0,9,9,0
30,000,STATE - GOA,47,472,4721,Retail sale of food in specialized stores,150,109,41,22,14,8,128,95,33,30,19,11,18,16,2,12,3,9
30,000,STATE - GOA,47,472,4722,Retail sale of beverages in specialized stores,19,13,6,4,4,0,15,9,6,0,0,0,0,0,0,0,0,0
30,000,STATE - GOA,47,472,4723,Retail sale of tobacco products in specialized stores,3,3,0,0,0,0,3,3,0,0,0,0,0,0,0,0,0,0
30,000,STATE - GOA,47,473,4730,Retail sale of automotive fuel in specialized stores,8,8,0,2,2,0,6,6,0,2,0,2,2,0,2,0,0,0
30,000,STATE - GOA,47,474,4741,"Retail sale of computers, peripheral units, software and",16,16,0,6,6,0,10,10,0,0,0,0,0,0,0,0,0,0
30,000,STATE - GOA,47,475,4751,Retail sale of textiles in specialized stores,10,6,4,0,0,0,10,6,4,12,6,6,0,0,0,12,6,6
30,000,STATE - GOA,47,475,4752,"Retail sale of hardware, paints and glass in specialized stores",24,24,0,0,0,0,24,24,0,0,0,0,0,0,0,0,0,0
30,000,STATE - GOA,47,475,4753,"Retail sale of carpets, rugs, wall and floor coverings in specialized",6,0,6,6,0,6,0,0,0,6,6,0,6,6,0,0,0,0
30,000,STATE - GOA,47,475,4759,"Retail sale of electrical household appliances, furniture, lighting",23,13,10,0,0,0,23,13,10,2,0,2,0,0,0,2,0,2
30,000,STATE - GOA,47,476,4761,"Retail sale of books, newspapers and stationary in specialized stores",18,15,3,6,6,0,12,9,3,0,0,0,0,0,0,0,0,0
30,000,STATE - GOA,47,476,4764,Retail sale of games and toys in specialized stores,6,0,6,6,0,6,0,0,0,0,0,0,0,0,0,0,0,0
30,000,STATE - GOA,47,477,4771,"Retail sale of clothing, footwear and leather articles in specialized",83,74,9,20,20,0,63,54,9,28,26,2,2,2,0,26,24,2
30,000,STATE - GOA,47,477,4772,"Retail sale of pharmaceutical and medical goods, cosmetic and toilet",20,15,5,8,6,2,12,9,3,3,3,0,0,0,0,3,3,0
30,000,STATE - GOA,47,477,4773,Other retail sale of new goods in specialized stores,98,78,20,42,30,12,56,48,8,9,6,3,6,6,0,3,0,3
30,000,STATE - GOA,47,478,4781,"Retail sale via stalls and markets of food, beverages and tobacco",0,0,0,0,0,0,0,0,0,2,0,2,0,0,0,2,0,2
30,000,STATE - GOA,47,478,4782,"Retail sale via stalls and markets of textiles, clothing and footwear",6,6,0,6,6,0,0,0,0,2,2,0,0,0,0,2,2,0
30,000,STATE - GOA,47,478,4789,Retail sale via stalls and markets of other goods,76,58,18,18,6,12,58,52,6,8,2,6,2,2,0,6,0,6
30,000,STATE - GOA,47,479,4799,"Other retail sale not in stores, stalls or markets",27,27,0,0,0,0,27,27,0,6,2,4,4,2,2,2,0,2
30,000,STATE - GOA,49,491,4911,Passenger rail transport,20,20,0,18,18,0,2,2,0,0,0,0,0,0,0,0,0,0
30,000,STATE - GOA,49,491,4912,Freight rail transport,6,6,0,6,6,0,0,0,0,0,0,0,0,0,0,0,0,0
30,000,STATE - GOA,49,492,4921,Urban or suburban passenger land transport,36,34,2,12,12,0,24,22,2,0,0,0,0,0,0,0,0,0
30,000,STATE - GOA,49,492,4922,Other passenger land transport,398,388,10,134,134,0,264,254,10,39,39,0,14,14,0,25,25,0
30,000,STATE - GOA,49,492,4923,Freight transport by road,102,97,5,54,54,0,48,43,5,29,29,0,8,8,0,21,21,0
30,000,STATE - GOA,50,501,5011,Sea and coastal passenger water transport,70,66,4,0,0,0,70,66,4,18,18,0,12,12,0,6,6,0
30,000,STATE - GOA,50,501,5012,Sea and coastal freight water transport,9,9,0,0,0,0,9,9,0,0,0,0,0,0,0,0,0,0
30,000,STATE - GOA,50,502,5021,Inland passenger water transport,18,18,0,6,6,0,12,12,0,0,0,0,0,0,0,0,0,0
30,000,STATE - GOA,51,511,5110,Passenger air transport,2,2,0,2,2,0,0,0,0,0,0,0,0,0,0,0,0,0
30,000,STATE - GOA,51,512,5120,Freight air transport,6,6,0,0,0,0,6,6,0,0,0,0,0,0,0,0,0,0
30,000,STATE - GOA,52,521,5210,Warehousing and storage,32,18,14,6,6,0,26,12,14,15,13,2,2,0,2,13,13,0
30,000,STATE - GOA,52,522,5221,Service activities incidental to land transportation,15,15,0,6,6,0,9,9,0,6,6,0,6,6,0,0,0,0
30,000,STATE - GOA,52,522,5229,Other transportation support activities,5,5,0,2,2,0,3,3,0,2,2,0,0,0,0,2,2,0
30,000,STATE - GOA,53,531,5310,Postal activities,23,21,2,18,18,0,5,3,2,0,0,0,0,0,0,0,0,0
30,000,STATE - GOA,53,532,5320,Courier activities,3,3,0,0,0,0,3,3,0,6,0,6,0,0,0,6,0,6
30,000,STATE - GOA,55,551,5510,Short term accommodation activities,139,128,11,62,56,6,77,72,5,32,26,6,8,8,0,24,18,6
30,000,STATE - GOA,55,559,5590,Other accommodation,3,3,0,0,0,0,3,3,0,0,0,0,0,0,0,0,0,0
30,000,STATE - GOA,56,561,5610,Restaurants and mobile food service activities,30,30,0,12,12,0,18,18,0,6,3,3,0,0,0,6,3,3
30,000,STATE - GOA,56,562,5621,Event catering,8,8,0,2,2,0,6,6,0,11,8,3,0,0,0,11,8,3
30,000,STATE - GOA,56,563,5630,Beverage serving activities,125,109,16,66,64,2,59,45,14,11,11,0,0,0,0,11,11,0
30,000,STATE - GOA,58,581,5813,"Publishing of newspapers, journals and periodicals",14,14,0,0,0,0,14,14,0,0,0,0,0,0,0,0,0,0
30,000,STATE - GOA,58,582,5820,Software publishing,3,0,3,0,0,0,3,0,3,0,0,0,0,0,0,0,0,0
30,000,STATE - GOA,60,602,6020,Television programming and broadcasting activities,5,3,2,0,0,0,5,3,2,0,0,0,0,0,0,0,0,0
30,000,STATE - GOA,61,611,6110,Wired telecommunications activities,17,17,0,0,0,0,17,17,0,2,0,2,0,0,0,2,0,2
30,000,STATE - GOA,61,612,6120,Wireless telecommunications activities,2,2,0,0,0,0,2,2,0,0,0,0,0,0,0,0,0,0
30,000,STATE - GOA,61,619,6190,Other telecommunications activities,13,11,2,2,2,0,11,9,2,0,0,0,0,0,0,0,0,0
30,000,STATE - GOA,62,620,6201,Computer programming activities,3,0,3,0,0,0,3,0,3,0,0,0,0,0,0,0,0,0
30,000,STATE - GOA,62,620,6209,Other information technology and computer service activities,12,6,6,6,0,6,6,6,0,0,0,0,0,0,0,0,0,0
30,000,STATE - GOA,63,631,6311,"Data processing, hosting and related activities",2,2,0,0,0,0,2,2,0,0,0,0,0,0,0,0,0,0
30,000,STATE - GOA,63,639,6399,Other information service activities n.e.c.,25,17,8,12,6,6,13,11,2,0,0,0,0,0,0,0,0,0
30,000,STATE - GOA,64,641,6411,Central banking,71,57,14,12,12,0,59,45,14,3,3,0,0,0,0,3,3,0
30,000,STATE - GOA,64,641,6419,Other monetary intermediation,171,120,51,44,30,14,127,90,37,5,0,5,0,0,0,5,0,5
30,000,STATE - GOA,65,651,6511,Life insurance,72,54,18,24,24,0,48,30,18,0,0,0,0,0,0,0,0,0
30,000,STATE - GOA,65,651,6512,Non-life insurance,9,3,6,0,0,0,9,3,6,0,0,0,0,0,0,0,0,0
30,000,STATE - GOA,66,662,6622,Activities of insurance agents and brokers,3,0,3,0,0,0,3,0,3,0,0,0,0,0,0,0,0,0
30,000,STATE - GOA,66,662,6629,Other activities auxiliary to insurance and pension funding,9,9,0,6,6,0,3,3,0,6,6,0,6,6,0,0,0,0
30,000,STATE - GOA,66,663,6630,Fund management activities,6,6,0,0,0,0,6,6,0,0,0,0,0,0,0,0,0,0
30,000,STATE - GOA,69,691,6910,Legal activities,12,9,3,0,0,0,12,9,3,3,0,3,0,0,0,3,0,3
30,000,STATE - GOA,69,692,6920,"Accounting, bookkeeping and auditing activities; tax consultancy",6,3,3,0,0,0,6,3,3,3,0,3,0,0,0,3,0,3
30,000,STATE - GOA,70,702,7020,Management consultancy activities,3,3,0,0,0,0,3,3,0,0,0,0,0,0,0,0,0,0
30,000,STATE - GOA,72,721,7210,Research and experimental development on natural sciences and,8,6,2,6,6,0,2,0,2,0,0,0,0,0,0,0,0,0
30,000,STATE - GOA,72,722,7220,Research and experimental development on social sciences and,18,15,3,6,6,0,12,9,3,0,0,0,0,0,0,0,0,0
30,000,STATE - GOA,74,741,7410,Specialized design activities,16,12,4,4,0,4,12,12,0,0,0,0,0,0,0,0,0,0
30,000,STATE - GOA,74,749,7490,"Other professional, scientific and technical activities n.e.c.",6,6,0,0,0,0,6,6,0,0,0,0,0,0,0,0,0,0
30,000,STATE - GOA,77,771,7710,Renting and leasing of motor vehicles,5,5,0,2,2,0,3,3,0,0,0,0,0,0,0,0,0,0
30,000,STATE - GOA,80,801,8010,Private security activities,20,20,0,6,6,0,14,14,0,0,0,0,0,0,0,0,0,0
30,000,STATE - GOA,80,802,8020,Security systems service activities,21,21,0,6,6,0,15,15,0,0,0,0,0,0,0,0,0,0
30,000,STATE - GOA,81,812,8121,General cleaning of buildings,9,0,9,6,0,6,3,0,3,0,0,0,0,0,0,0,0,0
30,000,STATE - GOA,81,812,8129,Other building and industrial cleaning activities,2,2,0,0,0,0,2,2,0,0,0,0,0,0,0,0,0,0
30,000,STATE - GOA,81,813,8130,Landscape care and maintenance service activities,3,3,0,0,0,0,3,3,0,0,0,0,0,0,0,0,0,0
30,000,STATE - GOA,82,821,8211,Combined office administrative service activities,8,5,3,0,0,0,8,5,3,0,0,0,0,0,0,0,0,0
30,000,STATE - GOA,82,821,8219,"Photocopying, document preparation and other specialized office",15,9,6,0,0,0,15,9,6,0,0,0,0,0,0,0,0,0
30,000,STATE - GOA,82,829,8299,Other business support service activities n.e.c.,375,264,111,114,82,32,261,182,79,36,24,12,18,12,6,18,12,6
30,000,STATE - GOA,84,841,8411,General public administration activities,1166,799,367,204,164,40,962,635,327,73,35,38,20,8,12,53,27,26
30,000,STATE - GOA,84,841,8412,"Regulation of the activities of providing health care, education, cultural",2,2,0,0,0,0,2,2,0,0,0,0,0,0,0,0,0,0
30,000,STATE - GOA,84,842,8422,Defence activities,37,37,0,12,12,0,25,25,0,6,6,0,6,6,0,0,0,0
30,000,STATE - GOA,84,842,8423,Public order and safety activities,103,80,23,32,30,2,71,50,21,6,6,0,0,0,0,6,6,0
30,000,STATE - GOA,85,851,8510,Primary education,58,27,31,20,12,8,38,15,23,3,0,3,0,0,0,3,0,3
30,000,STATE - GOA,85,852,8521,General secondary education,42,28,14,12,12,0,30,16,14,0,0,0,0,0,0,0,0,0
30,000,STATE - GOA,85,852,8522,Technical and vocational secondary education,6,6,0,6,6,0,0,0,0,0,0,0,0,0,0,0,0,0
30,000,STATE - GOA,85,853,8530,Higher education,78,53,25,12,12,0,66,41,25,9,6,3,6,6,0,3,0,3
30,000,STATE - GOA,85,854,8549,Other education n.e.c.,14,14,0,8,8,0,6,6,0,6,0,6,6,0,6,0,0,0
30,000,STATE - GOA,85,855,8550,Educational support services,48,27,21,12,6,6,36,21,15,2,0,2,2,0,2,0,0,0
30,000,STATE - GOA,86,861,8610,Hospital activities,125,49,76,40,18,22,85,31,54,2,0,2,2,0,2,0,0,0
30,000,STATE - GOA,86,862,8620,Medical and dental practice activities,45,23,22,32,20,12,13,3,10,6,6,0,6,6,0,0,0,0
30,000,STATE - GOA,86,869,8690,Other human health activities,45,2,43,22,0,22,23,2,21,13,11,2,2,2,0,11,9,2
30,000,STATE - GOA,87,872,8720,"Residential care activities for mental retardation, mental health and",2,0,2,0,0,0,2,0,2,0,0,0,0,0,0,0,0,0
30,000,STATE - GOA,87,873,8730,Residential care activities for the elderly and disabled,6,0,6,0,0,0,6,0,6,0,0,0,0,0,0,0,0,0
30,000,STATE - GOA,88,889,8890,Other social work activities without accommodation n.e.c.,13,0,13,2,0,2,11,0,11,8,2,6,2,2,0,6,0,6
30,000,STATE - GOA,90,900,9000,"Dramatic arts, music and other arts activities",82,69,13,46,46,0,36,23,13,3,0,3,0,0,0,3,0,3
30,000,STATE - GOA,91,910,9103,Botanical and zoological gardens and nature reserves activities,2,0,2,0,0,0,2,0,2,6,6,0,6,6,0,0,0,0
30,000,STATE - GOA,92,920,9200,Gambling and betting activities,8,8,0,0,0,0,8,8,0,0,0,0,0,0,0,0,0,0
30,000,STATE - GOA,93,931,9319,Other sports activities,8,6,2,0,0,0,8,6,2,0,0,0,0,0,0,0,0,0
30,000,STATE - GOA,93,932,9329,Other amusement and recreation activities n.e.c.,17,14,3,0,0,0,17,14,3,0,0,0,0,0,0,0,0,0
30,000,STATE - GOA,94,949,9491,Activities of religious organizations,4,2,2,2,0,2,2,2,0,0,0,0,0,0,0,0,0,0
30,000,STATE - GOA,94,949,9492,Activities of political organizations,6,0,6,6,0,6,0,0,0,0,0,0,0,0,0,0,0,0
30,000,STATE - GOA,94,949,9499,Activities of other membership organizations n.e.c.,8,6,2,8,6,2,0,0,0,0,0,0,0,0,0,0,0,0
30,000,STATE - GOA,95,951,9511,Repair of computers and peripheral equipment,2,0,2,2,0,2,0,0,0,0,0,0,0,0,0,0,0,0
30,000,STATE - GOA,95,951,9512,Repair of communication equipment,6,6,0,0,0,0,6,6,0,0,0,0,0,0,0,0,0,0
30,000,STATE - GOA,95,952,9522,Repair of household appliances and home and garden equipment,0,0,0,0,0,0,0,0,0,3,3,0,0,0,0,3,3,0
30,000,STATE - GOA,95,952,9523,Repair of footwear and leather goods,34,28,6,2,2,0,32,26,6,11,11,0,6,6,0,5,5,0
30,000,STATE - GOA,95,952,9529,"Repair of personal and household goods, n.e.c.",15,15,0,6,6,0,9,9,0,9,9,0,0,0,0,9,9,0
30,000,STATE - GOA,96,960,9601,Washing and (dry-) cleaning of textile and fur products,6,6,0,0,0,0,6,6,0,0,0,0,0,0,0,0,0,0
30,000,STATE - GOA,96,960,9602,Hairdressing and other beauty treatment,21,3,18,6,0,6,15,3,12,9,6,3,0,0,0,9,6,3
30,000,STATE - GOA,96,960,9609,Other personal service activities n.e.c.,234,27,207,56,14,42,178,13,165,78,3,75,30,0,30,48,3,45
24,000,STATE - GUJARAT,01,011,0111,"Growing of cereals (except rice), leguminous crops and oil seeds",20,20,0,13,13,0,7,7,0,18,12,6,12,6,6,6,6,0
24,000,STATE - GUJARAT,01,011,0113,"Growing of vegetables and melons, roots and tubers",40,32,8,26,20,6,14,12,2,7,1,6,7,1,6,0,0,0
24,000,STATE - GUJARAT,01,011,0114,Growing of sugar cane,6,3,3,0,0,0,6,3,3,0,0,0,0,0,0,0,0,0
24,000,STATE - GUJARAT,01,011,0115,Growing of tobacco,12,6,6,12,6,6,0,0,0,2,0,2,2,0,2,0,0,0
24,000,STATE - GUJARAT,01,011,0116,Growing of fibre crops,9,9,0,6,6,0,3,3,0,9,3,6,6,0,6,3,3,0
24,000,STATE - GUJARAT,01,011,0119,Growing of other non-perennial crop,15,15,0,6,6,0,9,9,0,6,6,0,6,6,0,0,0,0
24,000,STATE - GUJARAT,01,012,0122,Growing of tropical and subtropical fruits,3,0,3,0,0,0,3,0,3,0,0,0,0,0,0,0,0,0
24,000,STATE - GUJARAT,01,012,0125,Growing of other tree and bush fruits and nuts,6,6,0,6,6,0,0,0,0,2,0,2,2,0,2,0,0,0
24,000,STATE - GUJARAT,01,012,0126,Growing of oleaginous fruits,6,6,0,6,6,0,0,0,0,0,0,0,0,0,0,0,0,0
24,000,STATE - GUJARAT,01,012,0128,"Growing of spices, aromatic, drug and pharmaceutical crops",6,3,3,0,0,0,6,3,3,0,0,0,0,0,0,0,0,0
24,000,STATE - GUJARAT,01,012,0129,Growing of other perennial crops,3020,2403,617,1715,1333,382,1305,1070,235,1404,578,826,1198,493,705,206,85,121
24,000,STATE - GUJARAT,01,013,0130,Plant propagation,118,96,22,69,55,14,49,41,8,21,15,6,12,6,6,9,9,0
24,000,STATE - GUJARAT,01,014,0141,Raising of cattle and buffaloes,8222,1117,7105,7800,881,6919,422,236,186,7698,394,7304,7542,337,7205,156,57,99
24,000,STATE - GUJARAT,01,014,0142,Raising of horses and other equines,12,10,2,0,0,0,12,10,2,0,0,0,0,0,0,0,0,0
24,000,STATE - GUJARAT,01,014,0144,Raising of sheep and goats,339,256,83,319,244,75,20,12,8,130,35,95,126,35,91,4,0,4
24,000,STATE - GUJARAT,01,014,0146,Raising of poultry,92,74,18,49,37,12,43,37,6,7,0,7,7,0,7,0,0,0
24,000,STATE - GUJARAT,01,014,0149,Raising of other animals,9,6,3,0,0,0,9,6,3,0,0,0,0,0,0,0,0,0
24,000,STATE - GUJARAT,01,015,0150,Mixed farming,65,49,16,50,37,13,15,12,3,45,20,25,40,20,20,5,0,5
24,000,STATE - GUJARAT,01,016,0161,Support activities for crop production,462,379,83,228,202,26,234,177,57,157,86,71,96,51,45,61,35,26
24,000,STATE - GUJARAT,01,016,0162,Support activities for animal production,88,58,30,38,20,18,50,38,12,19,3,16,14,0,14,5,3,2
24,000,STATE - GUJARAT,01,016,0163,Post-harvest crop activities,655,500,155,224,190,34,431,310,121,151,52,99,44,12,32,107,40,67
24,000,STATE - GUJARAT,01,016,0164,Seed processing for propagation,11,6,5,0,0,0,11,6,5,6,0,6,0,0,0,6,0,6
24,000,STATE - GUJARAT,01,017,0170,"Hunting, trapping and related service activities",1038,945,93,942,849,93,96,96,0,246,199,47,240,193,47,6,6,0
24,000,STATE - GUJARAT,02,021,0210,Silviculture and other forestry activities,22,20,2,6,6,0,16,14,2,0,0,0,0,0,0,0,0,0
24,000,STATE - GUJARAT,02,022,0220,Logging,771,691,80,580,514,66,191,177,14,154,62,92,136,55,81,18,7,11
24,000,STATE - GUJARAT,02,024,0240,Support services to forestry,586,558,28,254,236,18,332,322,10,23,20,3,2,2,0,21,18,3
24,000,STATE - GUJARAT,03,031,0311,Marine fishing,791,759,32,638,622,16,153,137,16,32,14,18,24,6,18,8,8,0
24,000,STATE - GUJARAT,03,031,0312,Freash water fishing,9,9,0,0,0,0,9,9,0,6,3,3,0,0,0,6,3,3
24,000,STATE - GUJARAT,03,032,0321,Marine aquaculture,20,14,6,20,14,6,0,0,0,0,0,0,0,0,0,0,0,0
24,000,STATE - GUJARAT,03,032,0322,Freshwater aquaculture,3,3,0,0,0,0,3,3,0,0,0,0,0,0,0,0,0,0
24,000,STATE - GUJARAT,05,051,0510,Mining of hard coal,56,44,12,38,32,6,18,12,6,12,0,12,12,0,12,0,0,0
24,000,STATE - GUJARAT,05,052,0520,Mining of lignite,14,11,3,8,8,0,6,3,3,6,0,6,6,0,6,0,0,0
24,000,STATE - GUJARAT,06,061,0610,Extraction of crude petroleum,870,849,21,156,150,6,714,699,15,65,62,3,12,12,0,53,50,3
24,000,STATE - GUJARAT,06,062,0620,Extraction of natural gas,119,117,2,26,26,0,93,91,2,9,9,0,0,0,0,9,9,0
24,000,STATE - GUJARAT,07,072,0729,Mining of other non-ferrous metal ores,23,21,2,18,16,2,5,5,0,0,0,0,0,0,0,0,0,0
24,000,STATE - GUJARAT,08,081,0810,"Quarrying of stone, sand and clay",1863,1646,217,1120,992,128,743,654,89,107,54,53,77,37,40,30,17,13
24,000,STATE - GUJARAT,08,089,0891,Mining of chemical and fertilizer minerals,3,3,0,0,0,0,3,3,0,0,0,0,0,0,0,0,0,0
24,000,STATE - GUJARAT,08,089,0893,Extraction of salt,419,352,67,250,198,52,169,154,15,142,93,49,78,36,42,64,57,7
24,000,STATE - GUJARAT,08,089,0899,Other mining and quarrying n.e.c.,528,472,56,346,314,32,182,158,24,25,15,10,10,0,10,15,15,0
24,000,STATE - GUJARAT,09,091,0910,Support activities for petroleum and natural gas mining,9,9,0,6,6,0,3,3,0,0,0,0,0,0,0,0,0,0
24,000,STATE - GUJARAT,09,099,0990,Support activities for other mining and quarrying,2,0,2,2,0,2,0,0,0,3,3,0,0,0,0,3,3,0
24,000,STATE - GUJARAT,10,101,1010,Processing and preserving of meat,155,146,9,144,135,9,11,11,0,81,57,24,81,57,24,0,0,0
24,000,STATE - GUJARAT,10,102,1020,"Processing and preserving of fish, crustaceans and molluscs and",935,637,298,230,156,74,705,481,224,78,35,43,0,0,0,78,35,43
24,000,STATE - GUJARAT,10,103,1030,Processing and preserving of fruit and vegetables,149,118,31,8,6,2,141,112,29,28,17,11,6,6,0,22,11,11
24,000,STATE - GUJARAT,10,104,1040,Manufacture of vegetable and animal oils and fats,651,605,46,272,248,24,379,357,22,77,31,46,42,18,24,35,13,22
24,000,STATE - GUJARAT,10,105,1050,Manufacture of dairy products,1546,1339,207,726,594,132,820,745,75,406,108,298,322,58,264,84,50,34
24,000,STATE - GUJARAT,10,106,1061,Manufacture of grain mill products,733,628,105,239,218,21,494,410,84,67,53,14,12,12,0,55,41,14
24,000,STATE - GUJARAT,10,106,1062,Manufacture of starches and starch products,309,298,11,18,18,0,291,280,11,17,14,3,6,6,0,11,8,3
24,000,STATE - GUJARAT,10,107,1071,Manufacture of bakery products,431,379,52,126,94,32,305,285,20,71,58,13,20,13,7,51,45,6
24,000,STATE - GUJARAT,10,107,1072,Manufacture of sugar,451,436,15,242,236,6,209,200,9,14,9,5,6,6,0,8,3,5
24,000,STATE - GUJARAT,10,107,1073,"Manufacture of cocoa, chocolate and sugar confectionery",335,222,113,72,46,26,263,176,87,20,14,6,12,12,0,8,2,6
24,000,STATE - GUJARAT,10,107,1075,Manufacture of prepared meals and dishes,141,112,29,38,32,6,103,80,23,39,8,31,14,2,12,25,6,19
24,000,STATE - GUJARAT,10,107,1079,Manufacture of other food products n.e.c.,1662,1174,488,836,594,242,826,580,246,201,94,107,90,46,44,111,48,63
24,000,STATE - GUJARAT,10,108,1080,Manufacture of prepared animal feeds,59,42,17,44,30,14,15,12,3,3,3,0,0,0,0,3,3,0
24,000,STATE - GUJARAT,11,110,1101,"Distilling, rectifying and blending of spirits; ethyl alcohol production",10,6,4,0,0,0,10,6,4,0,0,0,0,0,0,0,0,0
24,000,STATE - GUJARAT,11,110,1104,Manufacture of soft drinks; production of mineral waters and other,580,529,51,196,190,6,384,339,45,30,27,3,12,12,0,18,15,3
24,000,STATE - GUJARAT,12,120,1200,Manufacture of tobacco products,271,211,60,49,37,12,222,174,48,15,8,7,1,0,1,14,8,6
24,000,STATE - GUJARAT,13,131,1311,Preparation and spinning of textile fibres,9448,8584,864,2065,1870,195,7383,6714,669,738,498,240,354,226,128,384,272,112
24,000,STATE - GUJARAT,13,131,1312,Weaving of textiles,7386,6394,992,3484,2827,657,3902,3567,335,1042,306,736,772,144,628,270,162,108
24,000,STATE - GUJARAT,13,131,1313,Finishing of textiles,5777,4876,901,1148,1011,137,4629,3865,764,434,208,226,118,60,58,316,148,168
24,000,STATE - GUJARAT,13,139,1391,Manufacture of knitted and crocheted fabrics,77,56,21,42,24,18,35,32,3,24,0,24,24,0,24,0,0,0
24,000,STATE - GUJARAT,13,139,1392,"Manufacture of made-up textile articles, except apparel",104,75,29,46,46,0,58,29,29,27,11,16,12,2,10,15,9,6
24,000,STATE - GUJARAT,13,139,1393,Manufacture of carpets and rugs,203,155,48,116,96,20,87,59,28,18,12,6,12,6,6,6,6,0
24,000,STATE - GUJARAT,13,139,1394,"Manufacture of cordage, rope, twine and netting",742,590,152,375,294,81,367,296,71,112,50,62,86,44,42,26,6,20
24,000,STATE - GUJARAT,13,139,1399,Manufacture of other textiles n.e.c.,4700,3593,1107,632,356,276,4068,3237,831,720,143,577,242,30,212,478,113,365
24,000,STATE - GUJARAT,14,141,1410,"Manufacture of wearing apparel, except fur apparel",12543,8988,3555,2965,2247,718,9578,6741,2837,1742,513,1229,620,192,428,1122,321,801
24,000,STATE - GUJARAT,14,142,1420,Manufacture of articles of fur,90,83,7,18,18,0,72,65,7,14,6,8,6,6,0,8,0,8
24,000,STATE - GUJARAT,14,143,1430,Manufacture of knitted and crocheted apparel,285,238,47,62,54,8,223,184,39,2,0,2,0,0,0,2,0,2
24,000,STATE - GUJARAT,15,151,1511,Tanning and dressing of leather; dressing and dyeing of fur,473,432,41,307,286,21,166,146,20,145,103,42,132,90,42,13,13,0
24,000,STATE - GUJARAT,15,151,1512,"Manufacture of luggage, handbags and the like, saddlery and harness",216,204,12,82,76,6,134,128,6,21,7,14,18,7,11,3,0,3
24,000,STATE - GUJARAT,15,152,1520,Manufacture of footwear,1889,1792,97,620,585,35,1269,1207,62,110,80,30,29,27,2,81,53,28
24,000,STATE - GUJARAT,16,161,1610,Saw milling and planing of wood,539,498,41,194,192,2,345,306,39,48,42,6,6,0,6,42,42,0
24,000,STATE - GUJARAT,16,162,1621,"Manufacture of veneer sheets; manufacture of plywood, laminboard,",122,102,20,44,34,10,78,68,10,18,18,0,0,0,0,18,18,0
24,000,STATE - GUJARAT,16,162,1622,Manufacture of builders carpentry and joinery,1756,1712,44,653,628,25,1103,1084,19,120,108,12,42,35,7,78,73,5
24,000,STATE - GUJARAT,16,162,1623,Manufacture of wooden containers,3193,2171,1022,2842,1969,873,351,202,149,1665,462,1203,1568,439,1129,97,23,74
24,000,STATE - GUJARAT,16,162,1629,"Manufacture of other products of wood; manufacture of articles of cork,",3673,2724,949,2458,1807,651,1215,917,298,1732,596,1136,1607,541,1066,125,55,70
24,000,STATE - GUJARAT,17,170,1701,"Manufacture of pulp, paper and paperboard",258,224,34,135,115,20,123,109,14,33,30,3,24,24,0,9,6,3
24,000,STATE - GUJARAT,17,170,1702,Manufacture of corrugated paper and paperboard and containers of,439,350,89,96,80,16,343,270,73,33,27,6,14,14,0,19,13,6
24,000,STATE - GUJARAT,17,170,1709,Manufacture of other articles of paper and paperboard,916,760,156,382,336,46,534,424,110,79,57,22,30,24,6,49,33,16
24,000,STATE - GUJARAT,18,181,1811,Printing,672,640,32,68,68,0,604,572,32,30,25,5,6,6,0,24,19,5
24,000,STATE - GUJARAT,18,181,1812,Service activities related to printing,2137,2011,126,160,160,0,1977,1851,126,94,94,0,17,17,0,77,77,0
24,000,STATE - GUJARAT,19,191,1910,Manufacture of coke oven products,34,34,0,31,31,0,3,3,0,0,0,0,0,0,0,0,0,0
24,000,STATE - GUJARAT,19,192,1920,Manufacture of refined petroleum products,1634,1545,89,458,432,26,1176,1113,63,93,85,8,26,26,0,67,59,8
24,000,STATE - GUJARAT,20,201,2011,Manufacture of basic chemicals,3756,3568,188,904,873,31,2852,2695,157,176,166,10,70,70,0,106,96,10
24,000,STATE - GUJARAT,20,201,2012,Manufacture of fertilizers and nitrogen compounds,923,887,36,155,147,8,768,740,28,30,22,8,14,6,8,16,16,0
24,000,STATE - GUJARAT,20,201,2013,Manufacture of plastics and synthetic rubber in primary forms,124,111,13,22,22,0,102,89,13,14,14,0,12,12,0,2,2,0
24,000,STATE - GUJARAT,20,202,2021,Manufacture of pesticides and other agrochemical products,185,180,5,39,39,0,146,141,5,13,13,0,7,7,0,6,6,0
24,000,STATE - GUJARAT,20,202,2022,"Manufacture of paints, varnishes and similar coatings, printing ink and",713,675,38,183,173,10,530,502,28,37,35,2,20,20,0,17,15,2
24,000,STATE - GUJARAT,20,202,2023,"Manufacture of soap and detergents, cleaning and polishing preparations,",2802,1914,888,763,571,192,2039,1343,696,309,93,216,38,30,8,271,63,208
24,000,STATE - GUJARAT,20,202,2029,Manufacture of other chemical products n.e.c.,841,778,63,233,225,8,608,553,55,17,17,0,0,0,0,17,17,0
24,000,STATE - GUJARAT,20,203,2030,Manufacture of man-made fibres,35,29,6,6,6,0,29,23,6,0,0,0,0,0,0,0,0,0
24,000,STATE - GUJARAT,21,210,2100,"Manufacture of pharmaceuticals, medicinal chemical and botanical",4302,3775,527,1695,1497,198,2607,2278,329,394,291,103,159,117,42,235,174,61
24,000,STATE - GUJARAT,22,221,2211,Manufacture of rubber tyres and tubes; retreading and rebuilding of,442,420,22,122,114,8,320,306,14,27,25,2,6,4,2,21,21,0
24,000,STATE - GUJARAT,22,221,2219,Manufacture of other rubber products,402,358,44,112,102,10,290,256,34,43,29,14,26,18,8,17,11,6
24,000,STATE - GUJARAT,22,222,2220,Manufacture of plastics products,7253,5695,1558,1451,1178,273,5802,4517,1285,456,277,179,103,50,53,353,227,126
24,000,STATE - GUJARAT,23,231,2310,Manufacture of glass and glass products,1274,1148,126,468,427,41,806,721,85,91,65,26,61,49,12,30,16,14
24,000,STATE - GUJARAT,23,239,2391,Manufacture of refractory products,2111,1910,201,974,886,88,1137,1024,113,114,82,32,66,54,12,48,28,20
24,000,STATE - GUJARAT,23,239,2392,Manufacture of clay building materials,5358,3913,1445,3241,2307,934,2117,1606,511,782,328,454,596,231,365,186,97,89
24,000,STATE - GUJARAT,23,239,2393,Manufacture of other porcelain and ceramic products,3749,3093,656,1231,1064,167,2518,2029,489,207,134,73,81,50,31,126,84,42
24,000,STATE - GUJARAT,23,239,2394,"Manufacture of cement, lime and plaster",1505,1447,58,671,656,15,834,791,43,84,59,25,6,6,0,78,53,25
24,000,STATE - GUJARAT,23,239,2395,"Manufacture of articles of concrete, cement and plaster",870,801,69,442,405,37,428,396,32,70,55,15,54,42,12,16,13,3
24,000,STATE - GUJARAT,23,239,2396,"Cutting, shaping and finishing of stone",313,307,6,145,139,6,168,168,0,20,17,3,12,12,0,8,5,3
24,000,STATE - GUJARAT,23,239,2399,Manufacture of other non-metallic mineral products n.e.c.,60,54,6,26,26,0,34,28,6,0,0,0,0,0,0,0,0,0
24,000,STATE - GUJARAT,24,241,2410,Manufacture of basic iron and steel,4559,4159,400,964,918,46,3595,3241,354,264,224,40,118,104,14,146,120,26
24,000,STATE - GUJARAT,24,242,2420,Manufacture of basic precious and other non-ferrous metals,963,841,122,344,314,30,619,527,92,58,37,21,30,24,6,28,13,15
24,000,STATE - GUJARAT,24,243,2431,Casting of iron and steel,1647,1543,104,538,500,38,1109,1043,66,34,31,3,19,19,0,15,12,3
24,000,STATE - GUJARAT,24,243,2432,Casting of non-ferrous metals,133,120,13,14,14,0,119,106,13,3,3,0,0,0,0,3,3,0
24,000,STATE - GUJARAT,25,251,2511,Manufacture of structural metal products,1957,1910,47,514,502,12,1443,1408,35,72,69,3,23,23,0,49,46,3
24,000,STATE - GUJARAT,25,251,2512,"Manufacture of tanks, reservoirs and containers of metal",363,329,34,91,85,6,272,244,28,43,33,10,24,18,6,19,15,4
24,000,STATE - GUJARAT,25,251,2513,"Manufacture of steam generators, except central heating hot water",66,66,0,18,18,0,48,48,0,3,3,0,0,0,0,3,3,0
24,000,STATE - GUJARAT,25,252,2520,Manufacture of weapons and ammunition,3,0,3,0,0,0,3,0,3,0,0,0,0,0,0,0,0,0
24,000,STATE - GUJARAT,25,259,2591,"Forging, pressing, stamping and roll-forming of metal; powder",124,118,6,48,42,6,76,76,0,6,6,0,6,6,0,0,0,0
24,000,STATE - GUJARAT,25,259,2592,Machining; treatment and coating of metals,399,368,31,42,42,0,357,326,31,25,17,8,20,14,6,5,3,2
24,000,STATE - GUJARAT,25,259,2593,"Manufacture of cutlery, hand tools and general hardware",703,645,58,183,170,13,520,475,45,56,38,18,13,13,0,43,25,18
24,000,STATE - GUJARAT,25,259,2599,Manufacture of other fabricated metal products n.e.c.,4364,3818,546,725,663,62,3639,3155,484,362,241,121,64,46,18,298,195,103
24,000,STATE - GUJARAT,26,261,2610,Manufacture of electronic components,396,361,35,134,124,10,262,237,25,60,57,3,12,12,0,48,45,3
24,000,STATE - GUJARAT,26,262,2620,Manufacture of computers and peripheral equipment,110,100,10,6,6,0,104,94,10,6,6,0,0,0,0,6,6,0
24,000,STATE - GUJARAT,26,263,2630,Manufacture of communication equipment,84,75,9,24,18,6,60,57,3,2,2,0,2,2,0,0,0,0
24,000,STATE - GUJARAT,26,264,2640,Manufacture of consumer electronics,107,107,0,30,30,0,77,77,0,8,6,2,0,0,0,8,6,2
24,000,STATE - GUJARAT,26,265,2651,"Manufacture of measuring, testing, navigating and control equipment",47,47,0,8,8,0,39,39,0,8,8,0,6,6,0,2,2,0
24,000,STATE - GUJARAT,26,265,2652,Manufacture of watches and clocks,748,268,480,341,79,262,407,189,218,53,12,41,14,0,14,39,12,27
24,000,STATE - GUJARAT,26,266,2660,"Manufacture of irradiation, electromedical and electrotherapeutic",5,5,0,0,0,0,5,5,0,2,2,0,0,0,0,2,2,0
24,000,STATE - GUJARAT,26,267,2670,Manufacture of optical instruments and equipment,51,37,14,6,6,0,45,31,14,0,0,0,0,0,0,0,0,0
24,000,STATE - GUJARAT,26,268,2680,Manufacture of magnetic and optical media,5,5,0,0,0,0,5,5,0,0,0,0,0,0,0,0,0,0
24,000,STATE - GUJARAT,27,271,2710,"Manufacture of electric motors, generators, transformers and electricity",582,523,59,164,150,14,418,373,45,46,34,12,24,18,6,22,16,6
24,000,STATE - GUJARAT,27,272,2720,Manufacture of batteries and accumulators,50,47,3,22,22,0,28,25,3,0,0,0,0,0,0,0,0,0
24,000,STATE - GUJARAT,27,273,2731,Manufacture of fibre optic cables for data transmission or live,2,2,0,0,0,0,2,2,0,0,0,0,0,0,0,0,0,0
24,000,STATE - GUJARAT,27,273,2732,Manufacture of other electronic and electric wires and cables,226,198,28,95,88,7,131,110,21,21,21,0,13,13,0,8,8,0
24,000,STATE - GUJARAT,27,273,2733,Manufacture of wiring devices,91,68,23,38,18,20,53,50,3,0,0,0,0,0,0,0,0,0
24,000,STATE - GUJARAT,27,274,2740,Manufacture of electric lighting equipment,565,498,67,278,234,44,287,264,23,32,20,12,26,14,12,6,6,0
24,000,STATE - GUJARAT,27,275,2750,Manufacture of domestic appliances,474,449,25,198,192,6,276,257,19,21,12,9,18,12,6,3,0,3
24,000,STATE - GUJARAT,27,279,2790,Manufacture of other electrical equipment,551,522,29,191,176,15,360,346,14,36,27,9,9,9,0,27,18,9
24,000,STATE - GUJARAT,28,281,2811,"Manufacture of engines and turbines, except aircraft, vehicle and cycle",152,144,8,20,20,0,132,124,8,15,15,0,12,12,0,3,3,0
24,000,STATE - GUJARAT,28,281,2812,Manufacture of fluid power equipment,3,3,0,0,0,0,3,3,0,0,0,0,0,0,0,0,0,0
24,000,STATE - GUJARAT,28,281,2813,"Manufacture of other pumps, compressors, taps and valves",701,671,30,86,86,0,615,585,30,38,36,2,18,18,0,20,18,2
24,000,STATE - GUJARAT,28,281,2814,"Manufacture of bearings, gears, gearing and driving elements",1175,1147,28,373,367,6,802,780,22,46,29,17,6,0,6,40,29,11
24,000,STATE - GUJARAT,28,281,2815,"Manufacture of ovens, furnaces and furnace burners",20,20,0,0,0,0,20,20,0,0,0,0,0,0,0,0,0,0
24,000,STATE - GUJARAT,28,281,2816,Manufacture of lifting and handling equipment,139,133,6,15,15,0,124,118,6,2,2,0,0,0,0,2,2,0
24,000,STATE - GUJARAT,28,281,2817,Manufacture of office machinery and equipment,6,6,0,0,0,0,6,6,0,0,0,0,0,0,0,0,0,0
24,000,STATE - GUJARAT,28,281,2818,Manufacture of power-driven hand tools,35,35,0,0,0,0,35,35,0,0,0,0,0,0,0,0,0,0
24,000,STATE - GUJARAT,28,281,2819,Manufacture of other general-purpose machinery,727,701,26,167,167,0,560,534,26,12,10,2,1,1,0,11,9,2
24,000,STATE - GUJARAT,28,282,2821,Manufacture of agricultural and forestry machinery,42,39,3,24,24,0,18,15,3,3,3,0,0,0,0,3,3,0
24,000,STATE - GUJARAT,28,282,2822,Manufacture of metal-forming machinery and machine tools,5526,5333,193,692,662,30,4834,4671,163,188,177,11,57,57,0,131,120,11
24,000,STATE - GUJARAT,28,282,2823,Manufacture of machinery for metallurgy,348,345,3,100,100,0,248,245,3,33,28,5,14,14,0,19,14,5
24,000,STATE - GUJARAT,28,282,2824,"Manufacture of machinery for mining, quarrying and construction",56,56,0,12,12,0,44,44,0,2,2,0,0,0,0,2,2,0
24,000,STATE - GUJARAT,28,282,2825,"Manufacture of machinery for food, beverage and tobacco processing",58,58,0,3,3,0,55,55,0,0,0,0,0,0,0,0,0,0
24,000,STATE - GUJARAT,28,282,2826,"Manufacture of machinery for textile, apparel and leather production",137,123,14,17,17,0,120,106,14,14,4,10,8,0,8,6,4,2
24,000,STATE - GUJARAT,28,282,2829,Manufacture of other special-purpose machinery,268,262,6,50,50,0,218,212,6,12,12,0,6,6,0,6,6,0
24,000,STATE - GUJARAT,29,291,2910,Manufacture of motor vehicles,506,495,11,317,317,0,189,178,11,41,27,14,28,14,14,13,13,0
24,000,STATE - GUJARAT,29,292,2920,Manufacture of bodies (coachwork) for motor vehicles; manufacture of trailers and semi-trailers,148,142,6,58,58,0,90,84,6,7,7,0,7,7,0,0,0,0
24,000,STATE - GUJARAT,29,293,2930,Manufacture of parts and accessories for motor vehicles,248,227,21,160,147,13,88,80,8,4,4,0,1,1,0,3,3,0
24,000,STATE - GUJARAT,30,301,3011,Building of ships and floating structures,146,140,6,68,62,6,78,78,0,0,0,0,0,0,0,0,0,0
24,000,STATE - GUJARAT,30,302,3020,Manufacture of railway locomotives and rolling stock,196,186,10,16,14,2,180,172,8,9,9,0,0,0,0,9,9,0
24,000,STATE - GUJARAT,30,309,3091,Manufacture of motorcycles,138,126,12,57,57,0,81,69,12,3,3,0,0,0,0,3,3,0
24,000,STATE - GUJARAT,30,309,3092,Manufacture of bicycles and invalid carriages,29,29,0,6,6,0,23,23,0,0,0,0,0,0,0,0,0,0
24,000,STATE - GUJARAT,30,309,3099,Manufacture of other transport equipment n.e.c.,223,223,0,65,65,0,158,158,0,27,27,0,6,6,0,21,21,0
24,000,STATE - GUJARAT,31,310,3100,Manufacture of furniture,1396,1305,91,289,274,15,1107,1031,76,178,140,38,87,67,20,91,73,18
24,000,STATE - GUJARAT,32,321,3211,Manufacture of jewellery and related articles,21090,19693,1397,9949,9481,468,11141,10212,929,1368,1123,245,890,730,160,478,393,85
24,000,STATE - GUJARAT,32,321,3212,Manufacture of imitation jewellery and related articles,464,299,165,48,46,2,416,253,163,29,14,15,6,0,6,23,14,9
24,000,STATE - GUJARAT,32,322,3220,Manufacture of musical instruments,9,9,0,0,0,0,9,9,0,0,0,0,0,0,0,0,0,0
24,000,STATE - GUJARAT,32,323,3230,Manufacture of sports goods,59,55,4,32,30,2,27,25,2,33,11,22,30,8,22,3,3,0
24,000,STATE - GUJARAT,32,324,3240,Manufacture of games and toys,100,65,35,6,6,0,94,59,35,3,0,3,0,0,0,3,0,3
24,000,STATE - GUJARAT,32,325,3250,Manufacture of medical and dental instruments and supplies,168,138,30,18,18,0,150,120,30,16,8,8,0,0,0,16,8,8
24,000,STATE - GUJARAT,32,329,3290,Other manufacturing n.e.c.,36875,33351,3524,9544,8636,908,27331,24715,2616,2898,2324,574,1017,821,196,1881,1503,378
24,000,STATE - GUJARAT,33,331,3311,Repair of fabricated metal products,52,49,3,19,19,0,33,30,3,6,6,0,0,0,0,6,6,0
24,000,STATE - GUJARAT,33,331,3312,Repair of machinery,401,386,15,38,38,0,363,348,15,30,30,0,6,6,0,24,24,0
24,000,STATE - GUJARAT,33,331,3313,Repair of electronic and optical equipment,28,25,3,6,6,0,22,19,3,0,0,0,0,0,0,0,0,0
24,000,STATE - GUJARAT,33,331,3314,Repair of electrical equipment,575,557,18,196,190,6,379,367,12,40,40,0,4,4,0,36,36,0
24,000,STATE - GUJARAT,33,331,3315,"Repair of transport equipment, except motor vehicles",360,353,7,49,49,0,311,304,7,3,3,0,0,0,0,3,3,0
24,000,STATE - GUJARAT,33,331,3319,Repair of other equipment,27,27,0,0,0,0,27,27,0,0,0,0,0,0,0,0,0,0
24,000,STATE - GUJARAT,33,332,3320,Installation of industrial machinery and equipment,48,48,0,7,7,0,41,41,0,0,0,0,0,0,0,0,0,0
24,000,STATE - GUJARAT,35,351,3510,"Electric power generation, transmission and distribution",6706,6413,293,2052,1976,76,4654,4437,217,247,224,23,67,55,12,180,169,11
24,000,STATE - GUJARAT,35,352,3520,Manufacture of gas; distribution of gaseous fuels through mains,271,262,9,36,36,0,235,226,9,7,5,2,0,0,0,7,5,2
24,000,STATE - GUJARAT,35,353,3530,Steam and air conditioning supply,0,0,0,0,0,0,0,0,0,3,3,0,0,0,0,3,3,0
24,000,STATE - GUJARAT,36,360,3600,"Water collection, treatment and supply",2353,2265,88,766,748,18,1587,1517,70,75,73,2,18,18,0,57,55,2
24,000,STATE - GUJARAT,37,370,3700,Sewerage,1863,1692,171,261,197,64,1602,1495,107,168,157,11,31,25,6,137,132,5
24,000,STATE - GUJARAT,38,381,3811,Collection of non-hazardous waste,47132,30650,16482,6044,4229,1815,41088,26421,14667,4635,2277,2358,1292,592,700,3343,1685,1658
24,000,STATE - GUJARAT,38,381,3812,Collection of hazardous waste,729,502,227,71,55,16,658,447,211,49,17,32,12,0,12,37,17,20
24,000,STATE - GUJARAT,38,382,3821,Treatment and disposal of non-hazardous waste,140,96,44,46,36,10,94,60,34,12,9,3,0,0,0,12,9,3
24,000,STATE - GUJARAT,38,382,3822,Treatment and disposal of hazardous waste,541,497,44,378,346,32,163,151,12,65,52,13,50,43,7,15,9,6
24,000,STATE - GUJARAT,38,383,3830,Materials recovery,317,191,126,15,15,0,302,176,126,59,8,51,6,6,0,53,2,51
24,000,STATE - GUJARAT,39,390,3900,Remediation activities and other waste management services,6,3,3,0,0,0,6,3,3,2,0,2,0,0,0,2,0,2
24,000,STATE - GUJARAT,41,410,4100,Construction of buildings,94667,86387,8280,33722,31697,2025,60945,54690,6255,10801,7991,2810,4253,2984,1269,6548,5007,1541
24,000,STATE - GUJARAT,42,421,4210,Construction roads and railways,3433,2999,434,1050,906,144,2383,2093,290,343,238,105,164,114,50,179,124,55
24,000,STATE - GUJARAT,42,422,4220,Construction of utility projects,1159,1098,61,472,446,26,687,652,35,77,48,29,34,10,24,43,38,5
24,000,STATE - GUJARAT,42,429,4290,Construction of other civil engineering projects,233,199,34,100,74,26,133,125,8,29,17,12,20,8,12,9,9,0
24,000,STATE - GUJARAT,43,431,4311,Demolition,103,103,0,42,42,0,61,61,0,0,0,0,0,0,0,0,0,0
24,000,STATE - GUJARAT,43,431,4312,Site preparation,28663,24918,3745,6843,5682,1161,21820,19236,2584,5548,4064,1484,2562,1769,793,2986,2295,691
24,000,STATE - GUJARAT,43,432,4321,Electrical installation,3060,3007,53,815,799,16,2245,2208,37,264,264,0,111,111,0,153,153,0
24,000,STATE - GUJARAT,43,432,4322,"Plumbing, heat and air-conditioning installation",5455,5364,91,632,626,6,4823,4738,85,334,328,6,104,104,0,230,224,6
24,000,STATE - GUJARAT,43,432,4329,Other construction installation,1030,884,146,375,329,46,655,555,100,300,251,49,132,104,28,168,147,21
24,000,STATE - GUJARAT,43,433,4330,Building completion and finishing,6613,6479,134,1495,1484,11,5118,4995,123,722,673,49,182,176,6,540,497,43
24,000,STATE - GUJARAT,45,451,4510,Sale of motor vehicles,982,922,60,183,163,20,799,759,40,46,40,6,0,0,0,46,40,6
24,000,STATE - GUJARAT,45,452,4520,Maintenance and repair of motor vehicles,3388,3315,73,991,969,22,2397,2346,51,284,278,6,117,117,0,167,161,6
24,000,STATE - GUJARAT,45,453,4530,Sale of motor vehicle parts and accessories,438,417,21,56,50,6,382,367,15,14,14,0,0,0,0,14,14,0
24,000,STATE - GUJARAT,45,454,4540,"Sale, maintenance and repair of motorcycles and related parts and",931,907,24,281,281,0,650,626,24,81,76,5,19,19,0,62,57,5
24,000,STATE - GUJARAT,46,461,4610,Wholesale on a fee or contract basis,267,259,8,63,63,0,204,196,8,11,11,0,0,0,0,11,11,0
24,000,STATE - GUJARAT,46,462,4620,Wholesale of agricultural raw materials and live animals,949,898,51,272,270,2,677,628,49,70,64,6,16,16,0,54,48,6
24,000,STATE - GUJARAT,46,463,4630,"Wholesale of food, beverages and tobacco",1984,1558,426,133,131,2,1851,1427,424,231,111,120,18,16,2,213,95,118
24,000,STATE - GUJARAT,46,464,4641,"Wholesale of textiles, clothing and footwear",1310,1227,83,30,28,2,1280,1199,81,48,34,14,2,0,2,46,34,12
24,000,STATE - GUJARAT,46,464,4649,Wholesale of other household goods,280,266,14,18,18,0,262,248,14,27,24,3,12,12,0,15,12,3
24,000,STATE - GUJARAT,46,465,4651,"Wholesale of computers, computer peripheral equipment and software",9,9,0,0,0,0,9,9,0,0,0,0,0,0,0,0,0,0
24,000,STATE - GUJARAT,46,465,4652,Wholesale of electronic and telecommunications equipment and parts,50,50,0,6,6,0,44,44,0,2,2,0,0,0,0,2,2,0
24,000,STATE - GUJARAT,46,465,4653,"Wholesale of agricultural machinery, equipment and supplies",17,14,3,0,0,0,17,14,3,0,0,0,0,0,0,0,0,0
24,000,STATE - GUJARAT,46,465,4659,Wholesale of other machinery and equipment,448,431,17,50,46,4,398,385,13,19,16,3,6,6,0,13,10,3
24,000,STATE - GUJARAT,46,466,4661,"Wholesale of solid, liquid and gaseous fuels and related products",86,83,3,62,62,0,24,21,3,0,0,0,0,0,0,0,0,0
24,000,STATE - GUJARAT,46,466,4662,Wholesale of metals and metal ores,30,30,0,1,1,0,29,29,0,6,6,0,0,0,0,6,6,0
24,000,STATE - GUJARAT,46,466,4663,"Wholesale of construction materials, hardware, plumbing and heating",86,84,2,8,8,0,78,76,2,2,2,0,0,0,0,2,2,0
24,000,STATE - GUJARAT,46,466,4669,Wholesale of waste and scrap and other products n.e.c.,1219,1093,126,123,103,20,1096,990,106,84,54,30,3,2,1,81,52,29
24,000,STATE - GUJARAT,46,469,4690,Non-specialized wholesale trade,1735,1626,109,226,224,2,1509,1402,107,159,126,33,20,20,0,139,106,33
24,000,STATE - GUJARAT,47,471,4711,"Retail sale in non-specialized stores with food, beverages or tobacco",218,199,19,39,39,0,179,160,19,20,18,2,4,2,2,16,16,0
24,000,STATE - GUJARAT,47,471,4719,Other retail sale in non-specialized stores,3544,3203,341,611,595,16,2933,2608,325,278,218,60,75,58,17,203,160,43
24,000,STATE - GUJARAT,47,472,4721,Retail sale of food in specialized stores,8923,7958,965,2588,2450,138,6335,5508,827,815,537,278,241,136,105,574,401,173
24,000,STATE - GUJARAT,47,472,4722,Retail sale of beverages in specialized stores,181,175,6,20,20,0,161,155,6,11,6,5,6,6,0,5,0,5
24,000,STATE - GUJARAT,47,472,4723,Retail sale of tobacco products in specialized stores,281,265,16,97,89,8,184,176,8,24,24,0,3,3,0,21,21,0
24,000,STATE - GUJARAT,47,473,4730,Retail sale of automotive fuel in specialized stores,1335,1308,27,352,349,3,983,959,24,79,76,3,25,25,0,54,51,3
24,000,STATE - GUJARAT,47,474,4741,"Retail sale of computers, peripheral units, software and",1096,1048,48,190,190,0,906,858,48,73,73,0,25,25,0,48,48,0
24,000,STATE - GUJARAT,47,474,4742,Retail sale of audio and video equipment in specialized stores,41,41,0,6,6,0,35,35,0,0,0,0,0,0,0,0,0,0
24,000,STATE - GUJARAT,47,475,4751,Retail sale of textiles in specialized stores,2141,2022,119,202,196,6,1939,1826,113,143,131,12,47,46,1,96,85,11
24,000,STATE - GUJARAT,47,475,4752,"Retail sale of hardware, paints and glass in specialized stores",901,859,42,141,141,0,760,718,42,29,21,8,2,2,0,27,19,8
24,000,STATE - GUJARAT,47,475,4753,"Retail sale of carpets, rugs, wall and floor coverings in specialized",12,12,0,0,0,0,12,12,0,4,2,2,0,0,0,4,2,2
24,000,STATE - GUJARAT,47,475,4759,"Retail sale of electrical household appliances, furniture, lighting",2941,2738,203,563,531,32,2378,2207,171,144,127,17,27,25,2,117,102,15
24,000,STATE - GUJARAT,47,476,4761,"Retail sale of books, newspapers and stationary in specialized stores",663,625,38,116,114,2,547,511,36,54,47,7,27,20,7,27,27,0
24,000,STATE - GUJARAT,47,476,4762,Retail sale of music and video recordings in specialized stores,9,9,0,0,0,0,9,9,0,0,0,0,0,0,0,0,0,0
24,000,STATE - GUJARAT,47,476,4763,Retail sale of sporting equipment in specialized stores,66,63,3,21,21,0,45,42,3,10,10,0,4,4,0,6,6,0
24,000,STATE - GUJARAT,47,476,4764,Retail sale of games and toys in specialized stores,89,80,9,18,12,6,71,68,3,3,0,3,0,0,0,3,0,3
24,000,STATE - GUJARAT,47,477,4771,"Retail sale of clothing, footwear and leather articles in specialized",3674,3403,271,485,459,26,3189,2944,245,193,161,32,39,29,10,154,132,22
24,000,STATE - GUJARAT,47,477,4772,"Retail sale of pharmaceutical and medical goods, cosmetic and toilet",1931,1823,108,381,357,24,1550,1466,84,134,112,22,31,24,7,103,88,15
24,000,STATE - GUJARAT,47,477,4773,Other retail sale of new goods in specialized stores,2134,1984,150,263,237,26,1871,1747,124,128,99,29,38,28,10,90,71,19
24,000,STATE - GUJARAT,47,477,4774,Retail sale of second-hand goods,147,112,35,6,6,0,141,106,35,33,30,3,6,6,0,27,24,3
24,000,STATE - GUJARAT,47,478,4781,"Retail sale via stalls and markets of food, beverages and tobacco",4017,3742,275,766,709,57,3251,3033,218,269,225,44,85,57,28,184,168,16
24,000,STATE - GUJARAT,47,478,4782,"Retail sale via stalls and markets of textiles, clothing and footwear",516,477,39,57,51,6,459,426,33,67,60,7,8,6,2,59,54,5
24,000,STATE - GUJARAT,47,478,4789,Retail sale via stalls and markets of other goods,1683,1534,149,257,238,19,1426,1296,130,148,120,28,17,11,6,131,109,22
24,000,STATE - GUJARAT,47,479,4791,Retail sale via mail order houses or via Internet,26,26,0,0,0,0,26,26,0,0,0,0,0,0,0,0,0,0
24,000,STATE - GUJARAT,47,479,4799,"Other retail sale not in stores, stalls or markets",4020,3696,324,586,539,47,3434,3157,277,401,297,104,63,45,18,338,252,86
24,000,STATE - GUJARAT,49,491,4911,Passenger rail transport,5394,4971,423,621,603,18,4773,4368,405,143,124,19,15,15,0,128,109,19
24,000,STATE - GUJARAT,49,491,4912,Freight rail transport,111,103,8,25,19,6,86,84,2,5,5,0,2,2,0,3,3,0
24,000,STATE - GUJARAT,49,492,4921,Urban or suburban passenger land transport,4507,4380,127,1927,1883,44,2580,2497,83,150,138,12,39,36,3,111,102,9
24,000,STATE - GUJARAT,49,492,4922,Other passenger land transport,19862,19594,268,6870,6805,65,12992,12789,203,947,939,8,309,309,0,638,630,8
24,000,STATE - GUJARAT,49,492,4923,Freight transport by road,16297,15807,490,5138,5076,62,11159,10731,428,1292,1162,130,343,299,44,949,863,86
24,000,STATE - GUJARAT,50,501,5011,Sea and coastal passenger water transport,143,136,7,80,78,2,63,58,5,6,6,0,0,0,0,6,6,0
24,000,STATE - GUJARAT,50,501,5012,Sea and coastal freight water transport,39,29,10,6,6,0,33,23,10,6,6,0,6,6,0,0,0,0
24,000,STATE - GUJARAT,50,502,5021,Inland passenger water transport,16,16,0,7,7,0,9,9,0,0,0,0,0,0,0,0,0,0
24,000,STATE - GUJARAT,51,511,5110,Passenger air transport,368,363,5,57,55,2,311,308,3,18,15,3,0,0,0,18,15,3
24,000,STATE - GUJARAT,51,512,5120,Freight air transport,44,44,0,12,12,0,32,32,0,0,0,0,0,0,0,0,0,0
24,000,STATE - GUJARAT,52,521,5210,Warehousing and storage,1042,957,85,305,295,10,737,662,75,88,68,20,26,22,4,62,46,16
24,000,STATE - GUJARAT,52,522,5221,Service activities incidental to land transportation,712,678,34,208,201,7,504,477,27,46,29,17,6,0,6,40,29,11
24,000,STATE - GUJARAT,52,522,5222,Service activities incidental to water transportation,18,18,0,0,0,0,18,18,0,0,0,0,0,0,0,0,0,0
24,000,STATE - GUJARAT,52,522,5223,Service activities incidental to air transportation,121,121,0,25,25,0,96,96,0,0,0,0,0,0,0,0,0,0
24,000,STATE - GUJARAT,52,522,5224,Cargo handling,1063,977,86,222,214,8,841,763,78,8,8,0,6,6,0,2,2,0
24,000,STATE - GUJARAT,52,522,5229,Other transportation support activities,200,193,7,18,18,0,182,175,7,0,0,0,0,0,0,0,0,0
24,000,STATE - GUJARAT,53,531,5310,Postal activities,2998,2802,196,1360,1313,47,1638,1489,149,83,75,8,48,40,8,35,35,0
24,000,STATE - GUJARAT,53,532,5320,Courier activities,1746,1672,74,157,154,3,1589,1518,71,82,82,0,1,1,0,81,81,0
24,000,STATE - GUJARAT,55,551,5510,Short term accommodation activities,2758,2568,190,877,835,42,1881,1733,148,247,209,38,80,72,8,167,137,30
24,000,STATE - GUJARAT,55,559,5590,Other accommodation,637,468,169,253,213,40,384,255,129,71,52,19,34,26,8,37,26,11
24,000,STATE - GUJARAT,56,561,5610,Restaurants and mobile food service activities,339,301,38,68,60,8,271,241,30,33,31,2,2,2,0,31,29,2
24,000,STATE - GUJARAT,56,562,5621,Event catering,665,407,258,34,32,2,631,375,256,184,75,109,42,20,22,142,55,87
24,000,STATE - GUJARAT,56,562,5629,Other food service activities,474,366,108,104,81,23,370,285,85,57,25,32,13,0,13,44,25,19
24,000,STATE - GUJARAT,56,563,5630,Beverage serving activities,180,176,4,21,21,0,159,155,4,9,9,0,1,1,0,8,8,0
24,000,STATE - GUJARAT,58,581,5811,Book publishing,38,35,3,0,0,0,38,35,3,0,0,0,0,0,0,0,0,0
24,000,STATE - GUJARAT,58,581,5813,"Publishing of newspapers, journals and periodicals",231,213,18,18,18,0,213,195,18,6,6,0,0,0,0,6,6,0
24,000,STATE - GUJARAT,58,581,5819,Other publishing activities,2,0,2,0,0,0,2,0,2,3,3,0,0,0,0,3,3,0
24,000,STATE - GUJARAT,58,582,5820,Software publishing,24,24,0,6,6,0,18,18,0,3,0,3,0,0,0,3,0,3
24,000,STATE - GUJARAT,59,591,5911,"Motion picture, video and television programme production activities",78,72,6,12,12,0,66,60,6,15,13,2,3,1,2,12,12,0
24,000,STATE - GUJARAT,59,591,5912,"Motion picture, video and television programme post-production",8,8,0,0,0,0,8,8,0,0,0,0,0,0,0,0,0,0
24,000,STATE - GUJARAT,59,591,5913,"Motion picture, video and television programme distribution activities",1,1,0,1,1,0,0,0,0,0,0,0,0,0,0,0,0,0
24,000,STATE - GUJARAT,59,591,5914,Motion picture projection activities,74,71,3,0,0,0,74,71,3,12,12,0,6,6,0,6,6,0
24,000,STATE - GUJARAT,59,592,5920,Sound recording and music publishing activitiesT,80,80,0,18,18,0,62,62,0,13,10,3,7,7,0,6,3,3
24,000,STATE - GUJARAT,60,601,6010,Radio broadcasting,67,59,8,6,6,0,61,53,8,6,6,0,0,0,0,6,6,0
24,000,STATE - GUJARAT,60,602,6020,Television programming and broadcasting activities,174,171,3,8,8,0,166,163,3,0,0,0,0,0,0,0,0,0
24,000,STATE - GUJARAT,61,611,6110,Wired telecommunications activities,3182,2920,262,496,477,19,2686,2443,243,91,80,11,21,21,0,70,59,11
24,000,STATE - GUJARAT,61,612,6120,Wireless telecommunications activities,1007,909,98,172,156,16,835,753,82,64,49,15,18,18,0,46,31,15
24,000,STATE - GUJARAT,61,613,6130,Satellite telecommunications activities,24,24,0,6,6,0,18,18,0,0,0,0,0,0,0,0,0,0
24,000,STATE - GUJARAT,61,619,6190,Other telecommunications activities,93,86,7,18,18,0,75,68,7,0,0,0,0,0,0,0,0,0
24,000,STATE - GUJARAT,62,620,6201,Computer programming activities,237,211,26,18,18,0,219,193,26,6,6,0,0,0,0,6,6,0
24,000,STATE - GUJARAT,62,620,6202,Computer consultancy and computer facilities management activities,158,139,19,44,44,0,114,95,19,5,5,0,0,0,0,5,5,0
24,000,STATE - GUJARAT,62,620,6209,Other information technology and computer service activities,584,511,73,55,55,0,529,456,73,43,43,0,0,0,0,43,43,0
24,000,STATE - GUJARAT,63,631,6311,"Data processing, hosting and related activities",500,449,51,67,67,0,433,382,51,36,36,0,6,6,0,30,30,0
24,000,STATE - GUJARAT,63,631,6312,Web portals,6,6,0,0,0,0,6,6,0,0,0,0,0,0,0,0,0,0
24,000,STATE - GUJARAT,63,639,6391,News agency activities,16,16,0,7,7,0,9,9,0,0,0,0,0,0,0,0,0,0
24,000,STATE - GUJARAT,63,639,6399,Other information service activities n.e.c.,275,256,19,34,34,0,241,222,19,6,6,0,0,0,0,6,6,0
24,000,STATE - GUJARAT,64,641,6411,Central banking,4615,4253,362,603,587,16,4012,3666,346,115,105,10,15,13,2,100,92,8
24,000,STATE - GUJARAT,64,641,6419,Other monetary intermediation,4282,3932,350,604,570,34,3678,3362,316,122,111,11,14,14,0,108,97,11
24,000,STATE - GUJARAT,64,643,6430,"Trusts, funds and other financial vehicles",31,26,5,10,8,2,21,18,3,6,6,0,0,0,0,6,6,0
24,000,STATE - GUJARAT,64,649,6491,Financial leasing,163,136,27,22,22,0,141,114,27,12,12,0,6,6,0,6,6,0
24,000,STATE - GUJARAT,64,649,6492,Other credit granting,113,99,14,6,6,0,107,93,14,0,0,0,0,0,0,0,0,0
24,000,STATE - GUJARAT,64,649,6499,"Other financial service activities, except insurance and pension funding",296,287,9,29,29,0,267,258,9,25,21,4,0,0,0,25,21,4
24,000,STATE - GUJARAT,65,651,6511,Life insurance,2326,2130,196,405,383,22,1921,1747,174,106,96,10,42,42,0,64,54,10
24,000,STATE - GUJARAT,65,651,6512,Non-life insurance,258,232,26,43,43,0,215,189,26,3,3,0,0,0,0,3,3,0
24,000,STATE - GUJARAT,65,653,6530,Pension funding,5,3,2,0,0,0,5,3,2,2,0,2,0,0,0,2,0,2
24,000,STATE - GUJARAT,66,661,6611,Administration of financial markets,18,12,6,0,0,0,18,12,6,0,0,0,0,0,0,0,0,0
24,000,STATE - GUJARAT,66,661,6612,Security and commodity contracts brokerage,873,827,46,48,48,0,825,779,46,36,36,0,0,0,0,36,36,0
24,000,STATE - GUJARAT,66,661,6619,Activities auxiliary to financial service activities n.e.c.,298,263,35,20,18,2,278,245,33,17,17,0,6,6,0,11,11,0
24,000,STATE - GUJARAT,66,662,6621,Risk and damage evaluation,5,3,2,0,0,0,5,3,2,0,0,0,0,0,0,0,0,0
24,000,STATE - GUJARAT,66,662,6622,Activities of insurance agents and brokers,983,888,95,309,303,6,674,585,89,40,31,9,16,16,0,24,15,9
24,000,STATE - GUJARAT,66,662,6629,Other activities auxiliary to insurance and pension funding,35,32,3,0,0,0,35,32,3,3,3,0,0,0,0,3,3,0
24,000,STATE - GUJARAT,66,663,6630,Fund management activities,35,32,3,6,6,0,29,26,3,2,2,0,0,0,0,2,2,0
24,000,STATE - GUJARAT,68,681,6810,Real estate activities with own or leased property,240,240,0,31,31,0,209,209,0,12,12,0,6,6,0,6,6,0
24,000,STATE - GUJARAT,68,682,6820,Real estate activities on a fee or contract basis,270,268,2,73,73,0,197,195,2,23,21,2,6,6,0,17,15,2
24,000,STATE - GUJARAT,69,691,6910,Legal activities,1965,1773,192,618,602,16,1347,1171,176,84,68,16,8,6,2,76,62,14
24,000,STATE - GUJARAT,69,692,6920,"Accounting, bookkeeping and auditing activities; tax consultancy",402,373,29,13,13,0,389,360,29,18,18,0,0,0,0,18,18,0
24,000,STATE - GUJARAT,70,702,7020,Management consultancy activities,93,81,12,6,6,0,87,75,12,3,0,3,0,0,0,3,0,3
24,000,STATE - GUJARAT,71,711,7110,Architectural and engineering activities and related technical,173,160,13,50,50,0,123,110,13,6,6,0,0,0,0,6,6,0
24,000,STATE - GUJARAT,71,712,7120,Technical testing and analysis,85,71,14,20,14,6,65,57,8,3,3,0,0,0,0,3,3,0
24,000,STATE - GUJARAT,72,721,7210,Research and experimental development on natural sciences and,325,297,28,15,13,2,310,284,26,8,8,0,0,0,0,8,8,0
24,000,STATE - GUJARAT,72,722,7220,Research and experimental development on social sciences and,11,8,3,0,0,0,11,8,3,0,0,0,0,0,0,0,0,0
24,000,STATE - GUJARAT,73,731,7310,Advertising,124,121,3,6,6,0,118,115,3,0,0,0,0,0,0,0,0,0
24,000,STATE - GUJARAT,74,741,7410,Specialized design activities,211,173,38,17,17,0,194,156,38,9,6,3,0,0,0,9,6,3
24,000,STATE - GUJARAT,74,742,7420,Photographic activities,1689,1659,30,358,358,0,1331,1301,30,129,120,9,10,10,0,119,110,9
24,000,STATE - GUJARAT,74,749,7490,"Other professional, scientific and technical activities n.e.c.",293,293,0,68,68,0,225,225,0,12,9,3,0,0,0,12,9,3
24,000,STATE - GUJARAT,75,750,7500,Veterinary activities,280,274,6,178,176,2,102,98,4,7,7,0,7,7,0,0,0,0
24,000,STATE - GUJARAT,77,771,7710,Renting and leasing of motor vehicles,21,21,0,0,0,0,21,21,0,0,0,0,0,0,0,0,0,0
24,000,STATE - GUJARAT,77,772,7721,Renting and leasing of recreational and sports goods,3,3,0,0,0,0,3,3,0,0,0,0,0,0,0,0,0,0
24,000,STATE - GUJARAT,77,772,7729,Renting and leasing of other personal and household goods n.e.c.,740,722,18,67,65,2,673,657,16,68,65,3,27,27,0,41,38,3
24,000,STATE - GUJARAT,77,773,7730,"Renting and leasing of other machinery, equipment and tangible goods",6,6,0,0,0,0,6,6,0,0,0,0,0,0,0,0,0,0
24,000,STATE - GUJARAT,78,781,7810,Activities of employment placement agencies,80,77,3,6,6,0,74,71,3,0,0,0,0,0,0,0,0,0
24,000,STATE - GUJARAT,78,782,7820,Temporary employment agency activities,6,6,0,0,0,0,6,6,0,0,0,0,0,0,0,0,0,0
24,000,STATE - GUJARAT,78,783,7830,Human resources provision and management of human resources,6,6,0,0,0,0,6,6,0,0,0,0,0,0,0,0,0,0
24,000,STATE - GUJARAT,79,791,7911,Travel agency activities,548,521,27,45,45,0,503,476,27,17,17,0,0,0,0,17,17,0
24,000,STATE - GUJARAT,79,791,7912,Tour operator activities,128,120,8,12,12,0,116,108,8,3,3,0,0,0,0,3,3,0
24,000,STATE - GUJARAT,79,799,7990,Other reservation service and related activities,8,8,0,0,0,0,8,8,0,2,2,0,0,0,0,2,2,0
24,000,STATE - GUJARAT,80,801,8010,Private security activities,922,914,8,79,79,0,843,835,8,53,44,9,4,2,2,49,42,7
24,000,STATE - GUJARAT,80,802,8020,Security systems service activities,18,18,0,0,0,0,18,18,0,0,0,0,0,0,0,0,0,0
24,000,STATE - GUJARAT,80,803,8030,Investigation activities,12,12,0,0,0,0,12,12,0,0,0,0,0,0,0,0,0,0
24,000,STATE - GUJARAT,81,811,8110,Combined facilities support activities,2,0,2,2,0,2,0,0,0,0,0,0,0,0,0,0,0,0
24,000,STATE - GUJARAT,81,812,8121,General cleaning of buildings,1676,1154,522,97,78,19,1579,1076,503,176,70,106,16,0,16,160,70,90
24,000,STATE - GUJARAT,81,812,8129,Other building and industrial cleaning activities,118,79,39,19,13,6,99,66,33,6,6,0,0,0,0,6,6,0
24,000,STATE - GUJARAT,81,813,8130,Landscape care and maintenance service activities,665,578,87,132,113,19,533,465,68,62,53,9,20,14,6,42,39,3
24,000,STATE - GUJARAT,82,821,8211,Combined office administrative service activities,37,37,0,0,0,0,37,37,0,0,0,0,0,0,0,0,0,0
24,000,STATE - GUJARAT,82,821,8219,"Photocopying, document preparation and other specialized office",393,360,33,62,60,2,331,300,31,42,36,6,18,12,6,24,24,0
24,000,STATE - GUJARAT,82,822,8220,Activities of call centres,405,301,104,18,12,6,387,289,98,32,21,11,2,2,0,30,19,11
24,000,STATE - GUJARAT,82,829,8291,Activities of collection agencies and credit bureaus,3,3,0,0,0,0,3,3,0,0,0,0,0,0,0,0,0,0
24,000,STATE - GUJARAT,82,829,8292,Packaging activities,246,187,59,69,49,20,177,138,39,25,9,16,2,2,0,23,7,16
24,000,STATE - GUJARAT,82,829,8299,Other business support service activities n.e.c.,695,660,35,56,56,0,639,604,35,69,56,13,2,0,2,67,56,11
24,000,STATE - GUJARAT,84,841,8411,General public administration activities,25760,22719,3041,5190,4692,498,20570,18027,2543,1013,824,189,206,141,65,807,683,124
24,000,STATE - GUJARAT,84,841,8412,"Regulation of the activities of providing health care, education, cultural",9,6,3,6,6,0,3,0,3,0,0,0,0,0,0,0,0,0
24,000,STATE - GUJARAT,84,842,8422,Defence activities,406,386,20,153,153,0,253,233,20,9,3,6,6,0,6,3,3,0
24,000,STATE - GUJARAT,84,842,8423,Public order and safety activities,10862,10220,642,2419,2323,96,8443,7897,546,269,248,21,79,79,0,190,169,21
24,000,STATE - GUJARAT,84,843,8430,Compulsory social security activities,17,17,0,8,8,0,9,9,0,0,0,0,0,0,0,0,0,0
24,000,STATE - GUJARAT,85,851,8510,Primary education,25095,14229,10866,10216,6918,3298,14879,7311,7568,921,373,548,380,202,178,541,171,370
24,000,STATE - GUJARAT,85,852,8521,General secondary education,5071,4065,1006,1938,1699,239,3133,2366,767,173,152,21,66,65,1,107,87,20
24,000,STATE - GUJARAT,85,852,8522,Technical and vocational secondary education,712,631,81,204,194,10,508,437,71,26,20,6,6,6,0,20,14,6
24,000,STATE - GUJARAT,85,853,8530,Higher education,4311,3544,767,866,765,101,3445,2779,666,259,182,77,68,44,24,191,138,53
24,000,STATE - GUJARAT,85,854,8541,Sports and recreation education,87,87,0,6,6,0,81,81,0,3,3,0,0,0,0,3,3,0
24,000,STATE - GUJARAT,85,854,8542,Cultural education,48,38,10,0,0,0,48,38,10,12,6,6,0,0,0,12,6,6
24,000,STATE - GUJARAT,85,854,8549,Other education n.e.c.,1383,1052,331,305,260,45,1078,792,286,240,140,100,76,57,19,164,83,81
24,000,STATE - GUJARAT,85,855,8550,Educational support services,170,123,47,65,41,24,105,82,23,9,3,6,6,0,6,3,3,0
24,000,STATE - GUJARAT,86,861,8610,Hospital activities,17799,11247,6552,3470,2273,1197,14329,8974,5355,1045,535,510,238,97,141,807,438,369
24,000,STATE - GUJARAT,86,862,8620,Medical and dental practice activities,1325,1016,309,267,221,46,1058,795,263,70,59,11,2,2,0,68,57,11
24,000,STATE - GUJARAT,86,869,8690,Other human health activities,15473,5134,10339,8846,2248,6598,6627,2886,3741,922,161,761,531,33,498,391,128,263
24,000,STATE - GUJARAT,87,871,8710,Nursing care facilities,7,5,2,0,0,0,7,5,2,0,0,0,0,0,0,0,0,0
24,000,STATE - GUJARAT,87,872,8720,"Residential care activities for mental retardation, mental health and",15,11,4,12,8,4,3,3,0,0,0,0,0,0,0,0,0,0
24,000,STATE - GUJARAT,87,873,8730,Residential care activities for the elderly and disabled,24,14,10,2,2,0,22,12,10,0,0,0,0,0,0,0,0,0
24,000,STATE - GUJARAT,87,879,8790,Other residential care activities n.e.c.,36,32,4,16,12,4,20,20,0,0,0,0,0,0,0,0,0,0
24,000,STATE - GUJARAT,88,881,8810,Social work activities without accommodation for the elderly and,38,33,5,18,18,0,20,15,5,3,3,0,0,0,0,3,3,0
24,000,STATE - GUJARAT,88,889,8890,Other social work activities without accommodation n.e.c.,950,652,298,402,299,103,548,353,195,117,54,63,49,31,18,68,23,45
24,000,STATE - GUJARAT,90,900,9000,"Dramatic arts, music and other arts activities",2836,2735,101,1222,1192,30,1614,1543,71,626,599,27,350,330,20,276,269,7
24,000,STATE - GUJARAT,91,910,9101,Library and archives activities,157,137,20,32,32,0,125,105,20,3,3,0,0,0,0,3,3,0
24,000,STATE - GUJARAT,91,910,9102,Museums activities and operation of historical sites and buildings,20,18,2,6,6,0,14,12,2,0,0,0,0,0,0,0,0,0
24,000,STATE - GUJARAT,91,910,9103,Botanical and zoological gardens and nature reserves activities,34,30,4,12,12,0,22,18,4,3,3,0,0,0,0,3,3,0
24,000,STATE - GUJARAT,92,920,9200,Gambling and betting activities,6,6,0,0,0,0,6,6,0,0,0,0,0,0,0,0,0,0
24,000,STATE - GUJARAT,93,931,9312,Activities of sports clubs,83,80,3,12,12,0,71,68,3,0,0,0,0,0,0,0,0,0
24,000,STATE - GUJARAT,93,931,9319,Other sports activities,23,23,0,0,0,0,23,23,0,9,9,0,0,0,0,9,9,0
24,000,STATE - GUJARAT,93,932,9321,Activities of amusement parks and theme parks,9,9,0,0,0,0,9,9,0,6,6,0,0,0,0,6,6,0
24,000,STATE - GUJARAT,93,932,9329,Other amusement and recreation activities n.e.c.,352,335,17,109,103,6,243,232,11,69,69,0,33,33,0,36,36,0
24,000,STATE - GUJARAT,94,941,9411,Activities of business and employers membership organizations,39,39,0,0,0,0,39,39,0,3,3,0,0,0,0,3,3,0
24,000,STATE - GUJARAT,94,941,9412,Activities of professional membership organizations,40,36,4,8,8,0,32,28,4,3,0,3,0,0,0,3,0,3
24,000,STATE - GUJARAT,94,942,9420,Activities of trade unions,23,23,0,0,0,0,23,23,0,0,0,0,0,0,0,0,0,0
24,000,STATE - GUJARAT,94,949,9491,Activities of religious organizations,1893,1766,127,918,863,55,975,903,72,161,126,35,70,58,12,91,68,23
24,000,STATE - GUJARAT,94,949,9492,Activities of political organizations,164,152,12,73,73,0,91,79,12,14,14,0,12,12,0,2,2,0
24,000,STATE - GUJARAT,94,949,9499,Activities of other membership organizations n.e.c.,5489,3784,1705,347,255,92,5142,3529,1613,596,414,182,58,40,18,538,374,164
24,000,STATE - GUJARAT,95,951,9511,Repair of computers and peripheral equipment,261,253,8,30,28,2,231,225,6,25,22,3,0,0,0,25,22,3
24,000,STATE - GUJARAT,95,951,9512,Repair of communication equipment,326,314,12,104,104,0,222,210,12,16,16,0,1,1,0,15,15,0
24,000,STATE - GUJARAT,95,952,9521,Repair of consumer electronics,247,232,15,75,75,0,172,157,15,30,28,2,12,10,2,18,18,0
24,000,STATE - GUJARAT,95,952,9522,Repair of household appliances and home and garden equipment,412,409,3,117,116,1,295,293,2,51,42,9,12,6,6,39,36,3
24,000,STATE - GUJARAT,95,952,9523,Repair of footwear and leather goods,2708,2679,29,869,859,10,1839,1820,19,296,276,20,131,122,9,165,154,11
24,000,STATE - GUJARAT,95,952,9524,Repair of furniture and home furnishings,34,31,3,6,6,0,28,25,3,14,14,0,0,0,0,14,14,0
24,000,STATE - GUJARAT,95,952,9529,"Repair of personal and household goods, n.e.c.",1473,1382,91,506,478,28,967,904,63,134,61,73,38,24,14,96,37,59
24,000,STATE - GUJARAT,96,960,9601,Washing and (dry-) cleaning of textile and fur products,924,816,108,87,81,6,837,735,102,38,23,15,12,0,12,26,23,3
24,000,STATE - GUJARAT,96,960,9602,Hairdressing and other beauty treatment,821,404,417,161,91,70,660,313,347,180,24,156,41,7,34,139,17,122
24,000,STATE - GUJARAT,96,960,9603,Funeral and related activities,46,37,9,8,8,0,38,29,9,14,14,0,0,0,0,14,14,0
24,000,STATE - GUJARAT,96,960,9609,Other personal service activities n.e.c.,9526,3098,6428,868,459,409,8658,2639,6019,1914,368,1546,306,101,205,1608,267,1341
24,000,STATE - GUJARAT,97,970,9700,Activities of households as employers of domestic personnel,1494,873,621,248,187,61,1246,686,560,180,41,139,69,1,68,111,40,71
24,000,STATE - GUJARAT,99,990,9900,Activities of extraterritorial organizations and bodies,3,3,0,0,0,0,3,3,0,0,0,0,0,0,0,0,0,0
02,000,STATE - HIMACHAL PRADESH,01,011,0111,"Growing of cereals (except rice), leguminous crops and oil seeds",130,76,54,124,74,50,6,2,4,210,81,129,210,81,129,0,0,0
02,000,STATE - HIMACHAL PRADESH,01,011,0113,"Growing of vegetables and melons, roots and tubers",17,17,0,11,11,0,6,6,0,12,4,8,12,4,8,0,0,0
02,000,STATE - HIMACHAL PRADESH,01,011,0119,Growing of other non-perennial crop,5,2,3,3,0,3,2,2,0,0,0,0,0,0,0,0,0,0
02,000,STATE - HIMACHAL PRADESH,01,012,0124,Growing of pome fruits and stone fruits,44,42,2,44,42,2,0,0,0,6,6,0,6,6,0,0,0,0
02,000,STATE - HIMACHAL PRADESH,01,012,0125,Growing of other tree and bush fruits and nuts,6,6,0,6,6,0,0,0,0,2,2,0,2,2,0,0,0,0
02,000,STATE - HIMACHAL PRADESH,01,012,0127,Growing of beverage crops,18,12,6,18,12,6,0,0,0,6,6,0,6,6,0,0,0,0
02,000,STATE - HIMACHAL PRADESH,01,012,0129,Growing of other perennial crops,6,4,2,2,2,0,4,2,2,0,0,0,0,0,0,0,0,0
02,000,STATE - HIMACHAL PRADESH,01,013,0130,Plant propagation,101,84,17,101,84,17,0,0,0,6,5,1,6,5,1,0,0,0
02,000,STATE - HIMACHAL PRADESH,01,014,0141,Raising of cattle and buffaloes,3904,2529,1375,3892,2525,1367,12,4,8,1500,494,1006,1500,494,1006,0,0,0
02,000,STATE - HIMACHAL PRADESH,01,014,0142,Raising of horses and other equines,8,8,0,6,6,0,2,2,0,5,5,0,5,5,0,0,0,0
02,000,STATE - HIMACHAL PRADESH,01,014,0144,Raising of sheep and goats,821,764,57,817,760,57,4,4,0,157,131,26,157,131,26,0,0,0
02,000,STATE - HIMACHAL PRADESH,01,014,0146,Raising of poultry,2,2,0,2,2,0,0,0,0,2,2,0,2,2,0,0,0,0
02,000,STATE - HIMACHAL PRADESH,01,014,0149,Raising of other animals,114,79,35,112,77,35,2,2,0,80,14,66,80,14,66,0,0,0
02,000,STATE - HIMACHAL PRADESH,01,015,0150,Mixed farming,15,13,2,13,13,0,2,0,2,12,4,8,12,4,8,0,0,0
02,000,STATE - HIMACHAL PRADESH,01,016,0161,Support activities for crop production,150,134,16,144,128,16,6,6,0,45,18,27,45,18,27,0,0,0
02,000,STATE - HIMACHAL PRADESH,01,016,0162,Support activities for animal production,38,32,6,38,32,6,0,0,0,3,3,0,3,3,0,0,0,0
02,000,STATE - HIMACHAL PRADESH,01,016,0163,Post-harvest crop activities,149,107,42,135,99,36,14,8,6,121,60,61,121,60,61,0,0,0
02,000,STATE - HIMACHAL PRADESH,01,016,0164,Seed processing for propagation,0,0,0,0,0,0,0,0,0,2,2,0,2,2,0,0,0,0
02,000,STATE - HIMACHAL PRADESH,01,017,0170,"Hunting, trapping and related service activities",2,2,0,2,2,0,0,0,0,0,0,0,0,0,0,0,0,0
02,000,STATE - HIMACHAL PRADESH,02,021,0210,Silviculture and other forestry activities,84,72,12,80,70,10,4,2,2,8,4,4,8,4,4,0,0,0
02,000,STATE - HIMACHAL PRADESH,02,022,0220,Logging,5,5,0,5,5,0,0,0,0,12,11,1,12,11,1,0,0,0
02,000,STATE - HIMACHAL PRADESH,02,023,0230,Gathering of non-wood forest products,11,9,2,11,9,2,0,0,0,6,6,0,4,4,0,2,2,0
02,000,STATE - HIMACHAL PRADESH,02,024,0240,Support services to forestry,707,655,52,657,613,44,50,42,8,72,69,3,72,69,3,0,0,0
02,000,STATE - HIMACHAL PRADESH,03,031,0311,Marine fishing,28,16,12,22,12,10,6,4,2,4,2,2,2,0,2,2,2,0
02,000,STATE - HIMACHAL PRADESH,03,031,0312,Freash water fishing,2,2,0,0,0,0,2,2,0,2,2,0,2,2,0,0,0,0
02,000,STATE - HIMACHAL PRADESH,03,032,0321,Marine aquaculture,0,0,0,0,0,0,0,0,0,2,0,2,0,0,0,2,0,2
02,000,STATE - HIMACHAL PRADESH,03,032,0322,Freshwater aquaculture,4,4,0,4,4,0,0,0,0,0,0,0,0,0,0,0,0,0
02,000,STATE - HIMACHAL PRADESH,07,072,0729,Mining of other non-ferrous metal ores,2,2,0,2,2,0,0,0,0,0,0,0,0,0,0,0,0,0
02,000,STATE - HIMACHAL PRADESH,08,081,0810,"Quarrying of stone, sand and clay",116,116,0,112,112,0,4,4,0,24,24,0,12,12,0,12,12,0
02,000,STATE - HIMACHAL PRADESH,08,089,0899,Other mining and quarrying n.e.c.,24,24,0,24,24,0,0,0,0,18,16,2,10,8,2,8,8,0
02,000,STATE - HIMACHAL PRADESH,09,091,0910,Support activities for petroleum and natural gas mining,2,2,0,2,2,0,0,0,0,0,0,0,0,0,0,0,0,0
02,000,STATE - HIMACHAL PRADESH,10,101,1010,Processing and preserving of meat,18,10,8,18,10,8,0,0,0,8,2,6,8,2,6,0,0,0
02,000,STATE - HIMACHAL PRADESH,10,102,1020,"Processing and preserving of fish, crustaceans and molluscs and",2,2,0,2,2,0,0,0,0,0,0,0,0,0,0,0,0,0
02,000,STATE - HIMACHAL PRADESH,10,103,1030,Processing and preserving of fruit and vegetables,24,22,2,24,22,2,0,0,0,10,8,2,6,4,2,4,4,0
02,000,STATE - HIMACHAL PRADESH,10,104,1040,Manufacture of vegetable and animal oils and fats,16,16,0,16,16,0,0,0,0,0,0,0,0,0,0,0,0,0
02,000,STATE - HIMACHAL PRADESH,10,105,1050,Manufacture of dairy products,936,522,414,934,520,414,2,2,0,736,216,520,734,214,520,2,2,0
02,000,STATE - HIMACHAL PRADESH,10,106,1061,Manufacture of grain mill products,156,126,30,154,124,30,2,2,0,154,90,64,154,90,64,0,0,0
02,000,STATE - HIMACHAL PRADESH,10,107,1071,Manufacture of bakery products,21,21,0,19,19,0,2,2,0,4,4,0,4,4,0,0,0,0
02,000,STATE - HIMACHAL PRADESH,10,107,1073,"Manufacture of cocoa, chocolate and sugar confectionery",60,58,2,60,58,2,0,0,0,4,4,0,2,2,0,2,2,0
02,000,STATE - HIMACHAL PRADESH,10,107,1075,Manufacture of prepared meals and dishes,110,102,8,102,94,8,8,8,0,12,10,2,12,10,2,0,0,0
02,000,STATE - HIMACHAL PRADESH,10,107,1079,Manufacture of other food products n.e.c.,67,61,6,55,49,6,12,12,0,16,10,6,16,10,6,0,0,0
02,000,STATE - HIMACHAL PRADESH,10,108,1080,Manufacture of prepared animal feeds,1,1,0,1,1,0,0,0,0,5,1,4,5,1,4,0,0,0
02,000,STATE - HIMACHAL PRADESH,11,110,1101,"Distilling, rectifying and blending of spirits; ethyl alcohol production",4,4,0,4,4,0,0,0,0,0,0,0,0,0,0,0,0,0
02,000,STATE - HIMACHAL PRADESH,11,110,1102,Manufacture of wines,4,4,0,4,4,0,0,0,0,0,0,0,0,0,0,0,0,0
02,000,STATE - HIMACHAL PRADESH,11,110,1103,Manufacture of malt liquors and malt,6,6,0,6,6,0,0,0,0,2,2,0,2,2,0,0,0,0
02,000,STATE - HIMACHAL PRADESH,11,110,1104,Manufacture of soft drinks; production of mineral waters and other,8,6,2,8,6,2,0,0,0,0,0,0,0,0,0,0,0,0
02,000,STATE - HIMACHAL PRADESH,12,120,1200,Manufacture of tobacco products,35,35,0,34,34,0,1,1,0,2,2,0,2,2,0,0,0,0
02,000,STATE - HIMACHAL PRADESH,13,131,1311,Preparation and spinning of textile fibres,66,52,14,62,50,12,4,2,2,256,166,90,250,160,90,6,6,0
02,000,STATE - HIMACHAL PRADESH,13,131,1312,Weaving of textiles,190,98,92,172,94,78,18,4,14,99,16,83,85,16,69,14,0,14
02,000,STATE - HIMACHAL PRADESH,13,131,1313,Finishing of textiles,35,17,18,29,15,14,6,2,4,8,2,6,8,2,6,0,0,0
02,000,STATE - HIMACHAL PRADESH,13,139,1391,Manufacture of knitted and crocheted fabrics,35,19,16,33,17,16,2,2,0,9,1,8,9,1,8,0,0,0
02,000,STATE - HIMACHAL PRADESH,13,139,1392,"Manufacture of made-up textile articles, except apparel",16,8,8,16,8,8,0,0,0,0,0,0,0,0,0,0,0,0
02,000,STATE - HIMACHAL PRADESH,13,139,1393,Manufacture of carpets and rugs,6,0,6,6,0,6,0,0,0,8,2,6,6,2,4,2,0,2
02,000,STATE - HIMACHAL PRADESH,13,139,1394,"Manufacture of cordage, rope, twine and netting",64,58,6,50,48,2,14,10,4,4,2,2,4,2,2,0,0,0
02,000,STATE - HIMACHAL PRADESH,13,139,1399,Manufacture of other textiles n.e.c.,41,28,13,25,14,11,16,14,2,0,0,0,0,0,0,0,0,0
02,000,STATE - HIMACHAL PRADESH,14,141,1410,"Manufacture of wearing apparel, except fur apparel",437,318,119,404,302,102,33,16,17,178,40,138,170,38,132,8,2,6
02,000,STATE - HIMACHAL PRADESH,14,143,1430,Manufacture of knitted and crocheted apparel,12,10,2,12,10,2,0,0,0,2,0,2,2,0,2,0,0,0
02,000,STATE - HIMACHAL PRADESH,15,151,1512,"Manufacture of luggage, handbags and the like, saddlery and harness",2,2,0,2,2,0,0,0,0,0,0,0,0,0,0,0,0,0
02,000,STATE - HIMACHAL PRADESH,15,152,1520,Manufacture of footwear,23,18,5,21,18,3,2,0,2,16,12,4,14,10,4,2,2,0
02,000,STATE - HIMACHAL PRADESH,16,161,1610,Saw milling and planing of wood,62,60,2,62,60,2,0,0,0,36,36,0,34,34,0,2,2,0
02,000,STATE - HIMACHAL PRADESH,16,162,1621,"Manufacture of veneer sheets; manufacture of plywood, laminboard,",72,72,0,64,64,0,8,8,0,34,34,0,34,34,0,0,0,0
02,000,STATE - HIMACHAL PRADESH,16,162,1622,Manufacture of builders carpentry and joinery,131,127,4,125,121,4,6,6,0,26,26,0,26,26,0,0,0,0
02,000,STATE - HIMACHAL PRADESH,16,162,1623,Manufacture of wooden containers,12,12,0,12,12,0,0,0,0,0,0,0,0,0,0,0,0,0
02,000,STATE - HIMACHAL PRADESH,16,162,1629,"Manufacture of other products of wood; manufacture of articles of cork,",56,50,6,54,48,6,2,2,0,10,10,0,10,10,0,0,0,0
02,000,STATE - HIMACHAL PRADESH,17,170,1701,"Manufacture of pulp, paper and paperboard",10,10,0,10,10,0,0,0,0,2,2,0,2,2,0,0,0,0
02,000,STATE - HIMACHAL PRADESH,17,170,1702,Manufacture of corrugated paper and paperboard and containers of,12,12,0,12,12,0,0,0,0,0,0,0,0,0,0,0,0,0
02,000,STATE - HIMACHAL PRADESH,17,170,1709,Manufacture of other articles of paper and paperboard,18,18,0,17,17,0,1,1,0,4,4,0,4,4,0,0,0,0
02,000,STATE - HIMACHAL PRADESH,18,181,1811,Printing,12,10,2,10,10,0,2,0,2,0,0,0,0,0,0,0,0,0
02,000,STATE - HIMACHAL PRADESH,18,181,1812,Service activities related to printing,14,10,4,6,4,2,8,6,2,0,0,0,0,0,0,0,0,0
02,000,STATE - HIMACHAL PRADESH,19,192,1920,Manufacture of refined petroleum products,12,12,0,12,12,0,0,0,0,0,0,0,0,0,0,0,0,0
02,000,STATE - HIMACHAL PRADESH,20,201,2011,Manufacture of basic chemicals,10,10,0,10,10,0,0,0,0,0,0,0,0,0,0,0,0,0
02,000,STATE - HIMACHAL PRADESH,20,201,2012,Manufacture of fertilizers and nitrogen compounds,4,4,0,4,4,0,0,0,0,0,0,0,0,0,0,0,0,0
02,000,STATE - HIMACHAL PRADESH,20,202,2021,Manufacture of pesticides and other agrochemical products,6,6,0,4,4,0,2,2,0,0,0,0,0,0,0,0,0,0
02,000,STATE - HIMACHAL PRADESH,20,202,2022,"Manufacture of paints, varnishes and similar coatings, printing ink and",10,8,2,8,6,2,2,2,0,1,1,0,1,1,0,0,0,0
02,000,STATE - HIMACHAL PRADESH,20,202,2023,"Manufacture of soap and detergents, cleaning and polishing preparations,",26,22,4,26,22,4,0,0,0,4,4,0,4,4,0,0,0,0
02,000,STATE - HIMACHAL PRADESH,20,202,2029,Manufacture of other chemical products n.e.c.,10,10,0,10,10,0,0,0,0,0,0,0,0,0,0,0,0,0
02,000,STATE - HIMACHAL PRADESH,20,203,2030,Manufacture of man-made fibres,2,2,0,2,2,0,0,0,0,0,0,0,0,0,0,0,0,0
02,000,STATE - HIMACHAL PRADESH,21,210,2100,"Manufacture of pharmaceuticals, medicinal chemical and botanical",180,166,14,170,156,14,10,10,0,12,10,2,8,8,0,4,2,2
02,000,STATE - HIMACHAL PRADESH,22,221,2211,Manufacture of rubber tyres and tubes; retreading and rebuilding of,14,14,0,12,12,0,2,2,0,2,2,0,2,2,0,0,0,0
02,000,STATE - HIMACHAL PRADESH,22,221,2219,Manufacture of other rubber products,2,2,0,2,2,0,0,0,0,0,0,0,0,0,0,0,0,0
02,000,STATE - HIMACHAL PRADESH,22,222,2220,Manufacture of plastics products,10,10,0,10,10,0,0,0,0,2,2,0,2,2,0,0,0,0
02,000,STATE - HIMACHAL PRADESH,23,231,2310,Manufacture of glass and glass products,18,18,0,16,16,0,2,2,0,0,0,0,0,0,0,0,0,0
02,000,STATE - HIMACHAL PRADESH,23,239,2392,Manufacture of clay building materials,10,8,2,10,8,2,0,0,0,14,8,6,14,8,6,0,0,0
02,000,STATE - HIMACHAL PRADESH,23,239,2393,Manufacture of other porcelain and ceramic products,6,6,0,6,6,0,0,0,0,0,0,0,0,0,0,0,0,0
02,000,STATE - HIMACHAL PRADESH,23,239,2394,"Manufacture of cement, lime and plaster",52,52,0,50,50,0,2,2,0,6,6,0,6,6,0,0,0,0
02,000,STATE - HIMACHAL PRADESH,23,239,2395,"Manufacture of articles of concrete, cement and plaster",6,6,0,6,6,0,0,0,0,0,0,0,0,0,0,0,0,0
02,000,STATE - HIMACHAL PRADESH,23,239,2396,"Cutting, shaping and finishing of stone",4,4,0,4,4,0,0,0,0,2,2,0,2,2,0,0,0,0
02,000,STATE - HIMACHAL PRADESH,23,239,2399,Manufacture of other non-metallic mineral products n.e.c.,4,4,0,4,4,0,0,0,0,0,0,0,0,0,0,0,0,0
02,000,STATE - HIMACHAL PRADESH,24,241,2410,Manufacture of basic iron and steel,81,79,2,71,69,2,10,10,0,6,6,0,6,6,0,0,0,0
02,000,STATE - HIMACHAL PRADESH,24,243,2431,Casting of iron and steel,14,14,0,12,12,0,2,2,0,0,0,0,0,0,0,0,0,0
02,000,STATE - HIMACHAL PRADESH,25,251,2511,Manufacture of structural metal products,36,36,0,34,34,0,2,2,0,10,10,0,10,10,0,0,0,0
02,000,STATE - HIMACHAL PRADESH,25,251,2512,"Manufacture of tanks, reservoirs and containers of metal",4,4,0,4,4,0,0,0,0,2,2,0,2,2,0,0,0,0
02,000,STATE - HIMACHAL PRADESH,25,259,2593,"Manufacture of cutlery, hand tools and general hardware",38,38,0,34,34,0,4,4,0,13,13,0,13,13,0,0,0,0
02,000,STATE - HIMACHAL PRADESH,25,259,2599,Manufacture of other fabricated metal products n.e.c.,19,17,2,17,15,2,2,2,0,0,0,0,0,0,0,0,0,0
02,000,STATE - HIMACHAL PRADESH,26,261,2610,Manufacture of electronic components,6,6,0,6,6,0,0,0,0,0,0,0,0,0,0,0,0,0
02,000,STATE - HIMACHAL PRADESH,26,263,2630,Manufacture of communication equipment,6,6,0,6,6,0,0,0,0,0,0,0,0,0,0,0,0,0
02,000,STATE - HIMACHAL PRADESH,26,264,2640,Manufacture of consumer electronics,4,4,0,4,4,0,0,0,0,0,0,0,0,0,0,0,0,0
02,000,STATE - HIMACHAL PRADESH,26,265,2651,"Manufacture of measuring, testing, navigating and control equipment",4,4,0,4,4,0,0,0,0,0,0,0,0,0,0,0,0,0
02,000,STATE - HIMACHAL PRADESH,26,265,2652,Manufacture of watches and clocks,0,0,0,0,0,0,0,0,0,2,2,0,2,2,0,0,0,0
02,000,STATE - HIMACHAL PRADESH,26,268,2680,Manufacture of magnetic and optical media,2,2,0,2,2,0,0,0,0,0,0,0,0,0,0,0,0,0
02,000,STATE - HIMACHAL PRADESH,27,271,2710,"Manufacture of electric motors, generators, transformers and electricity",35,35,0,31,31,0,4,4,0,0,0,0,0,0,0,0,0,0
02,000,STATE - HIMACHAL PRADESH,27,272,2720,Manufacture of batteries and accumulators,20,20,0,18,18,0,2,2,0,0,0,0,0,0,0,0,0,0
02,000,STATE - HIMACHAL PRADESH,27,273,2732,Manufacture of other electronic and electric wires and cables,2,2,0,2,2,0,0,0,0,0,0,0,0,0,0,0,0,0
02,000,STATE - HIMACHAL PRADESH,27,274,2740,Manufacture of electric lighting equipment,10,10,0,10,10,0,0,0,0,0,0,0,0,0,0,0,0,0
02,000,STATE - HIMACHAL PRADESH,27,275,2750,Manufacture of domestic appliances,17,17,0,17,17,0,0,0,0,0,0,0,0,0,0,0,0,0
02,000,STATE - HIMACHAL PRADESH,27,279,2790,Manufacture of other electrical equipment,4,4,0,4,4,0,0,0,0,0,0,0,0,0,0,0,0,0
02,000,STATE - HIMACHAL PRADESH,28,281,2814,"Manufacture of bearings, gears, gearing and driving elements",2,2,0,2,2,0,0,0,0,0,0,0,0,0,0,0,0,0
02,000,STATE - HIMACHAL PRADESH,28,281,2819,Manufacture of other general-purpose machinery,4,4,0,4,4,0,0,0,0,0,0,0,0,0,0,0,0,0
02,000,STATE - HIMACHAL PRADESH,28,282,2821,Manufacture of agricultural and forestry machinery,2,2,0,2,2,0,0,0,0,0,0,0,0,0,0,0,0,0
02,000,STATE - HIMACHAL PRADESH,28,282,2822,Manufacture of metal-forming machinery and machine tools,2,2,0,0,0,0,2,2,0,0,0,0,0,0,0,0,0,0
02,000,STATE - HIMACHAL PRADESH,28,282,2824,"Manufacture of machinery for mining, quarrying and construction",10,10,0,10,10,0,0,0,0,0,0,0,0,0,0,0,0,0
02,000,STATE - HIMACHAL PRADESH,28,282,2825,"Manufacture of machinery for food, beverage and tobacco processing",8,8,0,6,6,0,2,2,0,0,0,0,0,0,0,0,0,0
02,000,STATE - HIMACHAL PRADESH,28,282,2826,"Manufacture of machinery for textile, apparel and leather production",2,0,2,2,0,2,0,0,0,0,0,0,0,0,0,0,0,0
02,000,STATE - HIMACHAL PRADESH,28,282,2829,Manufacture of other special-purpose machinery,2,2,0,0,0,0,2,2,0,2,2,0,2,2,0,0,0,0
02,000,STATE - HIMACHAL PRADESH,29,291,2910,Manufacture of motor vehicles,2,2,0,2,2,0,0,0,0,0,0,0,0,0,0,0,0,0
02,000,STATE - HIMACHAL PRADESH,29,292,2920,Manufacture of bodies (coachwork) for motor vehicles; manufacture of trailers and semi-trailers,2,2,0,2,2,0,0,0,0,0,0,0,0,0,0,0,0,0
02,000,STATE - HIMACHAL PRADESH,30,302,3020,Manufacture of railway locomotives and rolling stock,12,10,2,12,10,2,0,0,0,0,0,0,0,0,0,0,0,0
02,000,STATE - HIMACHAL PRADESH,30,309,3091,Manufacture of motorcycles,12,12,0,12,12,0,0,0,0,0,0,0,0,0,0,0,0,0
02,000,STATE - HIMACHAL PRADESH,30,309,3099,Manufacture of other transport equipment n.e.c.,48,48,0,42,42,0,6,6,0,22,22,0,22,22,0,0,0,0
02,000,STATE - HIMACHAL PRADESH,31,310,3100,Manufacture of furniture,121,119,2,119,117,2,2,2,0,29,27,2,29,27,2,0,0,0
02,000,STATE - HIMACHAL PRADESH,32,321,3211,Manufacture of jewellery and related articles,35,33,2,25,25,0,10,8,2,6,6,0,6,6,0,0,0,0
02,000,STATE - HIMACHAL PRADESH,32,322,3220,Manufacture of musical instruments,2,2,0,0,0,0,2,2,0,0,0,0,0,0,0,0,0,0
02,000,STATE - HIMACHAL PRADESH,32,323,3230,Manufacture of sports goods,2,2,0,2,2,0,0,0,0,0,0,0,0,0,0,0,0,0
02,000,STATE - HIMACHAL PRADESH,32,324,3240,Manufacture of games and toys,2,0,2,2,0,2,0,0,0,0,0,0,0,0,0,0,0,0
02,000,STATE - HIMACHAL PRADESH,32,329,3290,Other manufacturing n.e.c.,862,834,28,744,724,20,118,110,8,84,72,12,84,72,12,0,0,0
02,000,STATE - HIMACHAL PRADESH,33,331,3311,Repair of fabricated metal products,16,16,0,16,16,0,0,0,0,6,6,0,6,6,0,0,0,0
02,000,STATE - HIMACHAL PRADESH,33,331,3313,Repair of electronic and optical equipment,0,0,0,0,0,0,0,0,0,2,2,0,2,2,0,0,0,0
02,000,STATE - HIMACHAL PRADESH,33,331,3314,Repair of electrical equipment,64,64,0,58,58,0,6,6,0,16,16,0,14,14,0,2,2,0
02,000,STATE - HIMACHAL PRADESH,33,331,3315,"Repair of transport equipment, except motor vehicles",10,10,0,10,10,0,0,0,0,2,2,0,2,2,0,0,0,0
02,000,STATE - HIMACHAL PRADESH,33,331,3319,Repair of other equipment,8,8,0,8,8,0,0,0,0,2,2,0,2,2,0,0,0,0
02,000,STATE - HIMACHAL PRADESH,35,351,3510,"Electric power generation, transmission and distribution",1799,1666,133,1699,1578,121,100,88,12,48,45,3,46,43,3,2,2,0
02,000,STATE - HIMACHAL PRADESH,35,352,3520,Manufacture of gas; distribution of gaseous fuels through mains,18,16,2,18,16,2,0,0,0,4,4,0,4,4,0,0,0,0
02,000,STATE - HIMACHAL PRADESH,36,360,3600,"Water collection, treatment and supply",1443,1315,128,1395,1273,122,48,42,6,44,38,6,44,38,6,0,0,0
02,000,STATE - HIMACHAL PRADESH,37,370,3700,Sewerage,1,1,0,1,1,0,0,0,0,1,0,1,1,0,1,0,0,0
02,000,STATE - HIMACHAL PRADESH,38,381,3812,Collection of hazardous waste,4,4,0,4,4,0,0,0,0,2,2,0,2,2,0,0,0,0
02,000,STATE - HIMACHAL PRADESH,38,382,3822,Treatment and disposal of hazardous waste,5,2,3,5,2,3,0,0,0,0,0,0,0,0,0,0,0,0
02,000,STATE - HIMACHAL PRADESH,41,410,4100,Construction of buildings,3579,3373,206,3271,3096,175,308,277,31,1822,1663,159,1769,1614,155,53,49,4
02,000,STATE - HIMACHAL PRADESH,42,421,4210,Construction roads and railways,3549,3009,540,3452,2924,528,97,85,12,3359,2142,1217,3343,2126,1217,16,16,0
02,000,STATE - HIMACHAL PRADESH,42,422,4220,Construction of utility projects,203,188,15,198,183,15,5,5,0,42,35,7,42,35,7,0,0,0
02,000,STATE - HIMACHAL PRADESH,42,429,4290,Construction of other civil engineering projects,55,55,0,54,54,0,1,1,0,14,11,3,14,11,3,0,0,0
02,000,STATE - HIMACHAL PRADESH,43,431,4312,Site preparation,45,45,0,43,43,0,2,2,0,12,12,0,12,12,0,0,0,0
02,000,STATE - HIMACHAL PRADESH,43,432,4321,Electrical installation,32,32,0,30,30,0,2,2,0,14,14,0,10,10,0,4,4,0
02,000,STATE - HIMACHAL PRADESH,43,432,4322,"Plumbing, heat and air-conditioning installation",32,32,0,32,32,0,0,0,0,11,11,0,11,11,0,0,0,0
02,000,STATE - HIMACHAL PRADESH,43,432,4329,Other construction installation,149,141,8,141,133,8,8,8,0,118,112,6,116,110,6,2,2,0
02,000,STATE - HIMACHAL PRADESH,43,433,4330,Building completion and finishing,138,138,0,122,122,0,16,16,0,44,42,2,44,42,2,0,0,0
02,000,STATE - HIMACHAL PRADESH,43,439,4390,Other specialized construction activities,178,171,7,170,163,7,8,8,0,70,63,7,62,57,5,8,6,2
02,000,STATE - HIMACHAL PRADESH,45,451,4510,Sale of motor vehicles,14,12,2,12,10,2,2,2,0,0,0,0,0,0,0,0,0,0
02,000,STATE - HIMACHAL PRADESH,45,452,4520,Maintenance and repair of motor vehicles,85,83,2,71,69,2,14,14,0,9,9,0,9,9,0,0,0,0
02,000,STATE - HIMACHAL PRADESH,45,453,4530,Sale of motor vehicle parts and accessories,13,11,2,13,11,2,0,0,0,0,0,0,0,0,0,0,0,0
02,000,STATE - HIMACHAL PRADESH,45,454,4540,"Sale, maintenance and repair of motorcycles and related parts and",50,50,0,48,48,0,2,2,0,1,1,0,1,1,0,0,0,0
02,000,STATE - HIMACHAL PRADESH,46,461,4610,Wholesale on a fee or contract basis,21,17,4,13,11,2,8,6,2,0,0,0,0,0,0,0,0,0
02,000,STATE - HIMACHAL PRADESH,46,462,4620,Wholesale of agricultural raw materials and live animals,16,14,2,16,14,2,0,0,0,10,10,0,10,10,0,0,0,0
02,000,STATE - HIMACHAL PRADESH,46,463,4630,"Wholesale of food, beverages and tobacco",91,87,4,86,82,4,5,5,0,42,18,24,42,18,24,0,0,0
02,000,STATE - HIMACHAL PRADESH,46,464,4641,"Wholesale of textiles, clothing and footwear",26,23,3,14,13,1,12,10,2,0,0,0,0,0,0,0,0,0
02,000,STATE - HIMACHAL PRADESH,46,464,4649,Wholesale of other household goods,38,38,0,32,32,0,6,6,0,0,0,0,0,0,0,0,0,0
02,000,STATE - HIMACHAL PRADESH,46,465,4652,Wholesale of electronic and telecommunications equipment and parts,16,16,0,6,6,0,10,10,0,0,0,0,0,0,0,0,0,0
02,000,STATE - HIMACHAL PRADESH,46,465,4653,"Wholesale of agricultural machinery, equipment and supplies",2,2,0,2,2,0,0,0,0,0,0,0,0,0,0,0,0,0
02,000,STATE - HIMACHAL PRADESH,46,465,4659,Wholesale of other machinery and equipment,5,5,0,5,5,0,0,0,0,0,0,0,0,0,0,0,0,0
02,000,STATE - HIMACHAL PRADESH,46,466,4669,Wholesale of waste and scrap and other products n.e.c.,28,22,6,26,22,4,2,0,2,8,6,2,8,6,2,0,0,0
02,000,STATE - HIMACHAL PRADESH,46,469,4690,Non-specialized wholesale trade,2,2,0,2,2,0,0,0,0,0,0,0,0,0,0,0,0,0
02,000,STATE - HIMACHAL PRADESH,47,471,4711,"Retail sale in non-specialized stores with food, beverages or tobacco",129,116,13,109,101,8,20,15,5,16,14,2,10,10,0,6,4,2
02,000,STATE - HIMACHAL PRADESH,47,471,4719,Other retail sale in non-specialized stores,133,119,14,119,107,12,14,12,2,15,14,1,15,14,1,0,0,0
02,000,STATE - HIMACHAL PRADESH,47,472,4721,Retail sale of food in specialized stores,1422,1348,74,1277,1209,68,145,139,6,126,107,19,120,105,15,6,2,4
02,000,STATE - HIMACHAL PRADESH,47,472,4722,Retail sale of beverages in specialized stores,18,18,0,18,18,0,0,0,0,2,2,0,2,2,0,0,0,0
02,000,STATE - HIMACHAL PRADESH,47,472,4723,Retail sale of tobacco products in specialized stores,2,2,0,2,2,0,0,0,0,0,0,0,0,0,0,0,0,0
02,000,STATE - HIMACHAL PRADESH,47,473,4730,Retail sale of automotive fuel in specialized stores,47,45,2,41,39,2,6,6,0,0,0,0,0,0,0,0,0,0
02,000,STATE - HIMACHAL PRADESH,47,474,4741,"Retail sale of computers, peripheral units, software and",47,45,2,33,33,0,14,12,2,6,6,0,6,6,0,0,0,0
02,000,STATE - HIMACHAL PRADESH,47,474,4742,Retail sale of audio and video equipment in specialized stores,4,4,0,4,4,0,0,0,0,0,0,0,0,0,0,0,0,0
02,000,STATE - HIMACHAL PRADESH,47,475,4751,Retail sale of textiles in specialized stores,32,26,6,30,26,4,2,0,2,2,2,0,2,2,0,0,0,0
02,000,STATE - HIMACHAL PRADESH,47,475,4752,"Retail sale of hardware, paints and glass in specialized stores",70,70,0,58,58,0,12,12,0,12,10,2,10,8,2,2,2,0
02,000,STATE - HIMACHAL PRADESH,47,475,4753,"Retail sale of carpets, rugs, wall and floor coverings in specialized",2,0,2,2,0,2,0,0,0,2,2,0,2,2,0,0,0,0
02,000,STATE - HIMACHAL PRADESH,47,475,4759,"Retail sale of electrical household appliances, furniture, lighting",103,102,1,95,94,1,8,8,0,10,10,0,10,10,0,0,0,0
02,000,STATE - HIMACHAL PRADESH,47,476,4761,"Retail sale of books, newspapers and stationary in specialized stores",74,74,0,60,60,0,14,14,0,4,4,0,4,4,0,0,0,0
02,000,STATE - HIMACHAL PRADESH,47,476,4762,Retail sale of music and video recordings in specialized stores,4,4,0,4,4,0,0,0,0,0,0,0,0,0,0,0,0,0
02,000,STATE - HIMACHAL PRADESH,47,476,4763,Retail sale of sporting equipment in specialized stores,6,6,0,4,4,0,2,2,0,0,0,0,0,0,0,0,0,0
02,000,STATE - HIMACHAL PRADESH,47,476,4764,Retail sale of games and toys in specialized stores,14,11,3,6,3,3,8,8,0,0,0,0,0,0,0,0,0,0
02,000,STATE - HIMACHAL PRADESH,47,477,4771,"Retail sale of clothing, footwear and leather articles in specialized",382,291,91,251,208,43,131,83,48,60,28,32,56,24,32,4,4,0
02,000,STATE - HIMACHAL PRADESH,47,477,4772,"Retail sale of pharmaceutical and medical goods, cosmetic and toilet",212,176,36,170,148,22,42,28,14,20,20,0,16,16,0,4,4,0
02,000,STATE - HIMACHAL PRADESH,47,477,4773,Other retail sale of new goods in specialized stores,94,85,9,72,67,5,22,18,4,5,4,1,3,2,1,2,2,0
02,000,STATE - HIMACHAL PRADESH,47,477,4774,Retail sale of second-hand goods,2,2,0,0,0,0,2,2,0,0,0,0,0,0,0,0,0,0
02,000,STATE - HIMACHAL PRADESH,47,478,4781,"Retail sale via stalls and markets of food, beverages and tobacco",31,29,2,19,19,0,12,10,2,6,2,4,2,2,0,4,0,4
02,000,STATE - HIMACHAL PRADESH,47,478,4782,"Retail sale via stalls and markets of textiles, clothing and footwear",44,30,14,32,20,12,12,10,2,26,18,8,6,6,0,20,12,8
02,000,STATE - HIMACHAL PRADESH,47,478,4789,Retail sale via stalls and markets of other goods,83,65,18,64,50,14,19,15,4,10,10,0,8,8,0,2,2,0
02,000,STATE - HIMACHAL PRADESH,47,479,4791,Retail sale via mail order houses or via Internet,2,2,0,0,0,0,2,2,0,18,10,8,18,10,8,0,0,0
02,000,STATE - HIMACHAL PRADESH,47,479,4799,"Other retail sale not in stores, stalls or markets",48,39,9,27,23,4,21,16,5,13,9,4,8,6,2,5,3,2
02,000,STATE - HIMACHAL PRADESH,49,491,4911,Passenger rail transport,89,87,2,86,84,2,3,3,0,0,0,0,0,0,0,0,0,0
02,000,STATE - HIMACHAL PRADESH,49,491,4912,Freight rail transport,16,16,0,12,12,0,4,4,0,0,0,0,0,0,0,0,0,0
02,000,STATE - HIMACHAL PRADESH,49,492,4921,Urban or suburban passenger land transport,213,205,8,204,196,8,9,9,0,11,11,0,11,11,0,0,0,0
02,000,STATE - HIMACHAL PRADESH,49,492,4922,Other passenger land transport,1331,1308,23,1197,1174,23,134,134,0,217,215,2,209,207,2,8,8,0
02,000,STATE - HIMACHAL PRADESH,49,492,4923,Freight transport by road,2050,2033,17,1955,1939,16,95,94,1,328,320,8,322,314,8,6,6,0
02,000,STATE - HIMACHAL PRADESH,50,501,5011,Sea and coastal passenger water transport,4,4,0,2,2,0,2,2,0,0,0,0,0,0,0,0,0,0
02,000,STATE - HIMACHAL PRADESH,50,502,5021,Inland passenger water transport,6,4,2,6,4,2,0,0,0,0,0,0,0,0,0,0,0,0
02,000,STATE - HIMACHAL PRADESH,50,502,5022,Inland freight water transport,0,0,0,0,0,0,0,0,0,2,2,0,2,2,0,0,0,0
02,000,STATE - HIMACHAL PRADESH,51,511,5110,Passenger air transport,6,2,4,0,0,0,6,2,4,0,0,0,0,0,0,0,0,0
02,000,STATE - HIMACHAL PRADESH,51,512,5120,Freight air transport,4,2,2,2,2,0,2,0,2,1,1,0,1,1,0,0,0,0
02,000,STATE - HIMACHAL PRADESH,52,521,5210,Warehousing and storage,12,12,0,10,10,0,2,2,0,2,2,0,2,2,0,0,0,0
02,000,STATE - HIMACHAL PRADESH,52,522,5221,Service activities incidental to land transportation,88,82,6,82,76,6,6,6,0,7,7,0,7,7,0,0,0,0
02,000,STATE - HIMACHAL PRADESH,52,522,5223,Service activities incidental to air transportation,4,4,0,4,4,0,0,0,0,0,0,0,0,0,0,0,0,0
02,000,STATE - HIMACHAL PRADESH,52,522,5224,Cargo handling,2,2,0,2,2,0,0,0,0,0,0,0,0,0,0,0,0,0
02,000,STATE - HIMACHAL PRADESH,52,522,5229,Other transportation support activities,29,25,4,17,17,0,12,8,4,4,4,0,4,4,0,0,0,0
02,000,STATE - HIMACHAL PRADESH,53,531,5310,Postal activities,472,436,36,442,414,28,30,22,8,8,4,4,6,4,2,2,0,2
02,000,STATE - HIMACHAL PRADESH,53,532,5320,Courier activities,4,4,0,4,4,0,0,0,0,4,4,0,2,2,0,2,2,0
02,000,STATE - HIMACHAL PRADESH,55,551,5510,Short term accommodation activities,597,550,47,431,400,31,166,150,16,90,84,6,88,82,6,2,2,0
02,000,STATE - HIMACHAL PRADESH,55,552,5520,"Camping grounds, recreational vehicle parks and trailer parks",2,2,0,2,2,0,0,0,0,0,0,0,0,0,0,0,0,0
02,000,STATE - HIMACHAL PRADESH,55,559,5590,Other accommodation,24,13,11,23,13,10,1,0,1,0,0,0,0,0,0,0,0,0
02,000,STATE - HIMACHAL PRADESH,56,561,5610,Restaurants and mobile food service activities,131,117,14,99,87,12,32,30,2,14,14,0,12,12,0,2,2,0
02,000,STATE - HIMACHAL PRADESH,56,562,5621,Event catering,70,60,10,48,44,4,22,16,6,18,16,2,18,16,2,0,0,0
02,000,STATE - HIMACHAL PRADESH,56,562,5629,Other food service activities,14,14,0,12,12,0,2,2,0,8,8,0,8,8,0,0,0,0
02,000,STATE - HIMACHAL PRADESH,56,563,5630,Beverage serving activities,505,468,37,408,376,32,97,92,5,48,46,2,42,40,2,6,6,0
02,000,STATE - HIMACHAL PRADESH,58,581,5811,Book publishing,6,6,0,6,6,0,0,0,0,0,0,0,0,0,0,0,0,0
02,000,STATE - HIMACHAL PRADESH,58,581,5813,"Publishing of newspapers, journals and periodicals",11,11,0,9,9,0,2,2,0,2,2,0,2,2,0,0,0,0
02,000,STATE - HIMACHAL PRADESH,58,581,5819,Other publishing activities,4,4,0,2,2,0,2,2,0,0,0,0,0,0,0,0,0,0
02,000,STATE - HIMACHAL PRADESH,59,591,5911,"Motion picture, video and television programme production activities",6,6,0,4,4,0,2,2,0,0,0,0,0,0,0,0,0,0
02,000,STATE - HIMACHAL PRADESH,59,591,5912,"Motion picture, video and television programme post-production",2,2,0,0,0,0,2,2,0,0,0,0,0,0,0,0,0,0
02,000,STATE - HIMACHAL PRADESH,59,592,5920,Sound recording and music publishing activitiesT,2,2,0,2,2,0,0,0,0,2,2,0,2,2,0,0,0,0
02,000,STATE - HIMACHAL PRADESH,60,601,6010,Radio broadcasting,6,6,0,2,2,0,4,4,0,0,0,0,0,0,0,0,0,0
02,000,STATE - HIMACHAL PRADESH,60,602,6020,Television programming and broadcasting activities,8,6,2,4,4,0,4,2,2,0,0,0,0,0,0,0,0,0
02,000,STATE - HIMACHAL PRADESH,61,611,6110,Wired telecommunications activities,65,59,6,45,43,2,20,16,4,1,1,0,1,1,0,0,0,0
02,000,STATE - HIMACHAL PRADESH,61,612,6120,Wireless telecommunications activities,12,10,2,10,8,2,2,2,0,4,4,0,4,4,0,0,0,0
02,000,STATE - HIMACHAL PRADESH,61,613,6130,Satellite telecommunications activities,30,28,2,18,18,0,12,10,2,2,2,0,2,2,0,0,0,0
02,000,STATE - HIMACHAL PRADESH,61,619,6190,Other telecommunications activities,131,121,10,96,88,8,35,33,2,5,5,0,5,5,0,0,0,0
02,000,STATE - HIMACHAL PRADESH,62,620,6202,Computer consultancy and computer facilities management activities,0,0,0,0,0,0,0,0,0,2,2,0,2,2,0,0,0,0
02,000,STATE - HIMACHAL PRADESH,62,620,6209,Other information technology and computer service activities,4,4,0,4,4,0,0,0,0,2,2,0,2,2,0,0,0,0
02,000,STATE - HIMACHAL PRADESH,63,639,6391,News agency activities,2,2,0,2,2,0,0,0,0,0,0,0,0,0,0,0,0,0
02,000,STATE - HIMACHAL PRADESH,63,639,6399,Other information service activities n.e.c.,26,24,2,20,18,2,6,6,0,0,0,0,0,0,0,0,0,0
02,000,STATE - HIMACHAL PRADESH,64,641,6411,Central banking,16,16,0,11,11,0,5,5,0,0,0,0,0,0,0,0,0,0
02,000,STATE - HIMACHAL PRADESH,64,641,6419,Other monetary intermediation,591,544,47,421,385,36,170,159,11,12,10,2,6,6,0,6,4,2
02,000,STATE - HIMACHAL PRADESH,64,643,6430,"Trusts, funds and other financial vehicles",2,2,0,2,2,0,0,0,0,0,0,0,0,0,0,0,0,0
02,000,STATE - HIMACHAL PRADESH,64,649,6499,"Other financial service activities, except insurance and pension funding",3,2,1,3,2,1,0,0,0,0,0,0,0,0,0,0,0,0
02,000,STATE - HIMACHAL PRADESH,65,651,6511,Life insurance,154,141,13,95,88,7,59,53,6,10,10,0,8,8,0,2,2,0
02,000,STATE - HIMACHAL PRADESH,65,651,6512,Non-life insurance,6,6,0,0,0,0,6,6,0,0,0,0,0,0,0,0,0,0
02,000,STATE - HIMACHAL PRADESH,66,662,6622,Activities of insurance agents and brokers,6,6,0,6,6,0,0,0,0,0,0,0,0,0,0,0,0,0
02,000,STATE - HIMACHAL PRADESH,66,662,6629,Other activities auxiliary to insurance and pension funding,7,5,2,7,5,2,0,0,0,0,0,0,0,0,0,0,0,0
02,000,STATE - HIMACHAL PRADESH,66,663,6630,Fund management activities,13,7,6,10,4,6,3,3,0,0,0,0,0,0,0,0,0,0
02,000,STATE - HIMACHAL PRADESH,68,681,6810,Real estate activities with own or leased property,10,10,0,6,6,0,4,4,0,6,6,0,4,4,0,2,2,0
02,000,STATE - HIMACHAL PRADESH,68,682,6820,Real estate activities on a fee or contract basis,9,9,0,7,7,0,2,2,0,0,0,0,0,0,0,0,0,0
02,000,STATE - HIMACHAL PRADESH,69,691,6910,Legal activities,69,63,6,47,45,2,22,18,4,4,2,2,4,2,2,0,0,0
02,000,STATE - HIMACHAL PRADESH,69,692,6920,"Accounting, bookkeeping and auditing activities; tax consultancy",8,8,0,6,6,0,2,2,0,2,2,0,2,2,0,0,0,0
02,000,STATE - HIMACHAL PRADESH,70,701,7010,Activities of head offices,1,1,0,1,1,0,0,0,0,0,0,0,0,0,0,0,0,0
02,000,STATE - HIMACHAL PRADESH,71,711,7110,Architectural and engineering activities and related technical,6,6,0,4,4,0,2,2,0,0,0,0,0,0,0,0,0,0
02,000,STATE - HIMACHAL PRADESH,71,712,7120,Technical testing and analysis,1,1,0,1,1,0,0,0,0,0,0,0,0,0,0,0,0,0
02,000,STATE - HIMACHAL PRADESH,72,721,7210,Research and experimental development on natural sciences and,4,4,0,4,4,0,0,0,0,0,0,0,0,0,0,0,0,0
02,000,STATE - HIMACHAL PRADESH,72,722,7220,Research and experimental development on social sciences and,10,10,0,8,8,0,2,2,0,0,0,0,0,0,0,0,0,0
02,000,STATE - HIMACHAL PRADESH,73,732,7320,Market research and public opinion polling,2,2,0,2,2,0,0,0,0,0,0,0,0,0,0,0,0,0
02,000,STATE - HIMACHAL PRADESH,74,741,7410,Specialized design activities,4,2,2,4,2,2,0,0,0,2,2,0,0,0,0,2,2,0
02,000,STATE - HIMACHAL PRADESH,74,742,7420,Photographic activities,68,66,2,52,52,0,16,14,2,12,12,0,10,10,0,2,2,0
02,000,STATE - HIMACHAL PRADESH,74,749,7490,"Other professional, scientific and technical activities n.e.c.",8,7,1,8,7,1,0,0,0,0,0,0,0,0,0,0,0,0
02,000,STATE - HIMACHAL PRADESH,75,750,7500,Veterinary activities,150,133,17,142,127,15,8,6,2,8,8,0,8,8,0,0,0,0
02,000,STATE - HIMACHAL PRADESH,77,772,7729,Renting and leasing of other personal and household goods n.e.c.,29,29,0,28,28,0,1,1,0,10,10,0,10,10,0,0,0,0
02,000,STATE - HIMACHAL PRADESH,77,773,7730,"Renting and leasing of other machinery, equipment and tangible goods",2,2,0,2,2,0,0,0,0,1,0,1,1,0,1,0,0,0
02,000,STATE - HIMACHAL PRADESH,78,781,7810,Activities of employment placement agencies,0,0,0,0,0,0,0,0,0,2,2,0,2,2,0,0,0,0
02,000,STATE - HIMACHAL PRADESH,78,782,7820,Temporary employment agency activities,6,6,0,6,6,0,0,0,0,8,8,0,8,8,0,0,0,0
02,000,STATE - HIMACHAL PRADESH,79,791,7911,Travel agency activities,39,35,4,19,15,4,20,20,0,6,6,0,4,4,0,2,2,0
02,000,STATE - HIMACHAL PRADESH,79,791,7912,Tour operator activities,10,10,0,4,4,0,6,6,0,3,3,0,3,3,0,0,0,0
02,000,STATE - HIMACHAL PRADESH,80,801,8010,Private security activities,34,34,0,24,24,0,10,10,0,2,2,0,0,0,0,2,2,0
02,000,STATE - HIMACHAL PRADESH,80,802,8020,Security systems service activities,17,15,2,3,3,0,14,12,2,2,2,0,2,2,0,0,0,0
02,000,STATE - HIMACHAL PRADESH,81,811,8110,Combined facilities support activities,2,2,0,2,2,0,0,0,0,0,0,0,0,0,0,0,0,0
02,000,STATE - HIMACHAL PRADESH,81,812,8121,General cleaning of buildings,1,0,1,1,0,1,0,0,0,0,0,0,0,0,0,0,0,0
02,000,STATE - HIMACHAL PRADESH,81,813,8130,Landscape care and maintenance service activities,1,0,1,1,0,1,0,0,0,0,0,0,0,0,0,0,0,0
02,000,STATE - HIMACHAL PRADESH,82,821,8211,Combined office administrative service activities,10,7,3,10,7,3,0,0,0,1,0,1,1,0,1,0,0,0
02,000,STATE - HIMACHAL PRADESH,82,821,8219,"Photocopying, document preparation and other specialized office",51,45,6,43,37,6,8,8,0,6,4,2,6,4,2,0,0,0
02,000,STATE - HIMACHAL PRADESH,82,822,8220,Activities of call centres,3,2,1,3,2,1,0,0,0,4,2,2,4,2,2,0,0,0
02,000,STATE - HIMACHAL PRADESH,82,829,8291,Activities of collection agencies and credit bureaus,2,2,0,2,2,0,0,0,0,0,0,0,0,0,0,0,0,0
02,000,STATE - HIMACHAL PRADESH,82,829,8292,Packaging activities,16,16,0,16,16,0,0,0,0,2,2,0,2,2,0,0,0,0
02,000,STATE - HIMACHAL PRADESH,82,829,8299,Other business support service activities n.e.c.,617,576,41,538,511,27,79,65,14,62,58,4,62,58,4,0,0,0
02,000,STATE - HIMACHAL PRADESH,84,841,8411,General public administration activities,3713,3089,624,3117,2608,509,596,481,115,148,114,34,140,108,32,8,6,2
02,000,STATE - HIMACHAL PRADESH,84,841,8412,"Regulation of the activities of providing health care, education, cultural",15,10,5,13,10,3,2,0,2,0,0,0,0,0,0,0,0,0
02,000,STATE - HIMACHAL PRADESH,84,842,8421,Foreign affairs,2,2,0,2,2,0,0,0,0,0,0,0,0,0,0,0,0,0
02,000,STATE - HIMACHAL PRADESH,84,842,8422,Defence activities,697,672,25,616,597,19,81,75,6,18,18,0,18,18,0,0,0,0
02,000,STATE - HIMACHAL PRADESH,84,842,8423,Public order and safety activities,918,841,77,775,722,53,143,119,24,74,68,6,72,66,6,2,2,0
02,000,STATE - HIMACHAL PRADESH,84,843,8430,Compulsory social security activities,276,260,16,236,222,14,40,38,2,12,12,0,10,10,0,2,2,0
02,000,STATE - HIMACHAL PRADESH,85,851,8510,Primary education,3280,1938,1342,3056,1852,1204,224,86,138,133,79,54,129,79,50,4,0,4
02,000,STATE - HIMACHAL PRADESH,85,852,8521,General secondary education,1470,938,532,1292,877,415,178,61,117,44,32,12,44,32,12,0,0,0
02,000,STATE - HIMACHAL PRADESH,85,852,8522,Technical and vocational secondary education,3,2,1,3,2,1,0,0,0,0,0,0,0,0,0,0,0,0
02,000,STATE - HIMACHAL PRADESH,85,853,8530,Higher education,407,272,135,324,219,105,83,53,30,9,5,4,5,3,2,4,2,2
02,000,STATE - HIMACHAL PRADESH,85,854,8541,Sports and recreation education,28,26,2,22,22,0,6,4,2,2,2,0,2,2,0,0,0,0
02,000,STATE - HIMACHAL PRADESH,85,854,8542,Cultural education,33,31,2,9,7,2,24,24,0,0,0,0,0,0,0,0,0,0
02,000,STATE - HIMACHAL PRADESH,85,854,8549,Other education n.e.c.,159,103,56,143,97,46,16,6,10,28,18,10,24,16,8,4,2,2
02,000,STATE - HIMACHAL PRADESH,85,855,8550,Educational support services,1921,974,947,1827,910,917,94,64,30,111,53,58,105,51,54,6,2,4
02,000,STATE - HIMACHAL PRADESH,86,861,8610,Hospital activities,551,301,250,425,259,166,126,42,84,16,8,8,12,6,6,4,2,2
02,000,STATE - HIMACHAL PRADESH,86,862,8620,Medical and dental practice activities,63,53,10,50,46,4,13,7,6,0,0,0,0,0,0,0,0,0
02,000,STATE - HIMACHAL PRADESH,86,869,8690,Other human health activities,1103,272,831,1012,249,763,91,23,68,51,11,40,51,11,40,0,0,0
02,000,STATE - HIMACHAL PRADESH,87,872,8720,"Residential care activities for mental retardation, mental health and",2,2,0,2,2,0,0,0,0,0,0,0,0,0,0,0,0,0
02,000,STATE - HIMACHAL PRADESH,87,879,8790,Other residential care activities n.e.c.,0,0,0,0,0,0,0,0,0,4,2,2,4,2,2,0,0,0
02,000,STATE - HIMACHAL PRADESH,88,881,8810,Social work activities without accommodation for the elderly and,134,6,128,130,6,124,4,0,4,6,0,6,6,0,6,0,0,0
02,000,STATE - HIMACHAL PRADESH,88,889,8890,Other social work activities without accommodation n.e.c.,478,44,434,468,44,424,10,0,10,31,3,28,28,1,27,3,2,1
02,000,STATE - HIMACHAL PRADESH,90,900,9000,"Dramatic arts, music and other arts activities",48,47,1,42,41,1,6,6,0,22,22,0,22,22,0,0,0,0
02,000,STATE - HIMACHAL PRADESH,91,910,9101,Library and archives activities,4,2,2,4,2,2,0,0,0,0,0,0,0,0,0,0,0,0
02,000,STATE - HIMACHAL PRADESH,91,910,9102,Museums activities and operation of historical sites and buildings,2,2,0,0,0,0,2,2,0,0,0,0,0,0,0,0,0,0
02,000,STATE - HIMACHAL PRADESH,93,931,9311,Operation of sports facilities,2,2,0,2,2,0,0,0,0,0,0,0,0,0,0,0,0,0
02,000,STATE - HIMACHAL PRADESH,93,931,9312,Activities of sports clubs,2,2,0,2,2,0,0,0,0,0,0,0,0,0,0,0,0,0
02,000,STATE - HIMACHAL PRADESH,93,931,9319,Other sports activities,9,9,0,9,9,0,0,0,0,6,6,0,6,6,0,0,0,0
02,000,STATE - HIMACHAL PRADESH,93,932,9329,Other amusement and recreation activities n.e.c.,5,5,0,5,5,0,0,0,0,6,6,0,6,6,0,0,0,0
02,000,STATE - HIMACHAL PRADESH,94,941,9411,Activities of business and employers membership organizations,2,2,0,2,2,0,0,0,0,1,1,0,1,1,0,0,0,0
02,000,STATE - HIMACHAL PRADESH,94,942,9420,Activities of trade unions,6,6,0,4,4,0,2,2,0,4,2,2,4,2,2,0,0,0
02,000,STATE - HIMACHAL PRADESH,94,949,9491,Activities of religious organizations,336,247,89,304,223,81,32,24,8,437,329,108,435,329,106,2,0,2
02,000,STATE - HIMACHAL PRADESH,94,949,9492,Activities of political organizations,18,12,6,16,10,6,2,2,0,0,0,0,0,0,0,0,0,0
02,000,STATE - HIMACHAL PRADESH,94,949,9499,Activities of other membership organizations n.e.c.,20,8,12,20,8,12,0,0,0,1,1,0,1,1,0,0,0,0
02,000,STATE - HIMACHAL PRADESH,95,951,9511,Repair of computers and peripheral equipment,14,14,0,14,14,0,0,0,0,0,0,0,0,0,0,0,0,0
02,000,STATE - HIMACHAL PRADESH,95,951,9512,Repair of communication equipment,12,12,0,12,12,0,0,0,0,0,0,0,0,0,0,0,0,0
02,000,STATE - HIMACHAL PRADESH,95,952,9521,Repair of consumer electronics,16,13,3,10,9,1,6,4,2,12,10,2,12,10,2,0,0,0
02,000,STATE - HIMACHAL PRADESH,95,952,9522,Repair of household appliances and home and garden equipment,8,8,0,6,6,0,2,2,0,6,4,2,6,4,2,0,0,0
02,000,STATE - HIMACHAL PRADESH,95,952,9529,"Repair of personal and household goods, n.e.c.",24,24,0,24,24,0,0,0,0,2,2,0,2,2,0,0,0,0
02,000,STATE - HIMACHAL PRADESH,96,960,9601,Washing and (dry-) cleaning of textile and fur products,8,7,1,6,5,1,2,2,0,2,0,2,2,0,2,0,0,0
02,000,STATE - HIMACHAL PRADESH,96,960,9602,Hairdressing and other beauty treatment,36,20,16,26,16,10,10,4,6,8,4,4,8,4,4,0,0,0
02,000,STATE - HIMACHAL PRADESH,96,960,9609,Other personal service activities n.e.c.,82,53,29,67,42,25,15,11,4,48,35,13,48,35,13,0,0,0
02,000,STATE - HIMACHAL PRADESH,97,970,9700,Activities of households as employers of domestic personnel,171,84,87,114,49,65,57,35,22,147,33,114,143,33,110,4,0,4
02,000,STATE - HIMACHAL PRADESH,99,990,9900,Activities of extraterritorial organizations and bodies,4,4,0,2,2,0,2,2,0,0,0,0,0,0,0,0,0,0
02,000,STATE - HIMACHAL PRADESH,99,991,9910,Blank etc.,2396,1580,816,2068,1336,732,328,244,84,2077,943,1134,1964,902,1062,113,41,72
20,000,STATE - JHARKHAND,01,011,0111,"Growing of cereals (except rice), leguminous crops and oil seeds",29,25,4,27,25,2,2,0,2,43,25,18,37,25,12,6,0,6
20,000,STATE - JHARKHAND,01,011,0112,Growing of rice,3,3,0,3,3,0,0,0,0,16,1,15,16,1,15,0,0,0
20,000,STATE - JHARKHAND,01,011,0113,"Growing of vegetables and melons, roots and tubers",24,22,2,24,22,2,0,0,0,74,38,36,56,29,27,18,9,9
20,000,STATE - JHARKHAND,01,011,0119,Growing of other non-perennial crop,23,21,2,6,6,0,17,15,2,0,0,0,0,0,0,0,0,0
20,000,STATE - JHARKHAND,01,012,0122,Growing of tropical and subtropical fruits,0,0,0,0,0,0,0,0,0,1,0,1,1,0,1,0,0,0
20,000,STATE - JHARKHAND,01,012,0123,Growing of citrus fruits,0,0,0,0,0,0,0,0,0,1,1,0,1,1,0,0,0,0
20,000,STATE - JHARKHAND,01,012,0125,Growing of other tree and bush fruits and nuts,2,2,0,2,2,0,0,0,0,2,2,0,0,0,0,2,2,0
20,000,STATE - JHARKHAND,01,012,0126,Growing of oleaginous fruits,0,0,0,0,0,0,0,0,0,6,6,0,6,6,0,0,0,0
20,000,STATE - JHARKHAND,01,012,0127,Growing of beverage crops,12,11,1,9,8,1,3,3,0,1,1,0,1,1,0,0,0,0
20,000,STATE - JHARKHAND,01,012,0128,"Growing of spices, aromatic, drug and pharmaceutical crops",1,1,0,1,1,0,0,0,0,0,0,0,0,0,0,0,0,0
20,000,STATE - JHARKHAND,01,012,0129,Growing of other perennial crops,5,5,0,2,2,0,3,3,0,5,4,1,2,1,1,3,3,0
20,000,STATE - JHARKHAND,01,013,0130,Plant propagation,128,118,10,53,47,6,75,71,4,69,56,13,41,34,7,28,22,6
20,000,STATE - JHARKHAND,01,014,0141,Raising of cattle and buffaloes,1292,919,373,1080,745,335,212,174,38,1736,854,882,1653,811,842,83,43,40
20,000,STATE - JHARKHAND,01,014,0143,Raising and breeding of camels and camelids,0,0,0,0,0,0,0,0,0,1,0,1,1,0,1,0,0,0
20,000,STATE - JHARKHAND,01,014,0144,Raising of sheep and goats,325,118,207,299,111,188,26,7,19,912,271,641,866,259,607,46,12,34
20,000,STATE - JHARKHAND,01,014,0145,Raising of swine/pigs,96,55,41,80,41,39,16,14,2,151,39,112,119,38,81,32,1,31
20,000,STATE - JHARKHAND,01,014,0146,Raising of poultry,131,121,10,83,73,10,48,48,0,93,56,37,75,41,34,18,15,3
20,000,STATE - JHARKHAND,01,014,0149,Raising of other animals,33,26,7,21,14,7,12,12,0,12,10,2,12,10,2,0,0,0
20,000,STATE - JHARKHAND,01,015,0150,Mixed farming,42,36,6,42,36,6,0,0,0,95,37,58,92,37,55,3,0,3
20,000,STATE - JHARKHAND,01,016,0161,Support activities for crop production,282,250,32,198,171,27,84,79,5,419,238,181,408,227,181,11,11,0
20,000,STATE - JHARKHAND,01,016,0162,Support activities for animal production,12,12,0,12,12,0,0,0,0,1,0,1,1,0,1,0,0,0
20,000,STATE - JHARKHAND,01,016,0163,Post-harvest crop activities,1376,1096,280,1062,826,236,314,270,44,2906,1331,1575,2610,1156,1454,296,175,121
20,000,STATE - JHARKHAND,01,016,0164,Seed processing for propagation,3,3,0,0,0,0,3,3,0,0,0,0,0,0,0,0,0,0
20,000,STATE - JHARKHAND,01,017,0170,"Hunting, trapping and related service activities",2,2,0,2,2,0,0,0,0,5,5,0,5,5,0,0,0,0
20,000,STATE - JHARKHAND,02,021,0210,Silviculture and other forestry activities,148,131,17,78,73,5,70,58,12,85,23,62,81,23,58,4,0,4
20,000,STATE - JHARKHAND,02,022,0220,Logging,274,164,110,211,121,90,63,43,20,425,158,267,373,152,221,52,6,46
20,000,STATE - JHARKHAND,02,023,0230,Gathering of non-wood forest products,32,28,4,17,13,4,15,15,0,76,37,39,68,37,31,8,0,8
20,000,STATE - JHARKHAND,02,024,0240,Support services to forestry,487,460,27,264,256,8,223,204,19,59,42,17,38,31,7,21,11,10
20,000,STATE - JHARKHAND,03,031,0311,Marine fishing,139,105,34,72,62,10,67,43,24,122,100,22,113,91,22,9,9,0
20,000,STATE - JHARKHAND,03,031,0312,Freash water fishing,217,198,19,140,140,0,77,58,19,126,111,15,107,98,9,19,13,6
20,000,STATE - JHARKHAND,03,032,0321,Marine aquaculture,49,44,5,37,37,0,12,7,5,8,8,0,8,8,0,0,0,0
20,000,STATE - JHARKHAND,03,032,0322,Freshwater aquaculture,264,244,20,209,189,20,55,55,0,240,227,13,213,202,11,27,25,2
20,000,STATE - JHARKHAND,05,051,0510,Mining of hard coal,28735,25522,3213,8352,7378,974,20383,18144,2239,2390,1705,685,1401,905,496,989,800,189
20,000,STATE - JHARKHAND,05,052,0520,Mining of lignite,134,115,19,36,34,2,98,81,17,76,53,23,52,35,17,24,18,6
20,000,STATE - JHARKHAND,06,061,0610,Extraction of crude petroleum,1,1,0,1,1,0,0,0,0,3,3,0,0,0,0,3,3,0
20,000,STATE - JHARKHAND,06,062,0620,Extraction of natural gas,6,6,0,0,0,0,6,6,0,0,0,0,0,0,0,0,0,0
20,000,STATE - JHARKHAND,07,071,0710,Mining of iron ores,236,220,16,107,95,12,129,125,4,24,24,0,18,18,0,6,6,0
20,000,STATE - JHARKHAND,07,072,0721,Mining of uranium and thorium ores,277,268,9,72,72,0,205,196,9,27,27,0,24,24,0,3,3,0
20,000,STATE - JHARKHAND,07,072,0729,Mining of other non-ferrous metal ores,207,173,34,93,89,4,114,84,30,28,26,2,25,23,2,3,3,0
20,000,STATE - JHARKHAND,08,081,0810,"Quarrying of stone, sand and clay",738,636,102,530,434,96,208,202,6,264,185,79,230,152,78,34,33,1
20,000,STATE - JHARKHAND,08,089,0891,Mining of chemical and fertilizer minerals,1,0,1,1,0,1,0,0,0,0,0,0,0,0,0,0,0,0
20,000,STATE - JHARKHAND,08,089,0892,Extraction and agglomeration of peat,6,3,3,0,0,0,6,3,3,0,0,0,0,0,0,0,0,0
20,000,STATE - JHARKHAND,08,089,0893,Extraction of salt,47,37,10,14,14,0,33,23,10,32,18,14,32,18,14,0,0,0
20,000,STATE - JHARKHAND,08,089,0899,Other mining and quarrying n.e.c.,12307,9836,2471,9910,7787,2123,2397,2049,348,4843,3201,1642,4524,2953,1571,319,248,71
20,000,STATE - JHARKHAND,09,091,0910,Support activities for petroleum and natural gas mining,3,3,0,0,0,0,3,3,0,0,0,0,0,0,0,0,0,0
20,000,STATE - JHARKHAND,09,099,0990,Support activities for other mining and quarrying,23,21,2,3,3,0,20,18,2,6,6,0,0,0,0,6,6,0
20,000,STATE - JHARKHAND,10,101,1010,Processing and preserving of meat,72,34,38,52,22,30,20,12,8,150,63,87,99,33,66,51,30,21
20,000,STATE - JHARKHAND,10,102,1020,"Processing and preserving of fish, crustaceans and molluscs and",40,33,7,40,33,7,0,0,0,75,49,26,33,22,11,42,27,15
20,000,STATE - JHARKHAND,10,103,1030,Processing and preserving of fruit and vegetables,50,29,21,22,15,7,28,14,14,60,33,27,51,27,24,9,6,3
20,000,STATE - JHARKHAND,10,104,1040,Manufacture of vegetable and animal oils and fats,56,54,2,33,33,0,23,21,2,17,17,0,17,17,0,0,0,0
20,000,STATE - JHARKHAND,10,105,1050,Manufacture of dairy products,557,320,237,426,220,206,131,100,31,1117,400,717,1012,338,674,105,62,43
20,000,STATE - JHARKHAND,10,106,1061,Manufacture of grain mill products,688,508,180,517,376,141,171,132,39,404,217,187,379,212,167,25,5,20
20,000,STATE - JHARKHAND,10,106,1062,Manufacture of starches and starch products,7,7,0,7,7,0,0,0,0,8,0,8,8,0,8,0,0,0
20,000,STATE - JHARKHAND,10,107,1071,Manufacture of bakery products,100,97,3,43,40,3,57,57,0,50,43,7,27,22,5,23,21,2
20,000,STATE - JHARKHAND,10,107,1072,Manufacture of sugar,48,39,9,45,38,7,3,1,2,28,28,0,28,28,0,0,0,0
20,000,STATE - JHARKHAND,10,107,1073,"Manufacture of cocoa, chocolate and sugar confectionery",240,238,2,189,189,0,51,49,2,84,77,7,73,66,7,11,11,0
20,000,STATE - JHARKHAND,10,107,1074,"Manufacture of macaroni, noodles, couscous and similar farinaceous",12,12,0,4,4,0,8,8,0,9,9,0,9,9,0,0,0,0
20,000,STATE - JHARKHAND,10,107,1075,Manufacture of prepared meals and dishes,607,459,148,412,294,118,195,165,30,246,121,125,179,91,88,67,30,37
20,000,STATE - JHARKHAND,10,107,1079,Manufacture of other food products n.e.c.,166,147,19,66,58,8,100,89,11,71,66,5,50,48,2,21,18,3
20,000,STATE - JHARKHAND,10,108,1080,Manufacture of prepared animal feeds,0,0,0,0,0,0,0,0,0,5,0,5,5,0,5,0,0,0
20,000,STATE - JHARKHAND,11,110,1101,"Distilling, rectifying and blending of spirits; ethyl alcohol production",0,0,0,0,0,0,0,0,0,9,9,0,6,6,0,3,3,0
20,000,STATE - JHARKHAND,11,110,1102,Manufacture of wines,18,10,8,6,4,2,12,6,6,28,24,4,13,9,4,15,15,0
20,000,STATE - JHARKHAND,11,110,1103,Manufacture of malt liquors and malt,3,3,0,0,0,0,3,3,0,0,0,0,0,0,0,0,0,0
20,000,STATE - JHARKHAND,11,110,1104,Manufacture of soft drinks; production of mineral waters and other,69,59,10,53,48,5,16,11,5,74,53,21,72,53,19,2,0,2
20,000,STATE - JHARKHAND,12,120,1200,Manufacture of tobacco products,6244,1987,4257,5587,1776,3811,657,211,446,3889,679,3210,3677,634,3043,212,45,167
20,000,STATE - JHARKHAND,13,131,1311,Preparation and spinning of textile fibres,909,714,195,723,558,165,186,156,30,2693,1598,1095,2447,1408,1039,246,190,56
20,000,STATE - JHARKHAND,13,131,1312,Weaving of textiles,68,48,20,60,44,16,8,4,4,60,24,36,53,22,31,7,2,5
20,000,STATE - JHARKHAND,13,131,1313,Finishing of textiles,31,30,1,16,15,1,15,15,0,15,13,2,15,13,2,0,0,0
20,000,STATE - JHARKHAND,13,139,1391,Manufacture of knitted and crocheted fabrics,1,1,0,1,1,0,0,0,0,0,0,0,0,0,0,0,0,0
20,000,STATE - JHARKHAND,13,139,1392,"Manufacture of made-up textile articles, except apparel",53,47,6,29,29,0,24,18,6,10,8,2,7,5,2,3,3,0
20,000,STATE - JHARKHAND,13,139,1393,Manufacture of carpets and rugs,225,213,12,204,195,9,21,18,3,250,212,38,228,190,38,22,22,0
20,000,STATE - JHARKHAND,13,139,1394,"Manufacture of cordage, rope, twine and netting",155,109,46,124,83,41,31,26,5,232,131,101,224,129,95,8,2,6
20,000,STATE - JHARKHAND,13,139,1399,Manufacture of other textiles n.e.c.,219,198,21,178,168,10,41,30,11,128,116,12,121,110,11,7,6,1
20,000,STATE - JHARKHAND,14,141,1410,"Manufacture of wearing apparel, except fur apparel",725,598,127,358,318,40,367,280,87,251,125,126,188,99,89,63,26,37
20,000,STATE - JHARKHAND,14,142,1420,Manufacture of articles of fur,4,3,1,4,3,1,0,0,0,9,7,2,3,1,2,6,6,0
20,000,STATE - JHARKHAND,14,143,1430,Manufacture of knitted and crocheted apparel,9,9,0,6,6,0,3,3,0,2,0,2,2,0,2,0,0,0
20,000,STATE - JHARKHAND,15,151,1511,Tanning and dressing of leather; dressing and dyeing of fur,38,31,7,35,28,7,3,3,0,25,9,16,23,9,14,2,0,2
20,000,STATE - JHARKHAND,15,151,1512,"Manufacture of luggage, handbags and the like, saddlery and harness",51,44,7,51,44,7,0,0,0,12,9,3,9,6,3,3,3,0
20,000,STATE - JHARKHAND,15,152,1520,Manufacture of footwear,528,511,17,331,320,11,197,191,6,206,197,9,165,158,7,41,39,2
20,000,STATE - JHARKHAND,16,161,1610,Saw milling and planing of wood,77,77,0,34,34,0,43,43,0,52,52,0,49,49,0,3,3,0
20,000,STATE - JHARKHAND,16,162,1621,"Manufacture of veneer sheets; manufacture of plywood, laminboard,",39,30,9,33,24,9,6,6,0,25,18,7,22,15,7,3,3,0
20,000,STATE - JHARKHAND,16,162,1622,Manufacture of builders carpentry and joinery,71,71,0,53,53,0,18,18,0,37,37,0,32,32,0,5,5,0
20,000,STATE - JHARKHAND,16,162,1623,Manufacture of wooden containers,16961,9638,7323,15647,8968,6679,1314,670,644,10809,4701,6108,10069,4342,5727,740,359,381
20,000,STATE - JHARKHAND,16,162,1629,"Manufacture of other products of wood; manufacture of articles of cork,",3486,1955,1531,3050,1581,1469,436,374,62,5273,1128,4145,5183,1061,4122,90,67,23
20,000,STATE - JHARKHAND,17,170,1701,"Manufacture of pulp, paper and paperboard",2,2,0,0,0,0,2,2,0,1,1,0,1,1,0,0,0,0
20,000,STATE - JHARKHAND,17,170,1702,Manufacture of corrugated paper and paperboard and containers of,4,4,0,2,2,0,2,2,0,10,4,6,7,1,6,3,3,0
20,000,STATE - JHARKHAND,17,170,1709,Manufacture of other articles of paper and paperboard,54,48,6,17,17,0,37,31,6,21,8,13,13,6,7,8,2,6
20,000,STATE - JHARKHAND,18,181,1811,Printing,129,114,15,40,34,6,89,80,9,22,22,0,13,13,0,9,9,0
20,000,STATE - JHARKHAND,18,181,1812,Service activities related to printing,93,79,14,3,3,0,90,76,14,13,13,0,9,9,0,4,4,0
20,000,STATE - JHARKHAND,19,191,1910,Manufacture of coke oven products,369,307,62,264,212,52,105,95,10,90,78,12,61,55,6,29,23,6
20,000,STATE - JHARKHAND,19,192,1920,Manufacture of refined petroleum products,40,38,2,8,6,2,32,32,0,18,18,0,12,12,0,6,6,0
20,000,STATE - JHARKHAND,20,201,2011,Manufacture of basic chemicals,18,18,0,13,13,0,5,5,0,2,2,0,2,2,0,0,0,0
20,000,STATE - JHARKHAND,20,201,2012,Manufacture of fertilizers and nitrogen compounds,18,18,0,0,0,0,18,18,0,0,0,0,0,0,0,0,0,0
20,000,STATE - JHARKHAND,20,202,2021,Manufacture of pesticides and other agrochemical products,24,24,0,18,18,0,6,6,0,20,12,8,0,0,0,20,12,8
20,000,STATE - JHARKHAND,20,202,2022,"Manufacture of paints, varnishes and similar coatings, printing ink and",62,49,13,32,26,6,30,23,7,49,25,24,47,25,22,2,0,2
20,000,STATE - JHARKHAND,20,202,2023,"Manufacture of soap and detergents, cleaning and polishing preparations,",219,192,27,89,80,9,130,112,18,72,50,22,32,27,5,40,23,17
20,000,STATE - JHARKHAND,20,202,2029,Manufacture of other chemical products n.e.c.,134,125,9,33,29,4,101,96,5,21,6,15,6,6,0,15,0,15
20,000,STATE - JHARKHAND,21,210,2100,"Manufacture of pharmaceuticals, medicinal chemical and botanical",39,32,7,26,19,7,13,13,0,13,13,0,12,12,0,1,1,0
20,000,STATE - JHARKHAND,22,221,2211,Manufacture of rubber tyres and tubes; retreading and rebuilding of,39,39,0,9,9,0,30,30,0,6,0,6,6,0,6,0,0,0
20,000,STATE - JHARKHAND,22,221,2219,Manufacture of other rubber products,30,30,0,12,12,0,18,18,0,6,6,0,0,0,0,6,6,0
20,000,STATE - JHARKHAND,22,222,2220,Manufacture of plastics products,53,45,8,28,27,1,25,18,7,5,3,2,5,3,2,0,0,0
20,000,STATE - JHARKHAND,23,231,2310,Manufacture of glass and glass products,373,257,116,279,177,102,94,80,14,84,24,60,76,21,55,8,3,5
20,000,STATE - JHARKHAND,23,239,2391,Manufacture of refractory products,243,189,54,161,126,35,82,63,19,215,159,56,186,138,48,29,21,8
20,000,STATE - JHARKHAND,23,239,2392,Manufacture of clay building materials,13910,10737,3173,11517,8840,2677,2393,1897,496,21242,14208,7034,18975,12569,6406,2267,1639,628
20,000,STATE - JHARKHAND,23,239,2393,Manufacture of other porcelain and ceramic products,85,66,19,40,30,10,45,36,9,69,42,27,30,20,10,39,22,17
20,000,STATE - JHARKHAND,23,239,2394,"Manufacture of cement, lime and plaster",441,415,26,165,159,6,276,256,20,119,108,11,76,70,6,43,38,5
20,000,STATE - JHARKHAND,23,239,2395,"Manufacture of articles of concrete, cement and plaster",141,117,24,49,33,16,92,84,8,51,42,9,39,30,9,12,12,0
20,000,STATE - JHARKHAND,23,239,2396,"Cutting, shaping and finishing of stone",18,12,6,6,6,0,12,6,6,2,1,1,2,1,1,0,0,0
20,000,STATE - JHARKHAND,23,239,2399,Manufacture of other non-metallic mineral products n.e.c.,156,71,85,94,39,55,62,32,30,72,20,52,32,8,24,40,12,28
20,000,STATE - JHARKHAND,24,241,2410,Manufacture of basic iron and steel,10878,10091,787,2231,2147,84,8647,7944,703,1821,1606,215,807,744,63,1014,862,152
20,000,STATE - JHARKHAND,24,242,2420,Manufacture of basic precious and other non-ferrous metals,228,212,16,69,65,4,159,147,12,34,28,6,19,19,0,15,9,6
20,000,STATE - JHARKHAND,24,243,2431,Casting of iron and steel,10,10,0,7,7,0,3,3,0,8,8,0,8,8,0,0,0,0
20,000,STATE - JHARKHAND,24,243,2432,Casting of non-ferrous metals,2,2,0,2,2,0,0,0,0,0,0,0,0,0,0,0,0,0
20,000,STATE - JHARKHAND,25,251,2511,Manufacture of structural metal products,86,86,0,36,36,0,50,50,0,17,17,0,6,6,0,11,11,0
20,000,STATE - JHARKHAND,25,251,2512,"Manufacture of tanks, reservoirs and containers of metal",59,57,2,32,32,0,27,25,2,8,0,8,0,0,0,8,0,8
20,000,STATE - JHARKHAND,25,251,2513,"Manufacture of steam generators, except central heating hot water",7,7,0,1,1,0,6,6,0,3,3,0,3,3,0,0,0,0
20,000,STATE - JHARKHAND,25,259,2593,"Manufacture of cutlery, hand tools and general hardware",353,341,12,166,156,10,187,185,2,112,102,10,64,54,10,48,48,0
20,000,STATE - JHARKHAND,25,259,2599,Manufacture of other fabricated metal products n.e.c.,235,207,28,82,76,6,153,131,22,43,37,6,28,28,0,15,9,6
20,000,STATE - JHARKHAND,26,261,2610,Manufacture of electronic components,12,9,3,6,6,0,6,3,3,0,0,0,0,0,0,0,0,0
20,000,STATE - JHARKHAND,26,262,2620,Manufacture of computers and peripheral equipment,10,10,0,7,7,0,3,3,0,0,0,0,0,0,0,0,0,0
20,000,STATE - JHARKHAND,26,263,2630,Manufacture of communication equipment,39,39,0,13,13,0,26,26,0,0,0,0,0,0,0,0,0,0
20,000,STATE - JHARKHAND,26,264,2640,Manufacture of consumer electronics,7,7,0,0,0,0,7,7,0,2,2,0,2,2,0,0,0,0
20,000,STATE - JHARKHAND,26,265,2651,"Manufacture of measuring, testing, navigating and control equipment",1,1,0,1,1,0,0,0,0,0,0,0,0,0,0,0,0,0
20,000,STATE - JHARKHAND,26,265,2652,Manufacture of watches and clocks,1,1,0,1,1,0,0,0,0,0,0,0,0,0,0,0,0,0
20,000,STATE - JHARKHAND,27,271,2710,"Manufacture of electric motors, generators, transformers and electricity",379,377,2,190,188,2,189,189,0,133,132,1,109,108,1,24,24,0
20,000,STATE - JHARKHAND,27,272,2720,Manufacture of batteries and accumulators,3,3,0,0,0,0,3,3,0,6,6,0,6,6,0,0,0,0
20,000,STATE - JHARKHAND,27,273,2732,Manufacture of other electronic and electric wires and cables,312,284,28,143,131,12,169,153,16,43,36,7,29,27,2,14,9,5
20,000,STATE - JHARKHAND,27,273,2733,Manufacture of wiring devices,18,18,0,9,9,0,9,9,0,7,4,3,7,4,3,0,0,0
20,000,STATE - JHARKHAND,27,274,2740,Manufacture of electric lighting equipment,6,6,0,6,6,0,0,0,0,0,0,0,0,0,0,0,0,0
20,000,STATE - JHARKHAND,27,275,2750,Manufacture of domestic appliances,27,27,0,15,15,0,12,12,0,2,2,0,2,2,0,0,0,0
20,000,STATE - JHARKHAND,27,279,2790,Manufacture of other electrical equipment,1,1,0,1,1,0,0,0,0,0,0,0,0,0,0,0,0,0
20,000,STATE - JHARKHAND,28,281,2811,"Manufacture of engines and turbines, except aircraft, vehicle and cycle",3,3,0,0,0,0,3,3,0,0,0,0,0,0,0,0,0,0
20,000,STATE - JHARKHAND,28,281,2813,"Manufacture of other pumps, compressors, taps and valves",11,11,0,8,8,0,3,3,0,5,5,0,5,5,0,0,0,0
20,000,STATE - JHARKHAND,28,281,2814,"Manufacture of bearings, gears, gearing and driving elements",3,0,3,0,0,0,3,0,3,0,0,0,0,0,0,0,0,0
20,000,STATE - JHARKHAND,28,281,2815,"Manufacture of ovens, furnaces and furnace burners",2,0,2,2,0,2,0,0,0,2,0,2,2,0,2,0,0,0
20,000,STATE - JHARKHAND,28,281,2816,Manufacture of lifting and handling equipment,10,10,0,6,6,0,4,4,0,0,0,0,0,0,0,0,0,0
20,000,STATE - JHARKHAND,28,281,2817,Manufacture of office machinery and equipment,6,6,0,0,0,0,6,6,0,0,0,0,0,0,0,0,0,0
20,000,STATE - JHARKHAND,28,281,2819,Manufacture of other general-purpose machinery,19,17,2,8,8,0,11,9,2,12,12,0,6,6,0,6,6,0
20,000,STATE - JHARKHAND,28,282,2821,Manufacture of agricultural and forestry machinery,2,2,0,2,2,0,0,0,0,3,3,0,1,1,0,2,2,0
20,000,STATE - JHARKHAND,28,282,2822,Manufacture of metal-forming machinery and machine tools,129,124,5,10,10,0,119,114,5,22,19,3,9,9,0,13,10,3
20,000,STATE - JHARKHAND,28,282,2823,Manufacture of machinery for metallurgy,97,94,3,15,15,0,82,79,3,7,7,0,1,1,0,6,6,0
20,000,STATE - JHARKHAND,28,282,2824,"Manufacture of machinery for mining, quarrying and construction",20,20,0,8,8,0,12,12,0,1,1,0,1,1,0,0,0,0
20,000,STATE - JHARKHAND,28,282,2825,"Manufacture of machinery for food, beverage and tobacco processing",58,52,6,19,15,4,39,37,2,11,11,0,11,11,0,0,0,0
20,000,STATE - JHARKHAND,28,282,2826,"Manufacture of machinery for textile, apparel and leather production",44,32,12,29,23,6,15,9,6,17,15,2,17,15,2,0,0,0
20,000,STATE - JHARKHAND,28,282,2829,Manufacture of other special-purpose machinery,28,28,0,8,8,0,20,20,0,0,0,0,0,0,0,0,0,0
20,000,STATE - JHARKHAND,29,291,2910,Manufacture of motor vehicles,11,9,2,3,1,2,8,8,0,0,0,0,0,0,0,0,0,0
20,000,STATE - JHARKHAND,29,292,2920,Manufacture of bodies (coachwork) for motor vehicles; manufacture of trailers and semi-trailers,336,304,32,17,17,0,319,287,32,16,16,0,1,1,0,15,15,0
20,000,STATE - JHARKHAND,29,293,2930,Manufacture of parts and accessories for motor vehicles,12,12,0,6,6,0,6,6,0,7,7,0,7,7,0,0,0,0
20,000,STATE - JHARKHAND,30,301,3011,Building of ships and floating structures,7,7,0,7,7,0,0,0,0,7,7,0,7,7,0,0,0,0
20,000,STATE - JHARKHAND,30,302,3020,Manufacture of railway locomotives and rolling stock,118,118,0,56,56,0,62,62,0,12,12,0,12,12,0,0,0,0
20,000,STATE - JHARKHAND,30,309,3091,Manufacture of motorcycles,1,1,0,1,1,0,0,0,0,0,0,0,0,0,0,0,0,0
20,000,STATE - JHARKHAND,30,309,3092,Manufacture of bicycles and invalid carriages,12,12,0,9,9,0,3,3,0,0,0,0,0,0,0,0,0,0
20,000,STATE - JHARKHAND,30,309,3099,Manufacture of other transport equipment n.e.c.,385,372,13,224,219,5,161,153,8,286,260,26,184,173,11,102,87,15
20,000,STATE - JHARKHAND,31,310,3100,Manufacture of furniture,590,583,7,316,316,0,274,267,7,284,252,32,223,191,32,61,61,0
20,000,STATE - JHARKHAND,32,321,3211,Manufacture of jewellery and related articles,33,31,2,14,14,0,19,17,2,5,5,0,3,3,0,2,2,0
20,000,STATE - JHARKHAND,32,321,3212,Manufacture of imitation jewellery and related articles,3,0,3,0,0,0,3,0,3,0,0,0,0,0,0,0,0,0
20,000,STATE - JHARKHAND,32,322,3220,Manufacture of musical instruments,185,153,32,173,141,32,12,12,0,68,53,15,68,53,15,0,0,0
20,000,STATE - JHARKHAND,32,324,3240,Manufacture of games and toys,15,11,4,8,6,2,7,5,2,41,20,21,26,14,12,15,6,9
20,000,STATE - JHARKHAND,32,325,3250,Manufacture of medical and dental instruments and supplies,12,12,0,0,0,0,12,12,0,12,12,0,0,0,0,12,12,0
20,000,STATE - JHARKHAND,32,329,3290,Other manufacturing n.e.c.,6071,5705,366,3031,2890,141,3040,2815,225,2023,1887,136,1412,1345,67,611,542,69
20,000,STATE - JHARKHAND,33,331,3311,Repair of fabricated metal products,103,103,0,59,59,0,44,44,0,56,56,0,43,43,0,13,13,0
20,000,STATE - JHARKHAND,33,331,3312,Repair of machinery,97,97,0,37,37,0,60,60,0,44,43,1,29,28,1,15,15,0
20,000,STATE - JHARKHAND,33,331,3313,Repair of electronic and optical equipment,15,15,0,6,6,0,9,9,0,1,0,1,1,0,1,0,0,0
20,000,STATE - JHARKHAND,33,331,3314,Repair of electrical equipment,518,499,19,162,155,7,356,344,12,136,132,4,47,43,4,89,89,0
20,000,STATE - JHARKHAND,33,331,3315,"Repair of transport equipment, except motor vehicles",51,45,6,30,30,0,21,15,6,9,9,0,9,9,0,0,0,0
20,000,STATE - JHARKHAND,33,331,3319,Repair of other equipment,146,144,2,75,75,0,71,69,2,23,23,0,12,12,0,11,11,0
20,000,STATE - JHARKHAND,35,351,3510,"Electric power generation, transmission and distribution",2191,2039,152,678,645,33,1513,1394,119,350,324,26,199,194,5,151,130,21
20,000,STATE - JHARKHAND,35,352,3520,Manufacture of gas; distribution of gaseous fuels through mains,129,127,2,40,40,0,89,87,2,23,23,0,5,5,0,18,18,0
20,000,STATE - JHARKHAND,35,353,3530,Steam and air conditioning supply,6,6,0,4,4,0,2,2,0,0,0,0,0,0,0,0,0,0
20,000,STATE - JHARKHAND,36,360,3600,"Water collection, treatment and supply",719,643,76,326,301,25,393,342,51,43,37,6,18,18,0,25,19,6
20,000,STATE - JHARKHAND,38,381,3811,Collection of non-hazardous waste,726,503,223,92,78,14,634,425,209,393,185,208,124,66,58,269,119,150
20,000,STATE - JHARKHAND,38,381,3812,Collection of hazardous waste,133,104,29,23,21,2,110,83,27,96,71,25,50,45,5,46,26,20
20,000,STATE - JHARKHAND,38,382,3822,Treatment and disposal of hazardous waste,0,0,0,0,0,0,0,0,0,7,7,0,7,7,0,0,0,0
20,000,STATE - JHARKHAND,39,390,3900,Remediation activities and other waste management services,11,10,1,5,4,1,6,6,0,11,8,3,2,2,0,9,6,3
20,000,STATE - JHARKHAND,41,410,4100,Construction of buildings,57656,51222,6434,33321,30264,3057,24335,20958,3377,43312,35353,7959,30197,24785,5412,13115,10568,2547
20,000,STATE - JHARKHAND,42,421,4210,Construction roads and railways,6959,6099,860,5317,4619,698,1642,1480,162,10638,8495,2143,9340,7404,1936,1298,1091,207
20,000,STATE - JHARKHAND,42,422,4220,Construction of utility projects,545,508,37,390,359,31,155,149,6,746,586,160,660,517,143,86,69,17
20,000,STATE - JHARKHAND,42,429,4290,Construction of other civil engineering projects,18427,16088,2339,10902,9552,1350,7525,6536,989,19420,14706,4714,14862,11054,3808,4558,3652,906
20,000,STATE - JHARKHAND,43,431,4311,Demolition,135,133,2,117,115,2,18,18,0,33,31,2,33,31,2,0,0,0
20,000,STATE - JHARKHAND,43,431,4312,Site preparation,166,166,0,127,127,0,39,39,0,72,67,5,55,53,2,17,14,3
20,000,STATE - JHARKHAND,43,432,4321,Electrical installation,430,428,2,123,123,0,307,305,2,181,181,0,69,69,0,112,112,0
20,000,STATE - JHARKHAND,43,432,4322,"Plumbing, heat and air-conditioning installation",249,249,0,90,90,0,159,159,0,123,121,2,75,73,2,48,48,0
20,000,STATE - JHARKHAND,43,432,4329,Other construction installation,10,10,0,1,1,0,9,9,0,5,5,0,2,2,0,3,3,0
20,000,STATE - JHARKHAND,43,433,4330,Building completion and finishing,1290,1267,23,586,580,6,704,687,17,605,584,21,348,335,13,257,249,8
20,000,STATE - JHARKHAND,43,439,4390,Other specialized construction activities,17,17,0,14,14,0,3,3,0,3,3,0,1,1,0,2,2,0
20,000,STATE - JHARKHAND,45,451,4510,Sale of motor vehicles,81,79,2,2,2,0,79,77,2,3,1,2,1,1,0,2,0,2
20,000,STATE - JHARKHAND,45,452,4520,Maintenance and repair of motor vehicles,850,831,19,261,255,6,589,576,13,163,162,1,74,73,1,89,89,0
20,000,STATE - JHARKHAND,45,453,4530,Sale of motor vehicle parts and accessories,108,108,0,35,35,0,73,73,0,17,17,0,8,8,0,9,9,0
20,000,STATE - JHARKHAND,45,454,4540,"Sale, maintenance and repair of motorcycles and related parts and",468,451,17,142,142,0,326,309,17,82,82,0,23,23,0,59,59,0
20,000,STATE - JHARKHAND,46,461,4610,Wholesale on a fee or contract basis,197,189,8,109,106,3,88,83,5,84,72,12,76,66,10,8,6,2
20,000,STATE - JHARKHAND,46,462,4620,Wholesale of agricultural raw materials and live animals,264,252,12,210,200,10,54,52,2,180,122,58,156,98,58,24,24,0
20,000,STATE - JHARKHAND,46,463,4630,"Wholesale of food, beverages and tobacco",172,141,31,91,70,21,81,71,10,55,37,18,34,24,10,21,13,8
20,000,STATE - JHARKHAND,46,464,4641,"Wholesale of textiles, clothing and footwear",15,15,0,0,0,0,15,15,0,27,27,0,12,12,0,15,15,0
20,000,STATE - JHARKHAND,46,464,4649,Wholesale of other household goods,78,74,4,34,33,1,44,41,3,21,21,0,11,11,0,10,10,0
20,000,STATE - JHARKHAND,46,465,4652,Wholesale of electronic and telecommunications equipment and parts,19,19,0,6,6,0,13,13,0,0,0,0,0,0,0,0,0,0
20,000,STATE - JHARKHAND,46,465,4653,"Wholesale of agricultural machinery, equipment and supplies",6,6,0,0,0,0,6,6,0,0,0,0,0,0,0,0,0,0
20,000,STATE - JHARKHAND,46,465,4659,Wholesale of other machinery and equipment,23,14,9,9,3,6,14,11,3,9,9,0,6,6,0,3,3,0
20,000,STATE - JHARKHAND,46,466,4662,Wholesale of metals and metal ores,1,1,0,1,1,0,0,0,0,0,0,0,0,0,0,0,0,0
20,000,STATE - JHARKHAND,46,466,4663,"Wholesale of construction materials, hardware, plumbing and heating",38,38,0,16,16,0,22,22,0,6,6,0,1,1,0,5,5,0
20,000,STATE - JHARKHAND,46,466,4669,Wholesale of waste and scrap and other products n.e.c.,114,87,27,54,32,22,60,55,5,75,40,35,26,14,12,49,26,23
20,000,STATE - JHARKHAND,46,469,4690,Non-specialized wholesale trade,23,23,0,15,15,0,8,8,0,15,9,6,9,3,6,6,6,0
20,000,STATE - JHARKHAND,47,471,4711,"Retail sale in non-specialized stores with food, beverages or tobacco",53,53,0,14,14,0,39,39,0,17,17,0,14,14,0,3,3,0
20,000,STATE - JHARKHAND,47,471,4719,Other retail sale in non-specialized stores,18,17,1,9,8,1,9,9,0,10,7,3,8,7,1,2,0,2
20,000,STATE - JHARKHAND,47,472,4721,Retail sale of food in specialized stores,8266,7303,963,4415,3851,564,3851,3452,399,2107,1675,432,1301,1019,282,806,656,150
20,000,STATE - JHARKHAND,47,472,4722,Retail sale of beverages in specialized stores,248,216,32,179,154,25,69,62,7,209,180,29,149,132,17,60,48,12
20,000,STATE - JHARKHAND,47,472,4723,Retail sale of tobacco products in specialized stores,871,844,27,249,241,8,622,603,19,135,108,27,91,65,26,44,43,1
20,000,STATE - JHARKHAND,47,473,4730,Retail sale of automotive fuel in specialized stores,237,232,5,83,83,0,154,149,5,34,32,2,17,17,0,17,15,2
20,000,STATE - JHARKHAND,47,474,4741,"Retail sale of computers, peripheral units, software and",226,224,2,60,60,0,166,164,2,42,36,6,14,8,6,28,28,0
20,000,STATE - JHARKHAND,47,474,4742,Retail sale of audio and video equipment in specialized stores,40,40,0,7,7,0,33,33,0,0,0,0,0,0,0,0,0,0
20,000,STATE - JHARKHAND,47,475,4751,Retail sale of textiles in specialized stores,14,14,0,3,3,0,11,11,0,6,6,0,6,6,0,0,0,0
20,000,STATE - JHARKHAND,47,475,4752,"Retail sale of hardware, paints and glass in specialized stores",863,665,198,515,340,175,348,325,23,701,378,323,604,308,296,97,70,27
20,000,STATE - JHARKHAND,47,475,4759,"Retail sale of electrical household appliances, furniture, lighting",501,483,18,141,138,3,360,345,15,117,99,18,72,56,16,45,43,2
20,000,STATE - JHARKHAND,47,476,4761,"Retail sale of books, newspapers and stationary in specialized stores",502,493,9,227,222,5,275,271,4,129,125,4,58,57,1,71,68,3
20,000,STATE - JHARKHAND,47,476,4762,Retail sale of music and video recordings in specialized stores,3,3,0,0,0,0,3,3,0,7,7,0,7,7,0,0,0,0
20,000,STATE - JHARKHAND,47,476,4763,Retail sale of sporting equipment in specialized stores,3,3,0,0,0,0,3,3,0,0,0,0,0,0,0,0,0,0
20,000,STATE - JHARKHAND,47,476,4764,Retail sale of games and toys in specialized stores,17,17,0,2,2,0,15,15,0,11,11,0,5,5,0,6,6,0
20,000,STATE - JHARKHAND,47,477,4771,"Retail sale of clothing, footwear and leather articles in specialized",2208,2137,71,786,758,28,1422,1379,43,366,351,15,190,180,10,176,171,5
20,000,STATE - JHARKHAND,47,477,4772,"Retail sale of pharmaceutical and medical goods, cosmetic and toilet",607,556,51,224,196,28,383,360,23,157,148,9,84,75,9,73,73,0
20,000,STATE - JHARKHAND,47,477,4773,Other retail sale of new goods in specialized stores,2122,1591,531,1171,803,368,951,788,163,1553,782,771,1200,531,669,353,251,102
20,000,STATE - JHARKHAND,47,477,4774,Retail sale of second-hand goods,6,6,0,6,6,0,0,0,0,0,0,0,0,0,0,0,0,0
20,000,STATE - JHARKHAND,47,478,4781,"Retail sale via stalls and markets of food, beverages and tobacco",103,90,13,54,43,11,49,47,2,42,34,8,28,22,6,14,12,2
20,000,STATE - JHARKHAND,47,478,4782,"Retail sale via stalls and markets of textiles, clothing and footwear",118,107,11,42,41,1,76,66,10,21,21,0,17,17,0,4,4,0
20,000,STATE - JHARKHAND,47,478,4789,Retail sale via stalls and markets of other goods,1040,882,158,442,356,86,598,526,72,559,374,185,376,221,155,183,153,30
20,000,STATE - JHARKHAND,47,479,4791,Retail sale via mail order houses or via Internet,109,95,14,47,38,9,62,57,5,41,27,14,27,15,12,14,12,2
20,000,STATE - JHARKHAND,47,479,4799,"Other retail sale not in stores, stalls or markets",1589,1416,173,755,653,102,834,763,71,795,506,289,616,381,235,179,125,54
20,000,STATE - JHARKHAND,49,491,4911,Passenger rail transport,2535,2230,305,655,584,71,1880,1646,234,197,161,36,140,114,26,57,47,10
20,000,STATE - JHARKHAND,49,491,4912,Freight rail transport,1019,884,135,215,199,16,804,685,119,77,64,13,26,25,1,51,39,12
20,000,STATE - JHARKHAND,49,492,4921,Urban or suburban passenger land transport,3465,3407,58,1504,1494,10,1961,1913,48,891,863,28,520,498,22,371,365,6
20,000,STATE - JHARKHAND,49,492,4922,Other passenger land transport,9024,8911,113,4368,4320,48,4656,4591,65,2503,2457,46,1576,1550,26,927,907,20
20,000,STATE - JHARKHAND,49,492,4923,Freight transport by road,12027,11572,455,6756,6601,155,5271,4971,300,4857,4534,323,3143,2946,197,1714,1588,126
20,000,STATE - JHARKHAND,50,501,5011,Sea and coastal passenger water transport,13,13,0,6,6,0,7,7,0,19,19,0,11,11,0,8,8,0
20,000,STATE - JHARKHAND,50,501,5012,Sea and coastal freight water transport,0,0,0,0,0,0,0,0,0,2,2,0,2,2,0,0,0,0
20,000,STATE - JHARKHAND,50,502,5021,Inland passenger water transport,9,6,3,6,6,0,3,0,3,30,24,6,27,21,6,3,3,0
20,000,STATE - JHARKHAND,50,502,5022,Inland freight water transport,6,6,0,0,0,0,6,6,0,0,0,0,0,0,0,0,0,0
20,000,STATE - JHARKHAND,51,511,5110,Passenger air transport,9,9,0,6,6,0,3,3,0,5,5,0,0,0,0,5,5,0
20,000,STATE - JHARKHAND,51,512,5120,Freight air transport,19,19,0,4,4,0,15,15,0,0,0,0,0,0,0,0,0,0
20,000,STATE - JHARKHAND,52,521,5210,Warehousing and storage,979,910,69,430,388,42,549,522,27,391,372,19,212,198,14,179,174,5
20,000,STATE - JHARKHAND,52,522,5221,Service activities incidental to land transportation,11547,10483,1064,4436,4147,289,7111,6336,775,5913,5164,749,2895,2615,280,3018,2549,469
20,000,STATE - JHARKHAND,52,522,5222,Service activities incidental to water transportation,2,0,2,0,0,0,2,0,2,1,1,0,1,1,0,0,0,0
20,000,STATE - JHARKHAND,52,522,5223,Service activities incidental to air transportation,25,25,0,20,20,0,5,5,0,3,3,0,0,0,0,3,3,0
20,000,STATE - JHARKHAND,52,522,5224,Cargo handling,2,2,0,2,2,0,0,0,0,0,0,0,0,0,0,0,0,0
20,000,STATE - JHARKHAND,52,522,5229,Other transportation support activities,54,52,2,30,28,2,24,24,0,12,12,0,9,9,0,3,3,0
20,000,STATE - JHARKHAND,53,531,5310,Postal activities,615,593,22,346,328,18,269,265,4,24,22,2,18,16,2,6,6,0
20,000,STATE - JHARKHAND,53,532,5320,Courier activities,26,26,0,6,6,0,20,20,0,3,3,0,0,0,0,3,3,0
20,000,STATE - JHARKHAND,55,551,5510,Short term accommodation activities,2940,2756,184,1708,1627,81,1232,1129,103,955,865,90,719,659,60,236,206,30
20,000,STATE - JHARKHAND,55,559,5590,Other accommodation,62,47,15,23,18,5,39,29,10,30,24,6,9,3,6,21,21,0
20,000,STATE - JHARKHAND,56,561,5610,Restaurants and mobile food service activities,21,21,0,8,8,0,13,13,0,5,4,1,5,4,1,0,0,0
20,000,STATE - JHARKHAND,56,562,5621,Event catering,454,365,89,233,192,41,221,173,48,260,226,34,146,141,5,114,85,29
20,000,STATE - JHARKHAND,56,562,5629,Other food service activities,38,31,7,12,10,2,26,21,5,28,28,0,11,11,0,17,17,0
20,000,STATE - JHARKHAND,56,563,5630,Beverage serving activities,643,606,37,254,251,3,389,355,34,107,103,4,54,52,2,53,51,2
20,000,STATE - JHARKHAND,58,581,5811,Book publishing,9,9,0,7,7,0,2,2,0,0,0,0,0,0,0,0,0,0
20,000,STATE - JHARKHAND,58,581,5813,"Publishing of newspapers, journals and periodicals",74,74,0,25,25,0,49,49,0,17,17,0,8,8,0,9,9,0
20,000,STATE - JHARKHAND,58,581,5819,Other publishing activities,3,3,0,0,0,0,3,3,0,0,0,0,0,0,0,0,0,0
20,000,STATE - JHARKHAND,58,582,5820,Software publishing,12,12,0,0,0,0,12,12,0,0,0,0,0,0,0,0,0,0
20,000,STATE - JHARKHAND,59,591,5911,"Motion picture, video and television programme production activities",9,9,0,9,9,0,0,0,0,1,1,0,1,1,0,0,0,0
20,000,STATE - JHARKHAND,59,591,5912,"Motion picture, video and television programme post-production",6,6,0,3,3,0,3,3,0,0,0,0,0,0,0,0,0,0
20,000,STATE - JHARKHAND,59,591,5913,"Motion picture, video and television programme distribution activities",24,24,0,8,8,0,16,16,0,6,6,0,6,6,0,0,0,0
20,000,STATE - JHARKHAND,59,591,5914,Motion picture projection activities,28,28,0,3,3,0,25,25,0,8,8,0,8,8,0,0,0,0
20,000,STATE - JHARKHAND,59,592,5920,Sound recording and music publishing activitiesT,26,26,0,9,9,0,17,17,0,34,34,0,31,31,0,3,3,0
20,000,STATE - JHARKHAND,60,601,6010,Radio broadcasting,25,22,3,10,10,0,15,12,3,0,0,0,0,0,0,0,0,0
20,000,STATE - JHARKHAND,60,602,6020,Television programming and broadcasting activities,77,75,2,17,17,0,60,58,2,6,6,0,1,1,0,5,5,0
20,000,STATE - JHARKHAND,61,611,6110,Wired telecommunications activities,199,195,4,36,36,0,163,159,4,24,24,0,0,0,0,24,24,0
20,000,STATE - JHARKHAND,61,612,6120,Wireless telecommunications activities,53,45,8,28,28,0,25,17,8,0,0,0,0,0,0,0,0,0
20,000,STATE - JHARKHAND,61,613,6130,Satellite telecommunications activities,12,12,0,6,6,0,6,6,0,6,6,0,6,6,0,0,0,0
20,000,STATE - JHARKHAND,61,619,6190,Other telecommunications activities,338,301,37,81,68,13,257,233,24,5,5,0,1,1,0,4,4,0
20,000,STATE - JHARKHAND,62,620,6201,Computer programming activities,9,6,3,0,0,0,9,6,3,0,0,0,0,0,0,0,0,0
20,000,STATE - JHARKHAND,62,620,6202,Computer consultancy and computer facilities management activities,32,26,6,8,8,0,24,18,6,3,0,3,0,0,0,3,0,3
20,000,STATE - JHARKHAND,62,620,6209,Other information technology and computer service activities,83,74,9,22,22,0,61,52,9,18,16,2,1,1,0,17,15,2
20,000,STATE - JHARKHAND,63,631,6311,"Data processing, hosting and related activities",68,56,12,27,26,1,41,30,11,10,7,3,0,0,0,10,7,3
20,000,STATE - JHARKHAND,63,639,6391,News agency activities,30,30,0,6,6,0,24,24,0,3,3,0,0,0,0,3,3,0
20,000,STATE - JHARKHAND,63,639,6399,Other information service activities n.e.c.,228,213,15,59,55,4,169,158,11,24,24,0,8,8,0,16,16,0
20,000,STATE - JHARKHAND,64,641,6411,Central banking,1024,946,78,348,337,11,676,609,67,32,32,0,8,8,0,24,24,0
20,000,STATE - JHARKHAND,64,641,6419,Other monetary intermediation,1239,1153,86,420,404,16,819,749,70,49,40,9,16,16,0,33,24,9
20,000,STATE - JHARKHAND,64,642,6420,Activities of holding companies,8,8,0,0,0,0,8,8,0,0,0,0,0,0,0,0,0,0
20,000,STATE - JHARKHAND,64,643,6430,"Trusts, funds and other financial vehicles",9,9,0,0,0,0,9,9,0,0,0,0,0,0,0,0,0,0
20,000,STATE - JHARKHAND,64,649,6499,"Other financial service activities, except insurance and pension funding",1,1,0,0,0,0,1,1,0,0,0,0,0,0,0,0,0,0
20,000,STATE - JHARKHAND,65,651,6511,Life insurance,1123,1079,44,309,304,5,814,775,39,122,122,0,50,50,0,72,72,0
20,000,STATE - JHARKHAND,65,651,6512,Non-life insurance,121,116,5,44,44,0,77,72,5,9,9,0,0,0,0,9,9,0
20,000,STATE - JHARKHAND,65,653,6530,Pension funding,14,13,1,5,4,1,9,9,0,4,2,2,4,2,2,0,0,0
20,000,STATE - JHARKHAND,66,661,6611,Administration of financial markets,2,2,0,0,0,0,2,2,0,6,6,0,6,6,0,0,0,0
20,000,STATE - JHARKHAND,66,662,6621,Risk and damage evaluation,2,2,0,0,0,0,2,2,0,0,0,0,0,0,0,0,0,0
20,000,STATE - JHARKHAND,66,662,6622,Activities of insurance agents and brokers,61,52,9,20,20,0,41,32,9,2,2,0,0,0,0,2,2,0
20,000,STATE - JHARKHAND,66,662,6629,Other activities auxiliary to insurance and pension funding,32,26,6,2,2,0,30,24,6,0,0,0,0,0,0,0,0,0
20,000,STATE - JHARKHAND,66,663,6630,Fund management activities,55,47,8,8,8,0,47,39,8,8,8,0,2,2,0,6,6,0
20,000,STATE - JHARKHAND,68,681,6810,Real estate activities with own or leased property,71,69,2,11,9,2,60,60,0,25,18,7,16,15,1,9,3,6
20,000,STATE - JHARKHAND,68,682,6820,Real estate activities on a fee or contract basis,58,56,2,27,27,0,31,29,2,7,7,0,7,7,0,0,0,0
20,000,STATE - JHARKHAND,69,691,6910,Legal activities,904,828,76,242,224,18,662,604,58,38,32,6,8,8,0,30,24,6
20,000,STATE - JHARKHAND,69,692,6920,"Accounting, bookkeeping and auditing activities; tax consultancy",366,340,26,120,119,1,246,221,25,20,19,1,5,5,0,15,14,1
20,000,STATE - JHARKHAND,70,701,7010,Activities of head offices,9,9,0,0,0,0,9,9,0,0,0,0,0,0,0,0,0,0
20,000,STATE - JHARKHAND,70,702,7020,Management consultancy activities,4,4,0,1,1,0,3,3,0,0,0,0,0,0,0,0,0,0
20,000,STATE - JHARKHAND,71,711,7110,Architectural and engineering activities and related technical,334,315,19,80,74,6,254,241,13,16,16,0,8,8,0,8,8,0
20,000,STATE - JHARKHAND,71,712,7120,Technical testing and analysis,16,16,0,2,2,0,14,14,0,0,0,0,0,0,0,0,0,0
20,000,STATE - JHARKHAND,72,721,7210,Research and experimental development on natural sciences and,9,8,1,4,3,1,5,5,0,0,0,0,0,0,0,0,0,0
20,000,STATE - JHARKHAND,72,722,7220,Research and experimental development on social sciences and,22,18,4,3,1,2,19,17,2,7,7,0,7,7,0,0,0,0
20,000,STATE - JHARKHAND,73,731,7310,Advertising,16,16,0,1,1,0,15,15,0,0,0,0,0,0,0,0,0,0
20,000,STATE - JHARKHAND,73,732,7320,Market research and public opinion polling,41,41,0,14,14,0,27,27,0,2,0,2,0,0,0,2,0,2
20,000,STATE - JHARKHAND,74,741,7410,Specialized design activities,101,98,3,26,26,0,75,72,3,35,33,2,20,20,0,15,13,2
20,000,STATE - JHARKHAND,74,742,7420,Photographic activities,195,186,9,33,33,0,162,153,9,50,50,0,25,25,0,25,25,0
20,000,STATE - JHARKHAND,74,749,7490,"Other professional, scientific and technical activities n.e.c.",65,63,2,12,12,0,53,51,2,1,1,0,1,1,0,0,0,0
20,000,STATE - JHARKHAND,75,750,7500,Veterinary activities,173,155,18,97,91,6,76,64,12,8,8,0,2,2,0,6,6,0
20,000,STATE - JHARKHAND,77,771,7710,Renting and leasing of motor vehicles,8,7,1,2,1,1,6,6,0,0,0,0,0,0,0,0,0,0
20,000,STATE - JHARKHAND,77,772,7729,Renting and leasing of other personal and household goods n.e.c.,410,398,12,179,177,2,231,221,10,298,293,5,156,156,0,142,137,5
20,000,STATE - JHARKHAND,77,773,7730,"Renting and leasing of other machinery, equipment and tangible goods",3,3,0,0,0,0,3,3,0,0,0,0,0,0,0,0,0,0
20,000,STATE - JHARKHAND,78,781,7810,Activities of employment placement agencies,46,45,1,25,24,1,21,21,0,3,1,2,3,1,2,0,0,0
20,000,STATE - JHARKHAND,78,782,7820,Temporary employment agency activities,31,29,2,25,23,2,6,6,0,1,1,0,1,1,0,0,0,0
20,000,STATE - JHARKHAND,78,783,7830,Human resources provision and management of human resources,6,6,0,0,0,0,6,6,0,0,0,0,0,0,0,0,0,0
20,000,STATE - JHARKHAND,79,791,7911,Travel agency activities,4,4,0,4,4,0,0,0,0,0,0,0,0,0,0,0,0,0
20,000,STATE - JHARKHAND,79,791,7912,Tour operator activities,13,13,0,7,7,0,6,6,0,0,0,0,0,0,0,0,0,0
20,000,STATE - JHARKHAND,80,801,8010,Private security activities,752,723,29,407,395,12,345,328,17,64,62,2,43,41,2,21,21,0
20,000,STATE - JHARKHAND,80,802,8020,Security systems service activities,6535,6221,314,4424,4287,137,2111,1934,177,202,187,15,166,158,8,36,29,7
20,000,STATE - JHARKHAND,80,803,8030,Investigation activities,74,74,0,30,30,0,44,44,0,2,2,0,2,2,0,0,0,0
20,000,STATE - JHARKHAND,81,811,8110,Combined facilities support activities,42,32,10,25,25,0,17,7,10,0,0,0,0,0,0,0,0,0
20,000,STATE - JHARKHAND,81,812,8121,General cleaning of buildings,75,52,23,38,24,14,37,28,9,13,9,4,8,6,2,5,3,2
20,000,STATE - JHARKHAND,81,812,8129,Other building and industrial cleaning activities,1068,933,135,530,487,43,538,446,92,156,120,36,27,15,12,129,105,24
20,000,STATE - JHARKHAND,81,813,8130,Landscape care and maintenance service activities,94,78,16,13,13,0,81,65,16,12,12,0,1,1,0,11,11,0
20,000,STATE - JHARKHAND,82,821,8211,Combined office administrative service activities,118,112,6,30,24,6,88,88,0,1,1,0,1,1,0,0,0,0
20,000,STATE - JHARKHAND,82,821,8219,"Photocopying, document preparation and other specialized office",2797,2530,267,1072,968,104,1725,1562,163,190,163,27,100,94,6,90,69,21
20,000,STATE - JHARKHAND,82,822,8220,Activities of call centres,26,23,3,0,0,0,26,23,3,0,0,0,0,0,0,0,0,0
20,000,STATE - JHARKHAND,82,823,8230,Organization of conventions and trade shows,18,15,3,1,1,0,17,14,3,0,0,0,0,0,0,0,0,0
20,000,STATE - JHARKHAND,82,829,8291,Activities of collection agencies and credit bureaus,7,7,0,1,1,0,6,6,0,0,0,0,0,0,0,0,0,0
20,000,STATE - JHARKHAND,82,829,8292,Packaging activities,10,7,3,1,1,0,9,6,3,13,13,0,13,13,0,0,0,0
20,000,STATE - JHARKHAND,82,829,8299,Other business support service activities n.e.c.,83,68,15,27,20,7,56,48,8,5,5,0,3,3,0,2,2,0
20,000,STATE - JHARKHAND,84,841,8411,General public administration activities,7774,6304,1470,3267,2649,618,4507,3655,852,1368,881,487,492,224,268,876,657,219
20,000,STATE - JHARKHAND,84,841,8412,"Regulation of the activities of providing health care, education, cultural",44,41,3,26,23,3,18,18,0,19,17,2,12,12,0,7,5,2
20,000,STATE - JHARKHAND,84,842,8421,Foreign affairs,7,6,1,6,6,0,1,0,1,4,3,1,1,0,1,3,3,0
20,000,STATE - JHARKHAND,84,842,8422,Defence activities,1696,1627,69,716,704,12,980,923,57,44,44,0,12,12,0,32,32,0
20,000,STATE - JHARKHAND,84,842,8423,Public order and safety activities,28,26,2,17,15,2,11,11,0,1,1,0,1,1,0,0,0,0
20,000,STATE - JHARKHAND,84,843,8430,Compulsory social security activities,109,103,6,67,61,6,42,42,0,5,4,1,5,4,1,0,0,0
20,000,STATE - JHARKHAND,85,851,8510,Primary education,6785,5371,1414,4859,4019,840,1926,1352,574,307,216,91,203,153,50,104,63,41
20,000,STATE - JHARKHAND,85,852,8521,General secondary education,3564,2754,810,2528,2027,501,1036,727,309,155,113,42,101,77,24,54,36,18
20,000,STATE - JHARKHAND,85,852,8522,Technical and vocational secondary education,7,7,0,1,1,0,6,6,0,0,0,0,0,0,0,0,0,0
20,000,STATE - JHARKHAND,85,853,8530,Higher education,599,518,81,192,172,20,407,346,61,25,25,0,10,10,0,15,15,0
20,000,STATE - JHARKHAND,85,854,8541,Sports and recreation education,6,6,0,1,1,0,5,5,0,0,0,0,0,0,0,0,0,0
20,000,STATE - JHARKHAND,85,854,8542,Cultural education,9,3,6,6,0,6,3,3,0,0,0,0,0,0,0,0,0,0
20,000,STATE - JHARKHAND,85,854,8549,Other education n.e.c.,1995,1445,550,1078,736,342,917,709,208,782,622,160,479,375,104,303,247,56
20,000,STATE - JHARKHAND,85,855,8550,Educational support services,5205,2532,2673,3221,1383,1838,1984,1149,835,507,215,292,315,113,202,192,102,90
20,000,STATE - JHARKHAND,86,861,8610,Hospital activities,2052,1397,655,535,393,142,1517,1004,513,144,103,41,55,41,14,89,62,27
20,000,STATE - JHARKHAND,86,862,8620,Medical and dental practice activities,451,411,40,199,188,11,252,223,29,50,47,3,38,38,0,12,9,3
20,000,STATE - JHARKHAND,86,869,8690,Other human health activities,4292,1051,3241,2733,397,2336,1559,654,905,457,63,394,347,20,327,110,43,67
20,000,STATE - JHARKHAND,87,872,8720,"Residential care activities for mental retardation, mental health and",11,9,2,0,0,0,11,9,2,0,0,0,0,0,0,0,0,0
20,000,STATE - JHARKHAND,87,873,8730,Residential care activities for the elderly and disabled,2,0,2,0,0,0,2,0,2,0,0,0,0,0,0,0,0,0
20,000,STATE - JHARKHAND,87,879,8790,Other residential care activities n.e.c.,1,1,0,1,1,0,0,0,0,0,0,0,0,0,0,0,0,0
20,000,STATE - JHARKHAND,88,881,8810,Social work activities without accommodation for the elderly and,306,79,227,183,27,156,123,52,71,25,7,18,20,7,13,5,0,5
20,000,STATE - JHARKHAND,88,889,8890,Other social work activities without accommodation n.e.c.,2403,235,2168,1832,132,1700,571,103,468,182,69,113,150,60,90,32,9,23
20,000,STATE - JHARKHAND,90,900,9000,"Dramatic arts, music and other arts activities",1391,1358,33,646,630,16,745,728,17,1388,1348,40,1053,1037,16,335,311,24
20,000,STATE - JHARKHAND,91,910,9101,Library and archives activities,4,4,0,1,1,0,3,3,0,0,0,0,0,0,0,0,0,0
20,000,STATE - JHARKHAND,91,910,9102,Museums activities and operation of historical sites and buildings,3,3,0,0,0,0,3,3,0,9,9,0,3,3,0,6,6,0
20,000,STATE - JHARKHAND,91,910,9103,Botanical and zoological gardens and nature reserves activities,18,18,0,18,18,0,0,0,0,0,0,0,0,0,0,0,0,0
20,000,STATE - JHARKHAND,93,931,9312,Activities of sports clubs,12,6,6,0,0,0,12,6,6,0,0,0,0,0,0,0,0,0
20,000,STATE - JHARKHAND,93,931,9319,Other sports activities,12,12,0,1,1,0,11,11,0,7,7,0,1,1,0,6,6,0
20,000,STATE - JHARKHAND,93,932,9321,Activities of amusement parks and theme parks,14,9,5,6,6,0,8,3,5,0,0,0,0,0,0,0,0,0
20,000,STATE - JHARKHAND,93,932,9329,Other amusement and recreation activities n.e.c.,70,64,6,50,50,0,20,14,6,85,85,0,79,79,0,6,6,0
20,000,STATE - JHARKHAND,94,941,9411,Activities of business and employers membership organizations,21,18,3,10,10,0,11,8,3,1,0,1,1,0,1,0,0,0
20,000,STATE - JHARKHAND,94,941,9412,Activities of professional membership organizations,8,8,0,6,6,0,2,2,0,0,0,0,0,0,0,0,0,0
20,000,STATE - JHARKHAND,94,942,9420,Activities of trade unions,21,17,4,15,14,1,6,3,3,0,0,0,0,0,0,0,0,0
20,000,STATE - JHARKHAND,94,949,9491,Activities of religious organizations,71,42,29,29,12,17,42,30,12,31,19,12,26,14,12,5,5,0
20,000,STATE - JHARKHAND,94,949,9492,Activities of political organizations,218,164,54,137,91,46,81,73,8,41,35,6,26,20,6,15,15,0
20,000,STATE - JHARKHAND,94,949,9499,Activities of other membership organizations n.e.c.,45,39,6,12,12,0,33,27,6,6,2,4,4,2,2,2,0,2
20,000,STATE - JHARKHAND,95,951,9511,Repair of computers and peripheral equipment,80,74,6,29,23,6,51,51,0,11,11,0,2,2,0,9,9,0
20,000,STATE - JHARKHAND,95,951,9512,Repair of communication equipment,54,54,0,14,14,0,40,40,0,21,21,0,18,18,0,3,3,0
20,000,STATE - JHARKHAND,95,952,9521,Repair of consumer electronics,160,100,60,123,71,52,37,29,8,197,104,93,182,95,87,15,9,6
20,000,STATE - JHARKHAND,95,952,9522,Repair of household appliances and home and garden equipment,807,615,192,262,191,71,545,424,121,164,75,89,88,30,58,76,45,31
20,000,STATE - JHARKHAND,95,952,9523,Repair of footwear and leather goods,1349,1323,26,564,546,18,785,777,8,319,301,18,197,181,16,122,120,2
20,000,STATE - JHARKHAND,95,952,9524,Repair of furniture and home furnishings,12,12,0,6,6,0,6,6,0,0,0,0,0,0,0,0,0,0
20,000,STATE - JHARKHAND,95,952,9529,"Repair of personal and household goods, n.e.c.",2058,1824,234,1208,1083,125,850,741,109,807,517,290,599,380,219,208,137,71
20,000,STATE - JHARKHAND,96,960,9601,Washing and (dry-) cleaning of textile and fur products,6111,4830,1281,1320,1022,298,4791,3808,983,906,508,398,404,225,179,502,283,219
20,000,STATE - JHARKHAND,96,960,9602,Hairdressing and other beauty treatment,165,92,73,58,36,22,107,56,51,59,43,16,24,19,5,35,24,11
20,000,STATE - JHARKHAND,96,960,9603,Funeral and related activities,8,8,0,0,0,0,8,8,0,2,1,1,1,1,0,1,0,1
20,000,STATE - JHARKHAND,96,960,9609,Other personal service activities n.e.c.,10254,3891,6363,2477,1392,1085,7777,2499,5278,3884,1152,2732,1836,665,1171,2048,487,1561
20,000,STATE - JHARKHAND,97,970,9700,Activities of households as employers of domestic personnel,5475,517,4958,3990,282,3708,1485,235,1250,7777,552,7225,6770,426,6344,1007,126,881
20,000,STATE - JHARKHAND,98,981,9810,Undifferentiated goods-producing activities of private households for own,0,0,0,0,0,0,0,0,0,11,0,11,11,0,11,0,0,0
20,000,STATE - JHARKHAND,98,982,9820,Undifferentiated service-producing activities of private households for own,2,0,2,0,0,0,2,0,2,2,0,2,0,0,0,2,0,2
20,000,STATE - JHARKHAND,99,990,9900,Activities of extraterritorial organizations and bodies,12,9,3,0,0,0,12,9,3,6,0,6,6,0,6,0,0,0
29,000,STATE - KARNATAKA,01,011,0111,"Growing of cereals (except rice), leguminous crops and oil seeds",13755,8496,5259,9729,5827,3902,4026,2669,1357,8852,4188,4664,7872,3723,4149,980,465,515
29,000,STATE - KARNATAKA,01,011,0112,Growing of rice,2746,1693,1053,1961,1159,802,785,534,251,1905,877,1028,1558,694,864,347,183,164
29,000,STATE - KARNATAKA,01,011,0113,"Growing of vegetables and melons, roots and tubers",509,299,210,307,181,126,202,118,84,255,96,159,231,93,138,24,3,21
29,000,STATE - KARNATAKA,01,011,0114,Growing of sugar cane,710,455,255,672,429,243,38,26,12,336,212,124,217,153,64,119,59,60
29,000,STATE - KARNATAKA,01,011,0115,Growing of tobacco,0,0,0,0,0,0,0,0,0,3,3,0,0,0,0,3,3,0
29,000,STATE - KARNATAKA,01,011,0116,Growing of fibre crops,10,2,8,2,0,2,8,2,6,0,0,0,0,0,0,0,0,0
29,000,STATE - KARNATAKA,01,011,0119,Growing of other non-perennial crop,132,47,85,115,35,80,17,12,5,102,33,69,102,33,69,0,0,0
29,000,STATE - KARNATAKA,01,012,0121,Growing of grapes,192,105,87,179,102,77,13,3,10,70,40,30,70,40,30,0,0,0
29,000,STATE - KARNATAKA,01,012,0122,Growing of tropical and subtropical fruits,71,45,26,65,39,26,6,6,0,36,12,24,36,12,24,0,0,0
29,000,STATE - KARNATAKA,01,012,0123,Growing of citrus fruits,5,0,5,3,0,3,2,0,2,0,0,0,0,0,0,0,0,0
29,000,STATE - KARNATAKA,01,012,0124,Growing of pome fruits and stone fruits,0,0,0,0,0,0,0,0,0,6,0,6,6,0,6,0,0,0
29,000,STATE - KARNATAKA,01,012,0125,Growing of other tree and bush fruits and nuts,23158,15609,7549,22179,15056,7123,979,553,426,2939,1071,1868,2701,986,1715,238,85,153
29,000,STATE - KARNATAKA,01,012,0126,Growing of oleaginous fruits,2723,1983,740,2388,1748,640,335,235,100,402,276,126,374,261,113,28,15,13
29,000,STATE - KARNATAKA,01,012,0127,Growing of beverage crops,84235,41429,42806,82262,40596,41666,1973,833,1140,4407,1755,2652,4214,1697,2517,193,58,135
29,000,STATE - KARNATAKA,01,012,0128,"Growing of spices, aromatic, drug and pharmaceutical crops",210,106,104,178,100,78,32,6,26,44,14,30,32,8,24,12,6,6
29,000,STATE - KARNATAKA,01,012,0129,Growing of other perennial crops,2038,1372,666,1955,1322,633,83,50,33,250,118,132,234,104,130,16,14,2
29,000,STATE - KARNATAKA,01,013,0130,Plant propagation,1536,971,565,1023,612,411,513,359,154,279,157,122,213,122,91,66,35,31
29,000,STATE - KARNATAKA,01,014,0141,Raising of cattle and buffaloes,8887,4732,4155,8068,4202,3866,819,530,289,4133,1734,2399,3904,1608,2296,229,126,103
29,000,STATE - KARNATAKA,01,014,0142,Raising of horses and other equines,82,60,22,52,36,16,30,24,6,17,12,5,17,12,5,0,0,0
29,000,STATE - KARNATAKA,01,014,0143,Raising and breeding of camels and camelids,12,12,0,12,12,0,0,0,0,2,0,2,2,0,2,0,0,0
29,000,STATE - KARNATAKA,01,014,0144,Raising of sheep and goats,8523,5934,2589,8014,5600,2414,509,334,175,2788,1557,1231,2653,1476,1177,135,81,54
29,000,STATE - KARNATAKA,01,014,0145,Raising of swine/pigs,694,550,144,379,275,104,315,275,40,86,56,30,74,44,30,12,12,0
29,000,STATE - KARNATAKA,01,014,0146,Raising of poultry,1692,1077,615,1460,902,558,232,175,57,488,191,297,460,169,291,28,22,6
29,000,STATE - KARNATAKA,01,014,0149,Raising of other animals,1212,758,454,925,581,344,287,177,110,312,139,173,290,127,163,22,12,10
29,000,STATE - KARNATAKA,01,015,0150,Mixed farming,16,10,6,14,8,6,2,2,0,0,0,0,0,0,0,0,0,0
29,000,STATE - KARNATAKA,01,016,0161,Support activities for crop production,25200,14734,10466,20128,11712,8416,5072,3022,2050,16485,7761,8724,14746,6985,7761,1739,776,963
29,000,STATE - KARNATAKA,01,016,0162,Support activities for animal production,13,9,4,9,9,0,4,0,4,18,0,18,18,0,18,0,0,0
29,000,STATE - KARNATAKA,01,016,0163,Post-harvest crop activities,29611,16684,12927,22616,12753,9863,6995,3931,3064,17423,8033,9390,15007,6969,8038,2416,1064,1352
29,000,STATE - KARNATAKA,01,016,0164,Seed processing for propagation,185,88,97,105,30,75,80,58,22,33,12,21,33,12,21,0,0,0
29,000,STATE - KARNATAKA,01,017,0170,"Hunting, trapping and related service activities",9,9,0,9,9,0,0,0,0,12,12,0,12,12,0,0,0,0
29,000,STATE - KARNATAKA,02,021,0210,Silviculture and other forestry activities,177,135,42,115,92,23,62,43,19,35,23,12,33,21,12,2,2,0
29,000,STATE - KARNATAKA,02,022,0220,Logging,3445,3017,428,2547,2204,343,898,813,85,1073,779,294,885,626,259,188,153,35
29,000,STATE - KARNATAKA,02,023,0230,Gathering of non-wood forest products,233,185,48,174,136,38,59,49,10,49,39,10,35,27,8,14,12,2
29,000,STATE - KARNATAKA,02,024,0240,Support services to forestry,1423,1320,103,992,929,63,431,391,40,133,117,16,95,79,16,38,38,0
29,000,STATE - KARNATAKA,03,031,0311,Marine fishing,4168,4034,134,3777,3663,114,391,371,20,233,218,15,206,200,6,27,18,9
29,000,STATE - KARNATAKA,03,031,0312,Freash water fishing,1834,1478,356,1539,1203,336,295,275,20,308,237,71,215,167,48,93,70,23
29,000,STATE - KARNATAKA,03,032,0321,Marine aquaculture,95,73,22,71,67,4,24,6,18,12,3,9,9,0,9,3,3,0
29,000,STATE - KARNATAKA,03,032,0322,Freshwater aquaculture,156,132,24,130,112,18,26,20,6,36,28,8,30,22,8,6,6,0
29,000,STATE - KARNATAKA,05,051,0510,Mining of hard coal,79,74,5,64,62,2,15,12,3,0,0,0,0,0,0,0,0,0
29,000,STATE - KARNATAKA,05,052,0520,Mining of lignite,20,18,2,18,16,2,2,2,0,9,6,3,6,6,0,3,0,3
29,000,STATE - KARNATAKA,06,061,0610,Extraction of crude petroleum,230,174,56,202,156,46,28,18,10,24,12,12,24,12,12,0,0,0
29,000,STATE - KARNATAKA,06,062,0620,Extraction of natural gas,2,2,0,0,0,0,2,2,0,0,0,0,0,0,0,0,0,0
29,000,STATE - KARNATAKA,07,071,0710,Mining of iron ores,1825,1576,249,846,692,154,979,884,95,149,131,18,90,84,6,59,47,12
29,000,STATE - KARNATAKA,07,072,0729,Mining of other non-ferrous metal ores,852,769,83,241,199,42,611,570,41,113,79,34,66,44,22,47,35,12
29,000,STATE - KARNATAKA,08,081,0810,"Quarrying of stone, sand and clay",51832,37426,14406,39594,28832,10762,12238,8594,3644,9762,5847,3915,7218,4239,2979,2544,1608,936
29,000,STATE - KARNATAKA,08,089,0891,Mining of chemical and fertilizer minerals,17,14,3,11,11,0,6,3,3,0,0,0,0,0,0,0,0,0
29,000,STATE - KARNATAKA,08,089,0892,Extraction and agglomeration of peat,279,220,59,210,168,42,69,52,17,14,12,2,6,6,0,8,6,2
29,000,STATE - KARNATAKA,08,089,0893,Extraction of salt,232,118,114,218,104,114,14,14,0,48,28,20,48,28,20,0,0,0
29,000,STATE - KARNATAKA,08,089,0899,Other mining and quarrying n.e.c.,1464,1129,335,1174,904,270,290,225,65,210,145,65,190,125,65,20,20,0
29,000,STATE - KARNATAKA,09,091,0910,Support activities for petroleum and natural gas mining,12,12,0,6,6,0,6,6,0,0,0,0,0,0,0,0,0,0
29,000,STATE - KARNATAKA,09,099,0990,Support activities for other mining and quarrying,54,42,12,54,42,12,0,0,0,0,0,0,0,0,0,0,0,0
29,000,STATE - KARNATAKA,10,101,1010,Processing and preserving of meat,183,132,51,108,67,41,75,65,10,63,28,35,63,28,35,0,0,0
29,000,STATE - KARNATAKA,10,102,1020,"Processing and preserving of fish, crustaceans and molluscs and",448,342,106,365,287,78,83,55,28,97,68,29,88,68,20,9,0,9
29,000,STATE - KARNATAKA,10,103,1030,Processing and preserving of fruit and vegetables,1071,569,502,548,293,255,523,276,247,234,124,110,123,46,77,111,78,33
29,000,STATE - KARNATAKA,10,104,1040,Manufacture of vegetable and animal oils and fats,1056,671,385,526,329,197,530,342,188,312,173,139,215,136,79,97,37,60
29,000,STATE - KARNATAKA,10,105,1050,Manufacture of dairy products,3420,2317,1103,2025,1343,682,1395,974,421,1689,704,985,1340,518,822,349,186,163
29,000,STATE - KARNATAKA,10,106,1061,Manufacture of grain mill products,8865,6015,2850,5406,3632,1774,3459,2383,1076,4470,1993,2477,3844,1692,2152,626,301,325
29,000,STATE - KARNATAKA,10,106,1062,Manufacture of starches and starch products,63,45,18,18,12,6,45,33,12,8,0,8,6,0,6,2,0,2
29,000,STATE - KARNATAKA,10,107,1071,Manufacture of bakery products,1537,1299,238,765,691,74,772,608,164,218,156,62,93,75,18,125,81,44
29,000,STATE - KARNATAKA,10,107,1072,Manufacture of sugar,3224,2976,248,2490,2303,187,734,673,61,586,478,108,470,388,82,116,90,26
29,000,STATE - KARNATAKA,10,107,1073,"Manufacture of cocoa, chocolate and sugar confectionery",579,442,137,352,295,57,227,147,80,62,51,11,54,48,6,8,3,5
29,000,STATE - KARNATAKA,10,107,1074,"Manufacture of macaroni, noodles, couscous and similar farinaceous",40,13,27,3,0,3,37,13,24,3,0,3,0,0,0,3,0,3
29,000,STATE - KARNATAKA,10,107,1075,Manufacture of prepared meals and dishes,1555,971,584,718,448,270,837,523,314,461,247,214,221,135,86,240,112,128
29,000,STATE - KARNATAKA,10,107,1079,Manufacture of other food products n.e.c.,7323,1649,5674,5470,1011,4459,1853,638,1215,922,370,552,616,235,381,306,135,171
29,000,STATE - KARNATAKA,10,108,1080,Manufacture of prepared animal feeds,66,58,8,32,32,0,34,26,8,12,12,0,12,12,0,0,0,0
29,000,STATE - KARNATAKA,11,110,1101,"Distilling, rectifying and blending of spirits; ethyl alcohol production",408,218,190,272,138,134,136,80,56,22,12,10,20,10,10,2,2,0
29,000,STATE - KARNATAKA,11,110,1102,Manufacture of wines,48,24,24,36,12,24,12,12,0,14,8,6,8,2,6,6,6,0
29,000,STATE - KARNATAKA,11,110,1103,Manufacture of malt liquors and malt,309,166,143,198,84,114,111,82,29,15,9,6,6,6,0,9,3,6
29,000,STATE - KARNATAKA,11,110,1104,Manufacture of soft drinks; production of mineral waters and other,887,673,214,436,301,135,451,372,79,107,78,29,57,33,24,50,45,5
29,000,STATE - KARNATAKA,12,120,1200,Manufacture of tobacco products,22689,1627,21062,17366,983,16383,5323,644,4679,3343,174,3169,2675,136,2539,668,38,630
29,000,STATE - KARNATAKA,13,131,1311,Preparation and spinning of textile fibres,9719,5955,3764,5351,3222,2129,4368,2733,1635,5138,2774,2364,3579,1827,1752,1559,947,612
29,000,STATE - KARNATAKA,13,131,1312,Weaving of textiles,7842,5312,2530,3474,2261,1213,4368,3051,1317,1073,597,476,637,346,291,436,251,185
29,000,STATE - KARNATAKA,13,131,1313,Finishing of textiles,2644,1554,1090,1222,642,580,1422,912,510,481,237,244,267,103,164,214,134,80
29,000,STATE - KARNATAKA,13,139,1391,Manufacture of knitted and crocheted fabrics,25,12,13,17,9,8,8,3,5,44,28,16,44,28,16,0,0,0
29,000,STATE - KARNATAKA,13,139,1392,"Manufacture of made-up textile articles, except apparel",927,297,630,575,116,459,352,181,171,389,14,375,287,2,285,102,12,90
29,000,STATE - KARNATAKA,13,139,1393,Manufacture of carpets and rugs,397,195,202,183,70,113,214,125,89,148,67,81,64,33,31,84,34,50
29,000,STATE - KARNATAKA,13,139,1394,"Manufacture of cordage, rope, twine and netting",2010,1050,960,1463,734,729,547,316,231,698,212,486,521,121,400,177,91,86
29,000,STATE - KARNATAKA,13,139,1399,Manufacture of other textiles n.e.c.,891,423,468,505,234,271,386,189,197,256,58,198,175,40,135,81,18,63
29,000,STATE - KARNATAKA,14,141,1410,"Manufacture of wearing apparel, except fur apparel",65651,28260,37391,24264,10960,13304,41387,17300,24087,9772,2776,6996,5296,1492,3804,4476,1284,3192
29,000,STATE - KARNATAKA,14,142,1420,Manufacture of articles of fur,77,64,13,58,52,6,19,12,7,0,0,0,0,0,0,0,0,0
29,000,STATE - KARNATAKA,14,143,1430,Manufacture of knitted and crocheted apparel,51,51,0,24,24,0,27,27,0,10,4,6,8,2,6,2,2,0
29,000,STATE - KARNATAKA,15,151,1511,Tanning and dressing of leather; dressing and dyeing of fur,276,198,78,150,95,55,126,103,23,27,6,21,21,6,15,6,0,6
29,000,STATE - KARNATAKA,15,151,1512,"Manufacture of luggage, handbags and the like, saddlery and harness",478,327,151,187,145,42,291,182,109,74,52,22,39,27,12,35,25,10
29,000,STATE - KARNATAKA,15,152,1520,Manufacture of footwear,7129,5767,1362,2917,2370,547,4212,3397,815,888,605,283,529,313,216,359,292,67
29,000,STATE - KARNATAKA,16,161,1610,Saw milling and planing of wood,2027,1822,205,886,812,74,1141,1010,131,263,211,52,147,119,28,116,92,24
29,000,STATE - KARNATAKA,16,162,1621,"Manufacture of veneer sheets; manufacture of plywood, laminboard,",322,251,71,166,119,47,156,132,24,25,25,0,6,6,0,19,19,0
29,000,STATE - KARNATAKA,16,162,1622,Manufacture of builders carpentry and joinery,2973,2907,66,1227,1203,24,1746,1704,42,396,384,12,190,188,2,206,196,10
29,000,STATE - KARNATAKA,16,162,1623,Manufacture of wooden containers,13321,6980,6341,10731,5606,5125,2590,1374,1216,3007,1319,1688,2651,1177,1474,356,142,214
29,000,STATE - KARNATAKA,16,162,1629,"Manufacture of other products of wood; manufacture of articles of cork,",12811,9466,3345,5882,3856,2026,6929,5610,1319,2830,1643,1187,1812,943,869,1018,700,318
29,000,STATE - KARNATAKA,17,170,1701,"Manufacture of pulp, paper and paperboard",878,764,114,169,125,44,709,639,70,142,135,7,26,24,2,116,111,5
29,000,STATE - KARNATAKA,17,170,1702,Manufacture of corrugated paper and paperboard and containers of,395,269,126,118,88,30,277,181,96,21,18,3,5,5,0,16,13,3
29,000,STATE - KARNATAKA,17,170,1709,Manufacture of other articles of paper and paperboard,1007,812,195,218,188,30,789,624,165,225,186,39,58,40,18,167,146,21
29,000,STATE - KARNATAKA,18,181,1811,Printing,1189,955,234,172,154,18,1017,801,216,87,72,15,29,29,0,58,43,15
29,000,STATE - KARNATAKA,18,181,1812,Service activities related to printing,2528,2028,500,298,222,76,2230,1806,424,192,133,59,41,18,23,151,115,36
29,000,STATE - KARNATAKA,18,182,1820,Reproduction of recorded media,3,0,3,0,0,0,3,0,3,0,0,0,0,0,0,0,0,0
29,000,STATE - KARNATAKA,19,191,1910,Manufacture of coke oven products,62,48,14,56,42,14,6,6,0,10,4,6,10,4,6,0,0,0
29,000,STATE - KARNATAKA,19,192,1920,Manufacture of refined petroleum products,488,396,92,152,126,26,336,270,66,58,45,13,18,10,8,40,35,5
29,000,STATE - KARNATAKA,20,201,2011,Manufacture of basic chemicals,306,234,72,103,75,28,203,159,44,50,31,19,17,9,8,33,22,11
29,000,STATE - KARNATAKA,20,201,2012,Manufacture of fertilizers and nitrogen compounds,204,178,26,128,107,21,76,71,5,51,42,9,42,36,6,9,6,3
29,000,STATE - KARNATAKA,20,201,2013,Manufacture of plastics and synthetic rubber in primary forms,18,8,10,16,8,8,2,0,2,0,0,0,0,0,0,0,0,0
29,000,STATE - KARNATAKA,20,202,2021,Manufacture of pesticides and other agrochemical products,70,68,2,6,6,0,64,62,2,6,0,6,0,0,0,6,0,6
29,000,STATE - KARNATAKA,20,202,2022,"Manufacture of paints, varnishes and similar coatings, printing ink and",439,362,77,95,81,14,344,281,63,48,36,12,14,6,8,34,30,4
29,000,STATE - KARNATAKA,20,202,2023,"Manufacture of soap and detergents, cleaning and polishing preparations,",4672,1290,3382,821,319,502,3851,971,2880,1114,209,905,332,50,282,782,159,623
29,000,STATE - KARNATAKA,20,202,2029,Manufacture of other chemical products n.e.c.,457,354,103,184,153,31,273,201,72,41,35,6,18,18,0,23,17,6
29,000,STATE - KARNATAKA,20,203,2030,Manufacture of man-made fibres,3,3,0,0,0,0,3,3,0,9,9,0,6,6,0,3,3,0
29,000,STATE - KARNATAKA,20,203,2031,Manufacture of anti-sprouting products,12,6,6,12,6,6,0,0,0,0,0,0,0,0,0,0,0,0
29,000,STATE - KARNATAKA,21,210,2100,"Manufacture of pharmaceuticals, medicinal chemical and botanical",2020,1543,477,953,740,213,1067,803,264,165,99,66,81,51,30,84,48,36
29,000,STATE - KARNATAKA,22,221,2211,Manufacture of rubber tyres and tubes; retreading and rebuilding of,797,754,43,213,199,14,584,555,29,94,94,0,30,30,0,64,64,0
29,000,STATE - KARNATAKA,22,221,2219,Manufacture of other rubber products,316,289,27,149,135,14,167,154,13,31,29,2,2,2,0,29,27,2
29,000,STATE - KARNATAKA,22,222,2220,Manufacture of plastics products,1875,1169,706,845,562,283,1030,607,423,278,131,147,178,91,87,100,40,60
29,000,STATE - KARNATAKA,23,231,2310,Manufacture of glass and glass products,692,464,228,222,132,90,470,332,138,74,37,37,38,10,28,36,27,9
29,000,STATE - KARNATAKA,23,239,2391,Manufacture of refractory products,4805,3251,1554,3431,2304,1127,1374,947,427,1512,901,611,1059,625,434,453,276,177
29,000,STATE - KARNATAKA,23,239,2392,Manufacture of clay building materials,11633,7110,4523,8237,5114,3123,3396,1996,1400,3696,1986,1710,2708,1445,1263,988,541,447
29,000,STATE - KARNATAKA,23,239,2393,Manufacture of other porcelain and ceramic products,836,640,196,471,340,131,365,300,65,92,54,38,55,29,26,37,25,12
29,000,STATE - KARNATAKA,23,239,2394,"Manufacture of cement, lime and plaster",2512,2221,291,1010,886,124,1502,1335,167,427,344,83,169,121,48,258,223,35
29,000,STATE - KARNATAKA,23,239,2395,"Manufacture of articles of concrete, cement and plaster",1117,899,218,482,363,119,635,536,99,104,77,27,70,52,18,34,25,9
29,000,STATE - KARNATAKA,23,239,2396,"Cutting, shaping and finishing of stone",3939,3046,893,2092,1703,389,1847,1343,504,806,553,253,594,401,193,212,152,60
29,000,STATE - KARNATAKA,23,239,2399,Manufacture of other non-metallic mineral products n.e.c.,656,602,54,342,318,24,314,284,30,188,156,32,104,90,14,84,66,18
29,000,STATE - KARNATAKA,24,241,2410,Manufacture of basic iron and steel,5172,4551,621,2551,2167,384,2621,2384,237,486,336,150,275,161,114,211,175,36
29,000,STATE - KARNATAKA,24,242,2420,Manufacture of basic precious and other non-ferrous metals,583,534,49,209,196,13,374,338,36,75,60,15,28,26,2,47,34,13
29,000,STATE - KARNATAKA,24,243,2431,Casting of iron and steel,1900,1433,467,933,635,298,967,798,169,178,109,69,110,58,52,68,51,17
29,000,STATE - KARNATAKA,24,243,2432,Casting of non-ferrous metals,585,563,22,79,74,5,506,489,17,27,23,4,9,9,0,18,14,4
29,000,STATE - KARNATAKA,25,251,2511,Manufacture of structural metal products,3891,3755,136,622,600,22,3269,3155,114,283,269,14,45,45,0,238,224,14
29,000,STATE - KARNATAKA,25,251,2512,"Manufacture of tanks, reservoirs and containers of metal",385,360,25,95,86,9,290,274,16,68,68,0,30,30,0,38,38,0
29,000,STATE - KARNATAKA,25,251,2513,"Manufacture of steam generators, except central heating hot water",30,30,0,6,6,0,24,24,0,3,3,0,0,0,0,3,3,0
29,000,STATE - KARNATAKA,25,252,2520,Manufacture of weapons and ammunition,18,9,9,12,6,6,6,3,3,6,0,6,0,0,0,6,0,6
29,000,STATE - KARNATAKA,25,259,2591,"Forging, pressing, stamping and roll-forming of metal; powder",138,112,26,66,56,10,72,56,16,29,23,6,21,21,0,8,2,6
29,000,STATE - KARNATAKA,25,259,2592,Machining; treatment and coating of metals,70,68,2,23,23,0,47,45,2,72,58,14,72,58,14,0,0,0
29,000,STATE - KARNATAKA,25,259,2593,"Manufacture of cutlery, hand tools and general hardware",1662,1524,138,645,573,72,1017,951,66,207,202,5,79,77,2,128,125,3
29,000,STATE - KARNATAKA,25,259,2599,Manufacture of other fabricated metal products n.e.c.,1946,1743,203,633,547,86,1313,1196,117,179,165,14,89,75,14,90,90,0
29,000,STATE - KARNATAKA,26,261,2610,Manufacture of electronic components,1246,948,298,187,163,24,1059,785,274,72,45,27,12,12,0,60,33,27
29,000,STATE - KARNATAKA,26,262,2620,Manufacture of computers and peripheral equipment,367,304,63,109,99,10,258,205,53,24,15,9,12,6,6,12,9,3
29,000,STATE - KARNATAKA,26,263,2630,Manufacture of communication equipment,739,658,81,178,168,10,561,490,71,65,52,13,28,26,2,37,26,11
29,000,STATE - KARNATAKA,26,264,2640,Manufacture of consumer electronics,405,317,88,42,34,8,363,283,80,34,24,10,6,6,0,28,18,10
29,000,STATE - KARNATAKA,26,265,2651,"Manufacture of measuring, testing, navigating and control equipment",313,266,47,21,12,9,292,254,38,23,20,3,12,12,0,11,8,3
29,000,STATE - KARNATAKA,26,265,2652,Manufacture of watches and clocks,589,435,154,118,68,50,471,367,104,19,17,2,14,14,0,5,3,2
29,000,STATE - KARNATAKA,26,266,2660,"Manufacture of irradiation, electromedical and electrotherapeutic",3,0,3,0,0,0,3,0,3,0,0,0,0,0,0,0,0,0
29,000,STATE - KARNATAKA,26,267,2670,Manufacture of optical instruments and equipment,8,8,0,6,6,0,2,2,0,0,0,0,0,0,0,0,0,0
29,000,STATE - KARNATAKA,26,268,2680,Manufacture of magnetic and optical media,8,8,0,2,2,0,6,6,0,0,0,0,0,0,0,0,0,0
29,000,STATE - KARNATAKA,27,271,2710,"Manufacture of electric motors, generators, transformers and electricity",993,905,88,265,243,22,728,662,66,85,77,8,23,20,3,62,57,5
29,000,STATE - KARNATAKA,27,272,2720,Manufacture of batteries and accumulators,220,202,18,95,87,8,125,115,10,33,30,3,12,12,0,21,18,3
29,000,STATE - KARNATAKA,27,273,2731,Manufacture of fibre optic cables for data transmission or live,31,16,15,0,0,0,31,16,15,6,0,6,0,0,0,6,0,6
29,000,STATE - KARNATAKA,27,273,2732,Manufacture of other electronic and electric wires and cables,262,242,20,113,105,8,149,137,12,16,14,2,0,0,0,16,14,2
29,000,STATE - KARNATAKA,27,273,2733,Manufacture of wiring devices,99,60,39,12,6,6,87,54,33,8,8,0,6,6,0,2,2,0
29,000,STATE - KARNATAKA,27,274,2740,Manufacture of electric lighting equipment,361,280,81,126,104,22,235,176,59,43,36,7,14,14,0,29,22,7
29,000,STATE - KARNATAKA,27,275,2750,Manufacture of domestic appliances,650,487,163,372,250,122,278,237,41,62,48,14,42,28,14,20,20,0
29,000,STATE - KARNATAKA,27,279,2790,Manufacture of other electrical equipment,57,49,8,36,30,6,21,19,2,0,0,0,0,0,0,0,0,0
29,000,STATE - KARNATAKA,28,281,2811,"Manufacture of engines and turbines, except aircraft, vehicle and cycle",30,30,0,6,6,0,24,24,0,9,9,0,0,0,0,9,9,0
29,000,STATE - KARNATAKA,28,281,2812,Manufacture of fluid power equipment,46,43,3,20,20,0,26,23,3,0,0,0,0,0,0,0,0,0
29,000,STATE - KARNATAKA,28,281,2813,"Manufacture of other pumps, compressors, taps and valves",73,70,3,6,6,0,67,64,3,12,12,0,6,6,0,6,6,0
29,000,STATE - KARNATAKA,28,281,2814,"Manufacture of bearings, gears, gearing and driving elements",191,164,27,81,69,12,110,95,15,12,12,0,6,6,0,6,6,0
29,000,STATE - KARNATAKA,28,281,2815,"Manufacture of ovens, furnaces and furnace burners",84,82,2,53,53,0,31,29,2,18,12,6,6,6,0,12,6,6
29,000,STATE - KARNATAKA,28,281,2816,Manufacture of lifting and handling equipment,92,85,7,8,6,2,84,79,5,7,7,0,0,0,0,7,7,0
29,000,STATE - KARNATAKA,28,281,2817,Manufacture of office machinery and equipment,36,33,3,20,20,0,16,13,3,9,9,0,9,9,0,0,0,0
29,000,STATE - KARNATAKA,28,281,2818,Manufacture of power-driven hand tools,18,12,6,12,6,6,6,6,0,0,0,0,0,0,0,0,0,0
29,000,STATE - KARNATAKA,28,281,2819,Manufacture of other general-purpose machinery,203,198,5,98,98,0,105,100,5,20,20,0,14,14,0,6,6,0
29,000,STATE - KARNATAKA,28,282,2821,Manufacture of agricultural and forestry machinery,128,108,20,48,48,0,80,60,20,8,6,2,6,6,0,2,0,2
29,000,STATE - KARNATAKA,28,282,2822,Manufacture of metal-forming machinery and machine tools,1793,1649,144,149,141,8,1644,1508,136,80,71,9,10,10,0,70,61,9
29,000,STATE - KARNATAKA,28,282,2823,Manufacture of machinery for metallurgy,41,38,3,21,21,0,20,17,3,3,0,3,0,0,0,3,0,3
29,000,STATE - KARNATAKA,28,282,2824,"Manufacture of machinery for mining, quarrying and construction",2869,2776,93,210,208,2,2659,2568,91,157,157,0,6,6,0,151,151,0
29,000,STATE - KARNATAKA,28,282,2825,"Manufacture of machinery for food, beverage and tobacco processing",33,19,14,22,8,14,11,11,0,6,6,0,6,6,0,0,0,0
29,000,STATE - KARNATAKA,28,282,2826,"Manufacture of machinery for textile, apparel and leather production",84,64,20,44,26,18,40,38,2,10,8,2,8,6,2,2,2,0
29,000,STATE - KARNATAKA,28,282,2829,Manufacture of other special-purpose machinery,30,23,7,8,8,0,22,15,7,3,0,3,0,0,0,3,0,3
29,000,STATE - KARNATAKA,29,291,2910,Manufacture of motor vehicles,872,814,58,293,289,4,579,525,54,51,48,3,33,33,0,18,15,3
29,000,STATE - KARNATAKA,29,292,2920,Manufacture of bodies (coachwork) for motor vehicles; manufacture of trailers and semi-trailers,952,914,38,358,342,16,594,572,22,56,52,4,12,8,4,44,44,0
29,000,STATE - KARNATAKA,29,293,2930,Manufacture of parts and accessories for motor vehicles,629,595,34,232,232,0,397,363,34,35,33,2,14,12,2,21,21,0
29,000,STATE - KARNATAKA,30,301,3011,Building of ships and floating structures,165,130,35,38,32,6,127,98,29,3,3,0,0,0,0,3,3,0
29,000,STATE - KARNATAKA,30,302,3020,Manufacture of railway locomotives and rolling stock,321,291,30,39,30,9,282,261,21,12,12,0,6,6,0,6,6,0
29,000,STATE - KARNATAKA,30,303,3030,Manufacture of air and spacecraft and related machinery,2560,2279,281,154,146,8,2406,2133,273,100,91,9,12,12,0,88,79,9
29,000,STATE - KARNATAKA,30,304,3040,Manufacture of weapons and ammunition,15,12,3,6,6,0,9,6,3,0,0,0,0,0,0,0,0,0
29,000,STATE - KARNATAKA,30,309,3091,Manufacture of motorcycles,447,416,31,225,219,6,222,197,25,62,60,2,40,40,0,22,20,2
29,000,STATE - KARNATAKA,30,309,3092,Manufacture of bicycles and invalid carriages,88,77,11,35,29,6,53,48,5,17,17,0,14,14,0,3,3,0
29,000,STATE - KARNATAKA,30,309,3099,Manufacture of other transport equipment n.e.c.,1961,1858,103,1094,1075,19,867,783,84,674,615,59,399,351,48,275,264,11
29,000,STATE - KARNATAKA,31,310,3100,Manufacture of furniture,8076,7129,947,3619,3203,416,4457,3926,531,3007,2309,698,1454,1082,372,1553,1227,326
29,000,STATE - KARNATAKA,32,321,3211,Manufacture of jewellery and related articles,494,407,87,174,136,38,320,271,49,74,17,57,44,3,41,30,14,16
29,000,STATE - KARNATAKA,32,321,3212,Manufacture of imitation jewellery and related articles,19,14,5,6,6,0,13,8,5,8,2,6,8,2,6,0,0,0
29,000,STATE - KARNATAKA,32,322,3220,Manufacture of musical instruments,39,39,0,32,32,0,7,7,0,18,18,0,18,18,0,0,0,0
29,000,STATE - KARNATAKA,32,323,3230,Manufacture of sports goods,26,26,0,0,0,0,26,26,0,5,5,0,2,2,0,3,3,0
29,000,STATE - KARNATAKA,32,324,3240,Manufacture of games and toys,221,174,47,107,81,26,114,93,21,43,21,22,26,12,14,17,9,8
29,000,STATE - KARNATAKA,32,325,3250,Manufacture of medical and dental instruments and supplies,86,69,17,28,26,2,58,43,15,6,6,0,6,6,0,0,0,0
29,000,STATE - KARNATAKA,32,329,3290,Other manufacturing n.e.c.,50346,41906,8440,18604,15669,2935,31742,26237,5505,5746,4578,1168,2898,2297,601,2848,2281,567
29,000,STATE - KARNATAKA,33,331,3311,Repair of fabricated metal products,202,187,15,104,98,6,98,89,9,52,52,0,12,12,0,40,40,0
29,000,STATE - KARNATAKA,33,331,3312,Repair of machinery,803,797,6,406,404,2,397,393,4,89,89,0,51,51,0,38,38,0
29,000,STATE - KARNATAKA,33,331,3313,Repair of electronic and optical equipment,34,32,2,12,12,0,22,20,2,2,0,2,2,0,2,0,0,0
29,000,STATE - KARNATAKA,33,331,3314,Repair of electrical equipment,637,620,17,272,269,3,365,351,14,127,127,0,82,82,0,45,45,0
29,000,STATE - KARNATAKA,33,331,3315,"Repair of transport equipment, except motor vehicles",75,73,2,25,23,2,50,50,0,9,9,0,6,6,0,3,3,0
29,000,STATE - KARNATAKA,33,331,3319,Repair of other equipment,99,99,0,36,36,0,63,63,0,3,3,0,0,0,0,3,3,0
29,000,STATE - KARNATAKA,33,332,3320,Installation of industrial machinery and equipment,65,65,0,27,27,0,38,38,0,6,6,0,0,0,0,6,6,0
29,000,STATE - KARNATAKA,35,351,3510,"Electric power generation, transmission and distribution",11396,10202,1194,4396,4117,279,7000,6085,915,670,595,75,366,330,36,304,265,39
29,000,STATE - KARNATAKA,35,352,3520,Manufacture of gas; distribution of gaseous fuels through mains,399,377,22,140,128,12,259,249,10,27,21,6,0,0,0,27,21,6
29,000,STATE - KARNATAKA,35,353,3530,Steam and air conditioning supply,27,27,0,6,6,0,21,21,0,9,9,0,6,6,0,3,3,0
29,000,STATE - KARNATAKA,36,360,3600,"Water collection, treatment and supply",3723,3498,225,1987,1898,89,1736,1600,136,314,278,36,174,154,20,140,124,16
29,000,STATE - KARNATAKA,37,370,3700,Sewerage,258,199,59,84,58,26,174,141,33,60,45,15,20,14,6,40,31,9
29,000,STATE - KARNATAKA,38,381,3811,Collection of non-hazardous waste,73,39,34,12,6,6,61,33,28,5,0,5,0,0,0,5,0,5
29,000,STATE - KARNATAKA,38,381,3812,Collection of hazardous waste,306,212,94,77,65,12,229,147,82,64,25,39,2,2,0,62,23,39
29,000,STATE - KARNATAKA,38,382,3822,Treatment and disposal of hazardous waste,0,0,0,0,0,0,0,0,0,6,6,0,6,6,0,0,0,0
29,000,STATE - KARNATAKA,39,390,3900,Remediation activities and other waste management services,43,29,14,6,6,0,37,23,14,6,0,6,6,0,6,0,0,0
29,000,STATE - KARNATAKA,41,410,4100,Construction of buildings,89109,74541,14568,43097,36603,6494,46012,37938,8074,18766,14113,4653,10574,7920,2654,8192,6193,1999
29,000,STATE - KARNATAKA,42,421,4210,Construction roads and railways,15025,11334,3691,7458,5739,1719,7567,5595,1972,3828,2467,1361,2092,1357,735,1736,1110,626
29,000,STATE - KARNATAKA,42,422,4220,Construction of utility projects,2716,2259,457,1440,1184,256,1276,1075,201,635,476,159,464,362,102,171,114,57
29,000,STATE - KARNATAKA,42,429,4290,Construction of other civil engineering projects,11866,8920,2946,1719,1311,408,10147,7609,2538,2536,1709,827,423,259,164,2113,1450,663
29,000,STATE - KARNATAKA,43,431,4311,Demolition,280,257,23,201,180,21,79,77,2,21,21,0,0,0,0,21,21,0
29,000,STATE - KARNATAKA,43,431,4312,Site preparation,2289,2172,117,1816,1756,60,473,416,57,394,366,28,289,277,12,105,89,16
29,000,STATE - KARNATAKA,43,432,4321,Electrical installation,7247,7013,234,2044,1986,58,5203,5027,176,930,910,20,377,367,10,553,543,10
29,000,STATE - KARNATAKA,43,432,4322,"Plumbing, heat and air-conditioning installation",5255,5079,176,1003,975,28,4252,4104,148,640,594,46,210,190,20,430,404,26
29,000,STATE - KARNATAKA,43,432,4329,Other construction installation,1042,813,229,477,361,116,565,452,113,766,480,286,522,290,232,244,190,54
29,000,STATE - KARNATAKA,43,433,4330,Building completion and finishing,208964,180317,28647,76346,66955,9391,132618,113362,19256,39141,30850,8291,17465,13815,3650,21676,17035,4641
29,000,STATE - KARNATAKA,43,439,4390,Other specialized construction activities,5109,4415,694,1982,1724,258,3127,2691,436,924,692,232,512,354,158,412,338,74
29,000,STATE - KARNATAKA,45,451,4510,Sale of motor vehicles,897,821,76,181,181,0,716,640,76,61,57,4,9,9,0,52,48,4
29,000,STATE - KARNATAKA,45,452,4520,Maintenance and repair of motor vehicles,7044,6834,210,2107,2049,58,4937,4785,152,850,814,36,336,318,18,514,496,18
29,000,STATE - KARNATAKA,45,453,4530,Sale of motor vehicle parts and accessories,500,486,14,141,139,2,359,347,12,48,45,3,16,16,0,32,29,3
29,000,STATE - KARNATAKA,45,454,4540,"Sale, maintenance and repair of motorcycles and related parts and",4678,4518,160,1476,1434,42,3202,3084,118,622,608,14,232,227,5,390,381,9
29,000,STATE - KARNATAKA,46,461,4610,Wholesale on a fee or contract basis,976,913,63,425,417,8,551,496,55,101,87,14,51,51,0,50,36,14
29,000,STATE - KARNATAKA,46,462,4620,Wholesale of agricultural raw materials and live animals,5088,4138,950,1499,1358,141,3589,2780,809,718,552,166,281,225,56,437,327,110
29,000,STATE - KARNATAKA,46,463,4630,"Wholesale of food, beverages and tobacco",4936,3840,1096,1283,1061,222,3653,2779,874,813,539,274,349,259,90,464,280,184
29,000,STATE - KARNATAKA,46,464,4641,"Wholesale of textiles, clothing and footwear",171,145,26,47,33,14,124,112,12,33,30,3,16,16,0,17,14,3
29,000,STATE - KARNATAKA,46,464,4649,Wholesale of other household goods,435,370,65,63,55,8,372,315,57,70,67,3,6,6,0,64,61,3
29,000,STATE - KARNATAKA,46,465,4651,"Wholesale of computers, computer peripheral equipment and software",17,17,0,12,12,0,5,5,0,0,0,0,0,0,0,0,0,0
29,000,STATE - KARNATAKA,46,465,4652,Wholesale of electronic and telecommunications equipment and parts,27,23,4,0,0,0,27,23,4,0,0,0,0,0,0,0,0,0
29,000,STATE - KARNATAKA,46,465,4653,"Wholesale of agricultural machinery, equipment and supplies",32,32,0,12,12,0,20,20,0,6,6,0,0,0,0,6,6,0
29,000,STATE - KARNATAKA,46,465,4659,Wholesale of other machinery and equipment,191,186,5,82,82,0,109,104,5,48,39,9,28,22,6,20,17,3
29,000,STATE - KARNATAKA,46,466,4661,"Wholesale of solid, liquid and gaseous fuels and related products",9,9,0,6,6,0,3,3,0,0,0,0,0,0,0,0,0,0
29,000,STATE - KARNATAKA,46,466,4662,Wholesale of metals and metal ores,52,41,11,12,12,0,40,29,11,0,0,0,0,0,0,0,0,0
29,000,STATE - KARNATAKA,46,466,4663,"Wholesale of construction materials, hardware, plumbing and heating",606,588,18,157,157,0,449,431,18,70,52,18,34,26,8,36,26,10
29,000,STATE - KARNATAKA,46,466,4669,Wholesale of waste and scrap and other products n.e.c.,2961,2115,846,542,458,84,2419,1657,762,768,297,471,208,117,91,560,180,380
29,000,STATE - KARNATAKA,46,469,4690,Non-specialized wholesale trade,6153,4858,1295,993,925,68,5160,3933,1227,831,615,216,212,152,60,619,463,156
29,000,STATE - KARNATAKA,47,471,4711,"Retail sale in non-specialized stores with food, beverages or tobacco",293,189,104,173,113,60,120,76,44,95,50,45,74,38,36,21,12,9
29,000,STATE - KARNATAKA,47,471,4719,Other retail sale in non-specialized stores,6146,4675,1471,2398,1756,642,3748,2919,829,962,665,297,435,273,162,527,392,135
29,000,STATE - KARNATAKA,47,472,4721,Retail sale of food in specialized stores,39303,27955,11348,14655,10230,4425,24648,17725,6923,6106,3849,2257,2699,1659,1040,3407,2190,1217
29,000,STATE - KARNATAKA,47,472,4722,Retail sale of beverages in specialized stores,1194,1072,122,465,396,69,729,676,53,207,188,19,100,94,6,107,94,13
29,000,STATE - KARNATAKA,47,472,4723,Retail sale of tobacco products in specialized stores,900,744,156,482,397,85,418,347,71,103,75,28,42,26,16,61,49,12
29,000,STATE - KARNATAKA,47,473,4730,Retail sale of automotive fuel in specialized stores,1813,1660,153,686,639,47,1127,1021,106,268,251,17,154,152,2,114,99,15
29,000,STATE - KARNATAKA,47,474,4741,"Retail sale of computers, peripheral units, software and",1960,1784,176,527,493,34,1433,1291,142,248,237,11,109,107,2,139,130,9
29,000,STATE - KARNATAKA,47,474,4742,Retail sale of audio and video equipment in specialized stores,219,213,6,50,50,0,169,163,6,10,7,3,0,0,0,10,7,3
29,000,STATE - KARNATAKA,47,475,4751,Retail sale of textiles in specialized stores,1760,1239,521,461,342,119,1299,897,402,321,206,115,168,116,52,153,90,63
29,000,STATE - KARNATAKA,47,475,4752,"Retail sale of hardware, paints and glass in specialized stores",3030,2740,290,964,863,101,2066,1877,189,323,267,56,130,110,20,193,157,36
29,000,STATE - KARNATAKA,47,475,4753,"Retail sale of carpets, rugs, wall and floor coverings in specialized",122,104,18,84,74,10,38,30,8,53,36,17,35,27,8,18,9,9
29,000,STATE - KARNATAKA,47,475,4759,"Retail sale of electrical household appliances, furniture, lighting",4558,3516,1042,1710,1288,422,2848,2228,620,730,476,254,215,108,107,515,368,147
29,000,STATE - KARNATAKA,47,476,4761,"Retail sale of books, newspapers and stationary in specialized stores",3883,2545,1338,1539,956,583,2344,1589,755,724,344,380,371,199,172,353,145,208
29,000,STATE - KARNATAKA,47,476,4762,Retail sale of music and video recordings in specialized stores,118,108,10,12,6,6,106,102,4,6,3,3,3,0,3,3,3,0
29,000,STATE - KARNATAKA,47,476,4763,Retail sale of sporting equipment in specialized stores,30,9,21,23,6,17,7,3,4,0,0,0,0,0,0,0,0,0
29,000,STATE - KARNATAKA,47,476,4764,Retail sale of games and toys in specialized stores,337,191,146,189,117,72,148,74,74,42,14,28,34,14,20,8,0,8
29,000,STATE - KARNATAKA,47,477,4771,"Retail sale of clothing, footwear and leather articles in specialized",7316,5797,1519,2230,1708,522,5086,4089,997,975,634,341,453,290,163,522,344,178
29,000,STATE - KARNATAKA,47,477,4772,"Retail sale of pharmaceutical and medical goods, cosmetic and toilet",3350,2299,1051,1188,746,442,2162,1553,609,526,278,248,256,128,128,270,150,120
29,000,STATE - KARNATAKA,47,477,4773,Other retail sale of new goods in specialized stores,8805,6088,2717,2583,1914,669,6222,4174,2048,1622,778,844,752,341,411,870,437,433
29,000,STATE - KARNATAKA,47,477,4774,Retail sale of second-hand goods,96,88,8,50,45,5,46,43,3,0,0,0,0,0,0,0,0,0
29,000,STATE - KARNATAKA,47,478,4781,"Retail sale via stalls and markets of food, beverages and tobacco",1403,1010,393,701,501,200,702,509,193,250,168,82,135,81,54,115,87,28
29,000,STATE - KARNATAKA,47,478,4782,"Retail sale via stalls and markets of textiles, clothing and footwear",2258,1522,736,773,498,275,1485,1024,461,316,192,124,101,47,54,215,145,70
29,000,STATE - KARNATAKA,47,478,4789,Retail sale via stalls and markets of other goods,4934,3645,1289,1990,1528,462,2944,2117,827,784,509,275,386,235,151,398,274,124
29,000,STATE - KARNATAKA,47,479,4791,Retail sale via mail order houses or via Internet,66,36,30,39,24,15,27,12,15,6,6,0,0,0,0,6,6,0
29,000,STATE - KARNATAKA,47,479,4799,"Other retail sale not in stores, stalls or markets",9181,5937,3244,3024,1978,1046,6157,3959,2198,1858,1022,836,768,456,312,1090,566,524
29,000,STATE - KARNATAKA,49,491,4911,Passenger rail transport,5639,5011,628,1123,1031,92,4516,3980,536,194,171,23,66,60,6,128,111,17
29,000,STATE - KARNATAKA,49,491,4912,Freight rail transport,720,622,98,160,132,28,560,490,70,75,70,5,24,24,0,51,46,5
29,000,STATE - KARNATAKA,49,492,4921,Urban or suburban passenger land transport,36124,35174,950,14930,14577,353,21194,20597,597,3367,3292,75,1617,1588,29,1750,1704,46
29,000,STATE - KARNATAKA,49,492,4922,Other passenger land transport,41141,40248,893,17456,17216,240,23685,23032,653,4106,4019,87,2280,2246,34,1826,1773,53
29,000,STATE - KARNATAKA,49,492,4923,Freight transport by road,38068,37188,880,23819,23338,481,14249,13850,399,5327,5093,234,3784,3598,186,1543,1495,48
29,000,STATE - KARNATAKA,49,493,4930,Transport via pipeline,3,3,0,0,0,0,3,3,0,0,0,0,0,0,0,0,0,0
29,000,STATE - KARNATAKA,50,501,5011,Sea and coastal passenger water transport,172,146,26,48,44,4,124,102,22,15,12,3,12,12,0,3,0,3
29,000,STATE - KARNATAKA,50,501,5012,Sea and coastal freight water transport,156,114,42,21,21,0,135,93,42,24,15,9,18,12,6,6,3,3
29,000,STATE - KARNATAKA,50,502,5021,Inland passenger water transport,106,92,14,49,49,0,57,43,14,6,6,0,6,6,0,0,0,0
29,000,STATE - KARNATAKA,50,502,5022,Inland freight water transport,12,6,6,6,0,6,6,6,0,2,2,0,2,2,0,0,0,0
29,000,STATE - KARNATAKA,51,511,5110,Passenger air transport,414,367,47,145,127,18,269,240,29,46,46,0,30,30,0,16,16,0
29,000,STATE - KARNATAKA,51,512,5120,Freight air transport,539,451,88,157,137,20,382,314,68,51,46,5,24,22,2,27,24,3
29,000,STATE - KARNATAKA,52,521,5210,Warehousing and storage,1022,912,110,532,480,52,490,432,58,133,123,10,87,81,6,46,42,4
29,000,STATE - KARNATAKA,52,522,5221,Service activities incidental to land transportation,8618,7793,825,3305,2994,311,5313,4799,514,1761,1553,208,879,750,129,882,803,79
29,000,STATE - KARNATAKA,52,522,5222,Service activities incidental to water transportation,20,20,0,6,6,0,14,14,0,0,0,0,0,0,0,0,0,0
29,000,STATE - KARNATAKA,52,522,5223,Service activities incidental to air transportation,98,86,12,54,48,6,44,38,6,17,17,0,6,6,0,11,11,0
29,000,STATE - KARNATAKA,52,522,5224,Cargo handling,5431,4942,489,2066,1847,219,3365,3095,270,1177,1066,111,580,516,64,597,550,47
29,000,STATE - KARNATAKA,52,522,5229,Other transportation support activities,1567,1445,122,350,326,24,1217,1119,98,230,215,15,122,116,6,108,99,9
29,000,STATE - KARNATAKA,53,531,5310,Postal activities,3298,2886,412,1490,1345,145,1808,1541,267,89,82,7,45,43,2,44,39,5
29,000,STATE - KARNATAKA,53,532,5320,Courier activities,1513,1387,126,194,183,11,1319,1204,115,100,93,7,11,9,2,89,84,5
29,000,STATE - KARNATAKA,55,551,5510,Short term accommodation activities,15203,11597,3606,5737,4632,1105,9466,6965,2501,2335,1742,593,1098,881,217,1237,861,376
29,000,STATE - KARNATAKA,55,552,5520,"Camping grounds, recreational vehicle parks and trailer parks",4,4,0,4,4,0,0,0,0,2,2,0,2,2,0,0,0,0
29,000,STATE - KARNATAKA,55,559,5590,Other accommodation,3968,1954,2014,1614,904,710,2354,1050,1304,329,125,204,95,51,44,234,74,160
29,000,STATE - KARNATAKA,56,561,5610,Restaurants and mobile food service activities,1624,1231,393,496,393,103,1128,838,290,211,157,54,73,59,14,138,98,40
29,000,STATE - KARNATAKA,56,562,5621,Event catering,1518,997,521,521,328,193,997,669,328,352,227,125,183,129,54,169,98,71
29,000,STATE - KARNATAKA,56,562,5629,Other food service activities,622,389,233,170,106,64,452,283,169,89,61,28,34,26,8,55,35,20
29,000,STATE - KARNATAKA,56,563,5630,Beverage serving activities,2297,1918,379,812,670,142,1485,1248,237,398,321,77,206,170,36,192,151,41
29,000,STATE - KARNATAKA,58,581,5811,Book publishing,45,45,0,12,12,0,33,33,0,9,9,0,6,6,0,3,3,0
29,000,STATE - KARNATAKA,58,581,5813,"Publishing of newspapers, journals and periodicals",640,586,54,226,208,18,414,378,36,20,18,2,12,12,0,8,6,2
29,000,STATE - KARNATAKA,58,581,5819,Other publishing activities,56,48,8,18,18,0,38,30,8,0,0,0,0,0,0,0,0,0
29,000,STATE - KARNATAKA,58,582,5820,Software publishing,550,406,144,99,81,18,451,325,126,19,10,9,0,0,0,19,10,9
29,000,STATE - KARNATAKA,59,591,5911,"Motion picture, video and television programme production activities",139,139,0,33,33,0,106,106,0,48,48,0,14,14,0,34,34,0
29,000,STATE - KARNATAKA,59,591,5912,"Motion picture, video and television programme post-production",29,23,6,0,0,0,29,23,6,3,0,3,0,0,0,3,0,3
29,000,STATE - KARNATAKA,59,591,5913,"Motion picture, video and television programme distribution activities",72,66,6,12,12,0,60,54,6,0,0,0,0,0,0,0,0,0
29,000,STATE - KARNATAKA,59,591,5914,Motion picture projection activities,352,347,5,27,27,0,325,320,5,44,44,0,3,3,0,41,41,0
29,000,STATE - KARNATAKA,59,592,5920,Sound recording and music publishing activitiesT,248,248,0,159,159,0,89,89,0,65,65,0,38,38,0,27,27,0
29,000,STATE - KARNATAKA,60,601,6010,Radio broadcasting,144,109,35,8,8,0,136,101,35,11,11,0,0,0,0,11,11,0
29,000,STATE - KARNATAKA,60,602,6020,Television programming and broadcasting activities,364,332,32,44,44,0,320,288,32,22,18,4,6,6,0,16,12,4
29,000,STATE - KARNATAKA,61,611,6110,Wired telecommunications activities,4389,3918,471,884,818,66,3505,3100,405,374,319,55,114,105,9,260,214,46
29,000,STATE - KARNATAKA,61,612,6120,Wireless telecommunications activities,802,665,137,97,74,23,705,591,114,67,55,12,3,3,0,64,52,12
29,000,STATE - KARNATAKA,61,613,6130,Satellite telecommunications activities,89,77,12,42,42,0,47,35,12,14,12,2,12,12,0,2,0,2
29,000,STATE - KARNATAKA,61,619,6190,Other telecommunications activities,1451,1220,231,268,260,8,1183,960,223,130,124,6,52,50,2,78,74,4
29,000,STATE - KARNATAKA,62,620,6201,Computer programming activities,2992,2245,747,188,161,27,2804,2084,720,176,132,44,0,0,0,176,132,44
29,000,STATE - KARNATAKA,62,620,6202,Computer consultancy and computer facilities management activities,5699,4256,1443,399,323,76,5300,3933,1367,420,288,132,33,29,4,387,259,128
29,000,STATE - KARNATAKA,62,620,6209,Other information technology and computer service activities,1857,1397,460,312,231,81,1545,1166,379,166,110,56,47,35,12,119,75,44
29,000,STATE - KARNATAKA,63,631,6311,"Data processing, hosting and related activities",835,492,343,189,116,73,646,376,270,132,98,34,26,24,2,106,74,32
29,000,STATE - KARNATAKA,63,631,6312,Web portals,39,32,7,2,0,2,37,32,5,18,18,0,18,18,0,0,0,0
29,000,STATE - KARNATAKA,63,639,6391,News agency activities,15,15,0,6,6,0,9,9,0,0,0,0,0,0,0,0,0,0
29,000,STATE - KARNATAKA,63,639,6399,Other information service activities n.e.c.,1056,837,219,65,63,2,991,774,217,97,75,22,24,24,0,73,51,22
29,000,STATE - KARNATAKA,64,641,6411,Central banking,231,192,39,71,57,14,160,135,25,4,4,0,0,0,0,4,4,0
29,000,STATE - KARNATAKA,64,641,6419,Other monetary intermediation,13094,10784,2310,2505,2193,312,10589,8591,1998,765,565,200,185,162,23,580,403,177
29,000,STATE - KARNATAKA,64,642,6420,Activities of holding companies,15,11,4,6,6,0,9,5,4,0,0,0,0,0,0,0,0,0
29,000,STATE - KARNATAKA,64,643,6430,"Trusts, funds and other financial vehicles",418,360,58,133,122,11,285,238,47,26,20,6,18,12,6,8,8,0
29,000,STATE - KARNATAKA,64,649,6491,Financial leasing,740,641,99,189,159,30,551,482,69,68,65,3,28,28,0,40,37,3
29,000,STATE - KARNATAKA,64,649,6492,Other credit granting,90,87,3,32,32,0,58,55,3,15,15,0,0,0,0,15,15,0
29,000,STATE - KARNATAKA,64,649,6499,"Other financial service activities, except insurance and pension funding",419,360,59,97,95,2,322,265,57,37,33,4,16,16,0,21,17,4
29,000,STATE - KARNATAKA,65,651,6511,Life insurance,3986,3439,547,1021,981,40,2965,2458,507,379,288,91,166,144,22,213,144,69
29,000,STATE - KARNATAKA,65,651,6512,Non-life insurance,153,136,17,24,24,0,129,112,17,12,6,6,6,0,6,6,6,0
29,000,STATE - KARNATAKA,65,652,6520,Reinsurance,6,6,0,0,0,0,6,6,0,3,3,0,0,0,0,3,3,0
29,000,STATE - KARNATAKA,65,653,6530,Pension funding,5,5,0,0,0,0,5,5,0,0,0,0,0,0,0,0,0,0
29,000,STATE - KARNATAKA,66,661,6611,Administration of financial markets,209,186,23,36,36,0,173,150,23,12,12,0,0,0,0,12,12,0
29,000,STATE - KARNATAKA,66,661,6612,Security and commodity contracts brokerage,18,18,0,0,0,0,18,18,0,3,0,3,0,0,0,3,0,3
29,000,STATE - KARNATAKA,66,661,6619,Activities auxiliary to financial service activities n.e.c.,57,50,7,15,15,0,42,35,7,8,6,2,0,0,0,8,6,2
29,000,STATE - KARNATAKA,66,662,6621,Risk and damage evaluation,16,16,0,0,0,0,16,16,0,3,3,0,0,0,0,3,3,0
29,000,STATE - KARNATAKA,66,662,6622,Activities of insurance agents and brokers,284,252,32,91,81,10,193,171,22,29,26,3,14,14,0,15,12,3
29,000,STATE - KARNATAKA,66,662,6629,Other activities auxiliary to insurance and pension funding,215,191,24,91,83,8,124,108,16,6,6,0,6,6,0,0,0,0
29,000,STATE - KARNATAKA,66,663,6630,Fund management activities,54,49,5,12,12,0,42,37,5,6,6,0,0,0,0,6,6,0
29,000,STATE - KARNATAKA,68,681,6810,Real estate activities with own or leased property,316,296,20,65,57,8,251,239,12,12,12,0,6,6,0,6,6,0
29,000,STATE - KARNATAKA,68,682,6820,Real estate activities on a fee or contract basis,2432,2384,48,392,388,4,2040,1996,44,141,129,12,42,36,6,99,93,6
29,000,STATE - KARNATAKA,69,691,6910,Legal activities,4054,3433,621,1549,1423,126,2505,2010,495,353,279,74,155,141,14,198,138,60
29,000,STATE - KARNATAKA,69,692,6920,"Accounting, bookkeeping and auditing activities; tax consultancy",1682,1233,449,279,241,38,1403,992,411,165,81,84,9,9,0,156,72,84
29,000,STATE - KARNATAKA,70,701,7010,Activities of head offices,49,38,11,20,20,0,29,18,11,0,0,0,0,0,0,0,0,0
29,000,STATE - KARNATAKA,70,702,7020,Management consultancy activities,62,38,24,6,6,0,56,32,24,3,3,0,0,0,0,3,3,0
29,000,STATE - KARNATAKA,71,711,7110,Architectural and engineering activities and related technical,1181,1008,173,156,131,25,1025,877,148,96,90,6,12,12,0,84,78,6
29,000,STATE - KARNATAKA,71,712,7120,Technical testing and analysis,41,41,0,0,0,0,41,41,0,3,3,0,0,0,0,3,3,0
29,000,STATE - KARNATAKA,72,721,7210,Research and experimental development on natural sciences and,919,719,200,87,73,14,832,646,186,49,42,7,0,0,0,49,42,7
29,000,STATE - KARNATAKA,72,722,7220,Research and experimental development on social sciences and,202,152,50,8,8,0,194,144,50,11,11,0,0,0,0,11,11,0
29,000,STATE - KARNATAKA,73,731,7310,Advertising,193,179,14,15,15,0,178,164,14,21,17,4,6,6,0,15,11,4
29,000,STATE - KARNATAKA,73,732,7320,Market research and public opinion polling,80,66,14,22,12,10,58,54,4,5,2,3,0,0,0,5,2,3
29,000,STATE - KARNATAKA,74,741,7410,Specialized design activities,1076,989,87,183,179,4,893,810,83,192,175,17,98,92,6,94,83,11
29,000,STATE - KARNATAKA,74,742,7420,Photographic activities,2392,2293,99,836,814,22,1556,1479,77,323,303,20,131,119,12,192,184,8
29,000,STATE - KARNATAKA,74,749,7490,"Other professional, scientific and technical activities n.e.c.",665,568,97,72,57,15,593,511,82,76,73,3,22,22,0,54,51,3
29,000,STATE - KARNATAKA,75,750,7500,Veterinary activities,1312,1164,148,634,576,58,678,588,90,52,35,17,29,21,8,23,14,9
29,000,STATE - KARNATAKA,77,771,7710,Renting and leasing of motor vehicles,11,11,0,6,6,0,5,5,0,0,0,0,0,0,0,0,0,0
29,000,STATE - KARNATAKA,77,772,7721,Renting and leasing of recreational and sports goods,6,6,0,6,6,0,0,0,0,0,0,0,0,0,0,0,0,0
29,000,STATE - KARNATAKA,77,772,7729,Renting and leasing of other personal and household goods n.e.c.,1058,1037,21,436,436,0,622,601,21,149,135,14,58,52,6,91,83,8
29,000,STATE - KARNATAKA,77,773,7730,"Renting and leasing of other machinery, equipment and tangible goods",15,15,0,12,12,0,3,3,0,0,0,0,0,0,0,0,0,0
29,000,STATE - KARNATAKA,77,774,7740,Leasing of nonfinancial intangible assets,3,3,0,0,0,0,3,3,0,0,0,0,0,0,0,0,0,0
29,000,STATE - KARNATAKA,78,781,7810,Activities of employment placement agencies,164,121,43,8,6,2,156,115,41,22,14,8,6,6,0,16,8,8
29,000,STATE - KARNATAKA,78,782,7820,Temporary employment agency activities,12,9,3,6,6,0,6,3,3,3,0,3,0,0,0,3,0,3
29,000,STATE - KARNATAKA,78,783,7830,Human resources provision and management of human resources,81,36,45,2,0,2,79,36,43,5,0,5,0,0,0,5,0,5
29,000,STATE - KARNATAKA,79,791,7911,Travel agency activities,147,131,16,32,32,0,115,99,16,18,18,0,12,12,0,6,6,0
29,000,STATE - KARNATAKA,79,791,7912,Tour operator activities,5,3,2,0,0,0,5,3,2,0,0,0,0,0,0,0,0,0
29,000,STATE - KARNATAKA,79,799,7990,Other reservation service and related activities,24,24,0,6,6,0,18,18,0,12,12,0,6,6,0,6,6,0
29,000,STATE - KARNATAKA,80,801,8010,Private security activities,3026,2911,115,594,564,30,2432,2347,85,291,275,16,69,67,2,222,208,14
29,000,STATE - KARNATAKA,80,802,8020,Security systems service activities,2778,2649,129,474,462,12,2304,2187,117,348,338,10,125,125,0,223,213,10
29,000,STATE - KARNATAKA,80,803,8030,Investigation activities,99,97,2,24,24,0,75,73,2,12,12,0,0,0,0,12,12,0
29,000,STATE - KARNATAKA,81,811,8110,Combined facilities support activities,256,143,113,82,58,24,174,85,89,37,13,24,20,6,14,17,7,10
29,000,STATE - KARNATAKA,81,812,8121,General cleaning of buildings,539,265,274,72,46,26,467,219,248,72,26,46,14,8,6,58,18,40
29,000,STATE - KARNATAKA,81,812,8129,Other building and industrial cleaning activities,445,269,176,168,142,26,277,127,150,55,36,19,20,12,8,35,24,11
29,000,STATE - KARNATAKA,81,813,8130,Landscape care and maintenance service activities,1525,1018,507,349,228,121,1176,790,386,134,78,56,46,27,19,88,51,37
29,000,STATE - KARNATAKA,82,821,8211,Combined office administrative service activities,234,189,45,80,72,8,154,117,37,28,25,3,14,14,0,14,11,3
29,000,STATE - KARNATAKA,82,821,8219,"Photocopying, document preparation and other specialized office",6318,4794,1524,631,487,144,5687,4307,1380,599,421,178,113,105,8,486,316,170
29,000,STATE - KARNATAKA,82,822,8220,Activities of call centres,2419,1693,726,106,94,12,2313,1599,714,245,163,82,18,12,6,227,151,76
29,000,STATE - KARNATAKA,82,823,8230,Organization of conventions and trade shows,35,35,0,0,0,0,35,35,0,0,0,0,0,0,0,0,0,0
29,000,STATE - KARNATAKA,82,829,8291,Activities of collection agencies and credit bureaus,273,233,40,15,15,0,258,218,40,23,17,6,0,0,0,23,17,6
29,000,STATE - KARNATAKA,82,829,8292,Packaging activities,177,122,55,64,50,14,113,72,41,19,11,8,8,6,2,11,5,6
29,000,STATE - KARNATAKA,82,829,8299,Other business support service activities n.e.c.,6127,4890,1237,702,612,90,5425,4278,1147,574,456,118,70,61,9,504,395,109
29,000,STATE - KARNATAKA,84,841,8411,General public administration activities,74928,56943,17985,21997,18146,3851,52931,38797,14134,4541,3284,1257,1551,1196,355,2990,2088,902
29,000,STATE - KARNATAKA,84,841,8412,"Regulation of the activities of providing health care, education, cultural",1163,757,406,481,266,215,682,491,191,65,49,16,42,32,10,23,17,6
29,000,STATE - KARNATAKA,84,841,8413,Regulation of and contribution to more efficient operation of,24,21,3,6,6,0,18,15,3,0,0,0,0,0,0,0,0,0
29,000,STATE - KARNATAKA,84,842,8421,Foreign affairs,91,60,31,19,17,2,72,43,29,15,12,3,6,6,0,9,6,3
29,000,STATE - KARNATAKA,84,842,8422,Defence activities,2897,2694,203,672,654,18,2225,2040,185,145,131,14,41,35,6,104,96,8
29,000,STATE - KARNATAKA,84,842,8423,Public order and safety activities,8598,7936,662,2670,2514,156,5928,5422,506,285,251,34,132,108,24,153,143,10
29,000,STATE - KARNATAKA,84,843,8430,Compulsory social security activities,10203,7922,2281,2639,2232,407,7564,5690,1874,700,454,246,206,139,67,494,315,179
29,000,STATE - KARNATAKA,85,851,8510,Primary education,45471,24214,21257,21595,13573,8022,23876,10641,13235,2894,1339,1555,1636,888,748,1258,451,807
29,000,STATE - KARNATAKA,85,852,8521,General secondary education,8043,5535,2508,3703,2843,860,4340,2692,1648,419,276,143,245,191,54,174,85,89
29,000,STATE - KARNATAKA,85,852,8522,Technical and vocational secondary education,52,29,23,14,14,0,38,15,23,3,3,0,0,0,0,3,3,0
29,000,STATE - KARNATAKA,85,853,8530,Higher education,13939,10138,3801,3980,3275,705,9959,6863,3096,919,605,314,392,292,100,527,313,214
29,000,STATE - KARNATAKA,85,854,8541,Sports and recreation education,820,669,151,342,282,60,478,387,91,42,19,23,2,0,2,40,19,21
29,000,STATE - KARNATAKA,85,854,8542,Cultural education,203,161,42,87,70,17,116,91,25,24,21,3,15,15,0,9,6,3
29,000,STATE - KARNATAKA,85,854,8549,Other education n.e.c.,3070,1527,1543,1527,654,873,1543,873,670,496,248,248,290,151,139,206,97,109
29,000,STATE - KARNATAKA,85,855,8550,Educational support services,20422,7518,12904,11640,3073,8567,8782,4445,4337,1547,427,1120,1018,250,768,529,177,352
29,000,STATE - KARNATAKA,86,861,8610,Hospital activities,15429,7168,8261,4668,2017,2651,10761,5151,5610,1220,544,676,409,191,218,811,353,458
29,000,STATE - KARNATAKA,86,862,8620,Medical and dental practice activities,2674,1767,907,693,543,150,1981,1224,757,155,80,75,24,14,10,131,66,65
29,000,STATE - KARNATAKA,86,869,8690,Other human health activities,16459,3749,12710,9430,1455,7975,7029,2294,4735,1286,232,1054,705,116,589,581,116,465
29,000,STATE - KARNATAKA,87,871,8710,Nursing care facilities,11,3,8,2,0,2,9,3,6,0,0,0,0,0,0,0,0,0
29,000,STATE - KARNATAKA,87,872,8720,"Residential care activities for mental retardation, mental health and",12,12,0,0,0,0,12,12,0,2,2,0,2,2,0,0,0,0
29,000,STATE - KARNATAKA,87,873,8730,Residential care activities for the elderly and disabled,17,14,3,2,2,0,15,12,3,0,0,0,0,0,0,0,0,0
29,000,STATE - KARNATAKA,87,879,8790,Other residential care activities n.e.c.,48,20,28,14,8,6,34,12,22,12,6,6,12,6,6,0,0,0
29,000,STATE - KARNATAKA,88,881,8810,Social work activities without accommodation for the elderly and,2113,459,1654,1307,156,1151,806,303,503,198,62,136,117,20,97,81,42,39
29,000,STATE - KARNATAKA,88,889,8890,Other social work activities without accommodation n.e.c.,10041,2246,7795,6703,903,5800,3338,1343,1995,856,348,508,514,138,376,342,210,132
29,000,STATE - KARNATAKA,90,900,9000,"Dramatic arts, music and other arts activities",6607,5960,647,3260,2958,302,3347,3002,345,1899,1613,286,1365,1161,204,534,452,82
29,000,STATE - KARNATAKA,91,910,9101,Library and archives activities,949,592,357,494,318,176,455,274,181,118,82,36,90,61,29,28,21,7
29,000,STATE - KARNATAKA,91,910,9102,Museums activities and operation of historical sites and buildings,58,26,32,6,0,6,52,26,26,3,3,0,0,0,0,3,3,0
29,000,STATE - KARNATAKA,91,910,9103,Botanical and zoological gardens and nature reserves activities,444,326,118,191,139,52,253,187,66,43,35,8,19,19,0,24,16,8
29,000,STATE - KARNATAKA,92,920,9200,Gambling and betting activities,155,146,9,18,18,0,137,128,9,0,0,0,0,0,0,0,0,0
29,000,STATE - KARNATAKA,93,931,9311,Operation of sports facilities,66,62,4,10,8,2,56,54,2,5,3,2,0,0,0,5,3,2
29,000,STATE - KARNATAKA,93,931,9312,Activities of sports clubs,201,169,32,9,3,6,192,166,26,23,17,6,12,6,6,11,11,0
29,000,STATE - KARNATAKA,93,931,9319,Other sports activities,214,186,28,18,18,0,196,168,28,30,27,3,6,6,0,24,21,3
29,000,STATE - KARNATAKA,93,932,9321,Activities of amusement parks and theme parks,65,53,12,18,18,0,47,35,12,8,6,2,0,0,0,8,6,2
29,000,STATE - KARNATAKA,93,932,9329,Other amusement and recreation activities n.e.c.,726,675,51,415,381,34,311,294,17,191,174,17,161,149,12,30,25,5
29,000,STATE - KARNATAKA,94,941,9411,Activities of business and employers membership organizations,155,128,27,73,70,3,82,58,24,6,6,0,6,6,0,0,0,0
29,000,STATE - KARNATAKA,94,942,9420,Activities of trade unions,88,65,23,48,28,20,40,37,3,27,15,12,18,6,12,9,9,0
29,000,STATE - KARNATAKA,94,949,9491,Activities of religious organizations,2534,2127,407,1528,1311,217,1006,816,190,437,343,94,283,235,48,154,108,46
29,000,STATE - KARNATAKA,94,949,9492,Activities of political organizations,1190,985,205,796,628,168,394,357,37,173,154,19,139,128,11,34,26,8
29,000,STATE - KARNATAKA,94,949,9499,Activities of other membership organizations n.e.c.,225,190,35,140,114,26,85,76,9,52,44,8,34,26,8,18,18,0
29,000,STATE - KARNATAKA,95,951,9511,Repair of computers and peripheral equipment,448,399,49,88,83,5,360,316,44,46,37,9,15,12,3,31,25,6
29,000,STATE - KARNATAKA,95,951,9512,Repair of communication equipment,396,388,8,108,108,0,288,280,8,52,49,3,20,20,0,32,29,3
29,000,STATE - KARNATAKA,95,952,9521,Repair of consumer electronics,967,809,158,354,298,56,613,511,102,157,121,36,104,79,25,53,42,11
29,000,STATE - KARNATAKA,95,952,9522,Repair of household appliances and home and garden equipment,1049,860,189,242,206,36,807,654,153,64,55,9,33,33,0,31,22,9
29,000,STATE - KARNATAKA,95,952,9523,Repair of footwear and leather goods,2719,2468,251,460,411,49,2259,2057,202,318,273,45,79,67,12,239,206,33
29,000,STATE - KARNATAKA,95,952,9524,Repair of furniture and home furnishings,62,56,6,26,20,6,36,36,0,11,6,5,2,0,2,9,6,3
29,000,STATE - KARNATAKA,95,952,9529,"Repair of personal and household goods, n.e.c.",3661,3264,397,1504,1345,159,2157,1919,238,695,466,229,347,222,125,348,244,104
29,000,STATE - KARNATAKA,96,960,9601,Washing and (dry-) cleaning of textile and fur products,1496,1038,458,176,105,71,1320,933,387,195,132,63,60,38,22,135,94,41
29,000,STATE - KARNATAKA,96,960,9602,Hairdressing and other beauty treatment,2278,1177,1101,442,243,199,1836,934,902,320,174,146,60,42,18,260,132,128
29,000,STATE - KARNATAKA,96,960,9603,Funeral and related activities,39,33,6,0,0,0,39,33,6,3,3,0,0,0,0,3,3,0
29,000,STATE - KARNATAKA,96,960,9609,Other personal service activities n.e.c.,1673,869,804,586,334,252,1087,535,552,552,264,288,380,208,172,172,56,116
29,000,STATE - KARNATAKA,97,970,9700,Activities of households as employers of domestic personnel,32464,3372,29092,4032,781,3251,28432,2591,25841,8202,677,7525,2721,255,2466,5481,422,5059
29,000,STATE - KARNATAKA,98,982,9820,Undifferentiated service-producing activities of private households for own,10,0,10,0,0,0,10,0,10,0,0,0,0,0,0,0,0,0
29,000,STATE - KARNATAKA,99,990,9900,Activities of extraterritorial organizations and bodies,16,8,8,8,0,8,8,8,0,0,0,0,0,0,0,0,0,0
32,000,STATE - KERALA,01,011,0111,"Growing of cereals (except rice), leguminous crops and oil seeds",31,17,14,21,9,12,10,8,2,18,15,3,15,12,3,3,3,0
32,000,STATE - KERALA,01,011,0112,Growing of rice,1917,1092,825,1160,636,524,757,456,301,938,415,523,556,258,298,382,157,225
32,000,STATE - KERALA,01,011,0113,"Growing of vegetables and melons, roots and tubers",339,248,91,210,168,42,129,80,49,258,140,118,172,100,72,86,40,46
32,000,STATE - KERALA,01,011,0114,Growing of sugar cane,28,18,10,28,18,10,0,0,0,2,0,2,2,0,2,0,0,0
32,000,STATE - KERALA,01,011,0119,Growing of other non-perennial crop,163,99,64,125,70,55,38,29,9,25,16,9,14,5,9,11,11,0
32,000,STATE - KERALA,01,012,0121,Growing of grapes,5,5,0,0,0,0,5,5,0,6,6,0,6,6,0,0,0,0
32,000,STATE - KERALA,01,012,0122,Growing of tropical and subtropical fruits,1074,839,235,854,655,199,220,184,36,363,232,131,286,174,112,77,58,19
32,000,STATE - KERALA,01,012,0123,Growing of citrus fruits,0,0,0,0,0,0,0,0,0,6,3,3,6,3,3,0,0,0
32,000,STATE - KERALA,01,012,0124,Growing of pome fruits and stone fruits,12,9,3,9,9,0,3,0,3,3,3,0,3,3,0,0,0,0
32,000,STATE - KERALA,01,012,0125,Growing of other tree and bush fruits and nuts,2316,1655,661,2070,1467,603,246,188,58,1023,598,425,929,536,393,94,62,32
32,000,STATE - KERALA,01,012,0126,Growing of oleaginous fruits,44989,37171,7818,24806,19529,5277,20183,17642,2541,16424,12572,3852,9529,7126,2403,6895,5446,1449
32,000,STATE - KERALA,01,012,0127,Growing of beverage crops,21724,10919,10805,21550,10797,10753,174,122,52,2552,1265,1287,2481,1227,1254,71,38,33
32,000,STATE - KERALA,01,012,0128,"Growing of spices, aromatic, drug and pharmaceutical crops",1961,1031,930,1935,1016,919,26,15,11,429,231,198,423,228,195,6,3,3
32,000,STATE - KERALA,01,012,0129,Growing of other perennial crops,29627,24148,5479,26487,21467,5020,3140,2681,459,8400,6109,2291,7461,5388,2073,939,721,218
32,000,STATE - KERALA,01,013,0130,Plant propagation,139,73,66,93,42,51,46,31,15,31,15,16,17,12,5,14,3,11
32,000,STATE - KERALA,01,014,0141,Raising of cattle and buffaloes,3201,1387,1814,2015,775,1240,1186,612,574,1568,442,1126,1059,291,768,509,151,358
32,000,STATE - KERALA,01,014,0142,Raising of horses and other equines,0,0,0,0,0,0,0,0,0,2,2,0,2,2,0,0,0,0
32,000,STATE - KERALA,01,014,0144,Raising of sheep and goats,545,60,485,404,46,358,141,14,127,579,38,541,428,38,390,151,0,151
32,000,STATE - KERALA,01,014,0145,Raising of swine/pigs,11,9,2,10,8,2,1,1,0,0,0,0,0,0,0,0,0,0
32,000,STATE - KERALA,01,014,0146,Raising of poultry,301,135,166,184,81,103,117,54,63,364,53,311,245,38,207,119,15,104
32,000,STATE - KERALA,01,014,0149,Raising of other animals,127,119,8,106,98,8,21,21,0,36,24,12,24,18,6,12,6,6
32,000,STATE - KERALA,01,015,0150,Mixed farming,20,15,5,17,12,5,3,3,0,0,0,0,0,0,0,0,0,0
32,000,STATE - KERALA,01,016,0161,Support activities for crop production,6928,5488,1440,4167,3185,982,2761,2303,458,2776,1911,865,1780,1204,576,996,707,289
32,000,STATE - KERALA,01,016,0162,Support activities for animal production,33,11,22,29,11,18,4,0,4,25,2,23,16,0,16,9,2,7
32,000,STATE - KERALA,01,016,0163,Post-harvest crop activities,154,102,52,111,71,40,43,31,12,32,23,9,23,14,9,9,9,0
32,000,STATE - KERALA,01,016,0164,Seed processing for propagation,13,3,10,8,3,5,5,0,5,3,0,3,3,0,3,0,0,0
32,000,STATE - KERALA,01,017,0170,"Hunting, trapping and related service activities",30,30,0,24,24,0,6,6,0,6,6,0,6,6,0,0,0,0
32,000,STATE - KERALA,02,021,0210,Silviculture and other forestry activities,216,150,66,158,100,58,58,50,8,98,58,40,78,46,32,20,12,8
32,000,STATE - KERALA,02,022,0220,Logging,5029,4812,217,3311,3130,181,1718,1682,36,1494,1367,127,956,853,103,538,514,24
32,000,STATE - KERALA,02,023,0230,Gathering of non-wood forest products,389,299,90,301,236,65,88,63,25,185,90,95,149,78,71,36,12,24
32,000,STATE - KERALA,02,024,0240,Support services to forestry,399,246,153,390,246,144,9,0,9,103,53,50,100,50,50,3,3,0
32,000,STATE - KERALA,03,031,0311,Marine fishing,3034,2688,346,1521,1352,169,1513,1336,177,618,469,149,204,144,60,414,325,89
32,000,STATE - KERALA,03,031,0312,Freash water fishing,3080,2556,524,1522,1265,257,1558,1291,267,659,462,197,258,193,65,401,269,132
32,000,STATE - KERALA,03,032,0321,Marine aquaculture,86,76,10,44,36,8,42,40,2,9,6,3,3,3,0,6,3,3
32,000,STATE - KERALA,03,032,0322,Freshwater aquaculture,51,36,15,33,21,12,18,15,3,15,15,0,6,6,0,9,9,0
32,000,STATE - KERALA,05,051,0510,Mining of hard coal,3,3,0,3,3,0,0,0,0,0,0,0,0,0,0,0,0,0
32,000,STATE - KERALA,05,052,0520,Mining of lignite,3,3,0,0,0,0,3,3,0,3,3,0,0,0,0,3,3,0
32,000,STATE - KERALA,06,061,0610,Extraction of crude petroleum,114,103,11,58,50,8,56,53,3,19,10,9,10,4,6,9,6,3
32,000,STATE - KERALA,06,062,0620,Extraction of natural gas,6,6,0,3,3,0,3,3,0,3,3,0,0,0,0,3,3,0
32,000,STATE - KERALA,07,071,0710,Mining of iron ores,12,12,0,0,0,0,12,12,0,2,0,2,0,0,0,2,0,2
32,000,STATE - KERALA,07,072,0729,Mining of other non-ferrous metal ores,186,156,30,29,23,6,157,133,24,6,6,0,0,0,0,6,6,0
32,000,STATE - KERALA,08,081,0810,"Quarrying of stone, sand and clay",8970,7676,1294,6186,5256,930,2784,2420,364,2395,2017,378,1767,1485,282,628,532,96
32,000,STATE - KERALA,08,089,0891,Mining of chemical and fertilizer minerals,5,5,0,0,0,0,5,5,0,0,0,0,0,0,0,0,0,0
32,000,STATE - KERALA,08,089,0892,Extraction and agglomeration of peat,2,2,0,0,0,0,2,2,0,0,0,0,0,0,0,0,0,0
32,000,STATE - KERALA,08,089,0893,Extraction of salt,6,6,0,3,3,0,3,3,0,0,0,0,0,0,0,0,0,0
32,000,STATE - KERALA,08,089,0899,Other mining and quarrying n.e.c.,2090,1970,120,1341,1252,89,749,718,31,459,415,44,294,260,34,165,155,10
32,000,STATE - KERALA,09,091,0910,Support activities for petroleum and natural gas mining,24,20,4,8,6,2,16,14,2,0,0,0,0,0,0,0,0,0
32,000,STATE - KERALA,09,099,0990,Support activities for other mining and quarrying,42,40,2,26,26,0,16,14,2,21,18,3,15,15,0,6,3,3
32,000,STATE - KERALA,10,101,1010,Processing and preserving of meat,96,60,36,32,14,18,64,46,18,58,13,45,21,7,14,37,6,31
32,000,STATE - KERALA,10,102,1020,"Processing and preserving of fish, crustaceans and molluscs and",1618,249,1369,574,81,493,1044,168,876,868,48,820,347,21,326,521,27,494
32,000,STATE - KERALA,10,103,1030,Processing and preserving of fruit and vegetables,352,84,268,171,52,119,181,32,149,254,73,181,131,28,103,123,45,78
32,000,STATE - KERALA,10,104,1040,Manufacture of vegetable and animal oils and fats,696,544,152,454,336,118,242,208,34,593,449,144,475,363,112,118,86,32
32,000,STATE - KERALA,10,105,1050,Manufacture of dairy products,740,354,386,432,222,210,308,132,176,369,65,304,229,32,197,140,33,107
32,000,STATE - KERALA,10,106,1061,Manufacture of grain mill products,935,538,397,587,365,222,348,173,175,347,158,189,197,107,90,150,51,99
32,000,STATE - KERALA,10,106,1062,Manufacture of starches and starch products,9,3,6,6,3,3,3,0,3,3,0,3,0,0,0,3,0,3
32,000,STATE - KERALA,10,107,1071,Manufacture of bakery products,1154,761,393,634,473,161,520,288,232,341,139,202,163,77,86,178,62,116
32,000,STATE - KERALA,10,107,1072,Manufacture of sugar,10,8,2,8,8,0,2,0,2,0,0,0,0,0,0,0,0,0
32,000,STATE - KERALA,10,107,1073,"Manufacture of cocoa, chocolate and sugar confectionery",167,80,87,76,32,44,91,48,43,51,4,47,28,4,24,23,0,23
32,000,STATE - KERALA,10,107,1075,Manufacture of prepared meals and dishes,158,88,70,71,43,28,87,45,42,100,36,64,48,14,34,52,22,30
32,000,STATE - KERALA,10,107,1079,Manufacture of other food products n.e.c.,30293,2288,28005,21803,1504,20299,8490,784,7706,7833,499,7334,5626,335,5291,2207,164,2043
32,000,STATE - KERALA,10,108,1080,Manufacture of prepared animal feeds,98,86,12,46,40,6,52,46,6,22,13,9,6,3,3,16,10,6
32,000,STATE - KERALA,11,110,1101,"Distilling, rectifying and blending of spirits; ethyl alcohol production",89,33,56,50,12,38,39,21,18,6,0,6,0,0,0,6,0,6
32,000,STATE - KERALA,11,110,1103,Manufacture of malt liquors and malt,72,9,63,35,6,29,37,3,34,3,0,3,3,0,3,0,0,0
32,000,STATE - KERALA,11,110,1104,Manufacture of soft drinks; production of mineral waters and other,442,256,186,220,129,91,222,127,95,105,30,75,51,13,38,54,17,37
32,000,STATE - KERALA,12,120,1200,Manufacture of tobacco products,2864,185,2679,1863,58,1805,1001,127,874,1263,67,1196,996,29,967,267,38,229
32,000,STATE - KERALA,13,131,1311,Preparation and spinning of textile fibres,1852,1102,750,1193,740,453,659,362,297,1273,585,688,938,448,490,335,137,198
32,000,STATE - KERALA,13,131,1312,Weaving of textiles,1183,358,825,508,145,363,675,213,462,286,49,237,150,40,110,136,9,127
32,000,STATE - KERALA,13,131,1313,Finishing of textiles,211,82,129,110,34,76,101,48,53,101,25,76,72,16,56,29,9,20
32,000,STATE - KERALA,13,139,1391,Manufacture of knitted and crocheted fabrics,55,18,37,46,15,31,9,3,6,11,0,11,11,0,11,0,0,0
32,000,STATE - KERALA,13,139,1392,"Manufacture of made-up textile articles, except apparel",75,52,23,19,8,11,56,44,12,36,29,7,11,9,2,25,20,5
32,000,STATE - KERALA,13,139,1393,Manufacture of carpets and rugs,421,268,153,119,67,52,302,201,101,157,84,73,48,31,17,109,53,56
32,000,STATE - KERALA,13,139,1394,"Manufacture of cordage, rope, twine and netting",4512,832,3680,1754,254,1500,2758,578,2180,1732,189,1543,708,61,647,1024,128,896
32,000,STATE - KERALA,13,139,1399,Manufacture of other textiles n.e.c.,187,88,99,118,71,47,69,17,52,68,20,48,35,12,23,33,8,25
32,000,STATE - KERALA,14,141,1410,"Manufacture of wearing apparel, except fur apparel",11239,4662,6577,5748,2308,3440,5491,2354,3137,4361,731,3630,2305,406,1899,2056,325,1731
32,000,STATE - KERALA,14,142,1420,Manufacture of articles of fur,5,3,2,2,0,2,3,3,0,0,0,0,0,0,0,0,0,0
32,000,STATE - KERALA,14,143,1430,Manufacture of knitted and crocheted apparel,150,82,68,112,74,38,38,8,30,66,42,24,66,42,24,0,0,0
32,000,STATE - KERALA,15,151,1511,Tanning and dressing of leather; dressing and dyeing of fur,15,6,9,6,0,6,9,6,3,9,0,9,6,0,6,3,0,3
32,000,STATE - KERALA,15,151,1512,"Manufacture of luggage, handbags and the like, saddlery and harness",352,194,158,156,86,70,196,108,88,96,18,78,52,18,34,44,0,44
32,000,STATE - KERALA,15,152,1520,Manufacture of footwear,666,482,184,170,125,45,496,357,139,143,80,63,54,37,17,89,43,46
32,000,STATE - KERALA,16,161,1610,Saw milling and planing of wood,2210,2004,206,1085,1010,75,1125,994,131,444,373,71,184,178,6,260,195,65
32,000,STATE - KERALA,16,162,1621,"Manufacture of veneer sheets; manufacture of plywood, laminboard,",524,275,249,194,88,106,330,187,143,60,18,42,26,3,23,34,15,19
32,000,STATE - KERALA,16,162,1622,Manufacture of builders carpentry and joinery,5933,5820,113,2850,2784,66,3083,3036,47,1278,1260,18,663,653,10,615,607,8
32,000,STATE - KERALA,16,162,1623,Manufacture of wooden containers,2379,1133,1246,1774,845,929,605,288,317,1394,457,937,960,305,655,434,152,282
32,000,STATE - KERALA,16,162,1629,"Manufacture of other products of wood; manufacture of articles of cork,",1816,892,924,1168,592,576,648,300,348,1333,540,793,850,420,430,483,120,363
32,000,STATE - KERALA,17,170,1701,"Manufacture of pulp, paper and paperboard",140,94,46,112,73,39,28,21,7,16,12,4,13,9,4,3,3,0
32,000,STATE - KERALA,17,170,1702,Manufacture of corrugated paper and paperboard and containers of,134,62,72,42,15,27,92,47,45,35,8,27,16,5,11,19,3,16
32,000,STATE - KERALA,17,170,1709,Manufacture of other articles of paper and paperboard,163,99,64,80,46,34,83,53,30,43,18,25,16,12,4,27,6,21
32,000,STATE - KERALA,18,181,1811,Printing,1430,889,541,513,328,185,917,561,356,259,94,165,78,15,63,181,79,102
32,000,STATE - KERALA,18,181,1812,Service activities related to printing,461,191,270,140,70,70,321,121,200,100,31,69,28,9,19,72,22,50
32,000,STATE - KERALA,18,182,1820,Reproduction of recorded media,2,2,0,2,2,0,0,0,0,0,0,0,0,0,0,0,0,0
32,000,STATE - KERALA,19,191,1910,Manufacture of coke oven products,7,5,2,2,0,2,5,5,0,0,0,0,0,0,0,0,0,0
32,000,STATE - KERALA,19,192,1920,Manufacture of refined petroleum products,531,491,40,116,112,4,415,379,36,66,47,19,18,12,6,48,35,13
32,000,STATE - KERALA,20,201,2011,Manufacture of basic chemicals,258,219,39,63,57,6,195,162,33,28,17,11,0,0,0,28,17,11
32,000,STATE - KERALA,20,201,2012,Manufacture of fertilizers and nitrogen compounds,414,354,60,72,66,6,342,288,54,35,15,20,0,0,0,35,15,20
32,000,STATE - KERALA,20,201,2013,Manufacture of plastics and synthetic rubber in primary forms,36,21,15,24,18,6,12,3,9,3,3,0,3,3,0,0,0,0
32,000,STATE - KERALA,20,202,2021,Manufacture of pesticides and other agrochemical products,72,39,33,22,6,16,50,33,17,6,6,0,3,3,0,3,3,0
32,000,STATE - KERALA,20,202,2022,"Manufacture of paints, varnishes and similar coatings, printing ink and",123,105,18,59,47,12,64,58,6,29,29,0,24,24,0,5,5,0
32,000,STATE - KERALA,20,202,2023,"Manufacture of soap and detergents, cleaning and polishing preparations,",356,154,202,180,57,123,176,97,79,142,37,105,62,10,52,80,27,53
32,000,STATE - KERALA,20,202,2029,Manufacture of other chemical products n.e.c.,549,250,299,301,113,188,248,137,111,170,42,128,98,22,76,72,20,52
32,000,STATE - KERALA,20,203,2030,Manufacture of man-made fibres,6,6,0,0,0,0,6,6,0,0,0,0,0,0,0,0,0,0
32,000,STATE - KERALA,21,210,2100,"Manufacture of pharmaceuticals, medicinal chemical and botanical",1053,753,300,447,325,122,606,428,178,206,90,116,74,32,42,132,58,74
32,000,STATE - KERALA,22,221,2211,Manufacture of rubber tyres and tubes; retreading and rebuilding of,843,798,45,354,338,16,489,460,29,113,107,6,55,49,6,58,58,0
32,000,STATE - KERALA,22,221,2219,Manufacture of other rubber products,764,479,285,372,211,161,392,268,124,117,52,65,75,42,33,42,10,32
32,000,STATE - KERALA,22,222,2220,Manufacture of plastics products,748,319,429,365,170,195,383,149,234,124,43,81,44,16,28,80,27,53
32,000,STATE - KERALA,23,231,2310,Manufacture of glass and glass products,287,125,162,141,57,84,146,68,78,117,21,96,43,18,25,74,3,71
32,000,STATE - KERALA,23,239,2391,Manufacture of refractory products,450,324,126,291,228,63,159,96,63,84,49,35,39,21,18,45,28,17
32,000,STATE - KERALA,23,239,2392,Manufacture of clay building materials,2497,1755,742,1579,1096,483,918,659,259,935,645,290,641,450,191,294,195,99
32,000,STATE - KERALA,23,239,2393,Manufacture of other porcelain and ceramic products,419,261,158,223,130,93,196,131,65,97,48,49,47,29,18,50,19,31
32,000,STATE - KERALA,23,239,2394,"Manufacture of cement, lime and plaster",257,211,46,137,104,33,120,107,13,43,23,20,29,11,18,14,12,2
32,000,STATE - KERALA,23,239,2395,"Manufacture of articles of concrete, cement and plaster",1846,1282,564,1022,694,328,824,588,236,384,215,169,210,133,77,174,82,92
32,000,STATE - KERALA,23,239,2396,"Cutting, shaping and finishing of stone",321,288,33,184,164,20,137,124,13,110,91,19,79,65,14,31,26,5
32,000,STATE - KERALA,23,239,2399,Manufacture of other non-metallic mineral products n.e.c.,17,14,3,8,8,0,9,6,3,0,0,0,0,0,0,0,0,0
32,000,STATE - KERALA,24,241,2410,Manufacture of basic iron and steel,221,197,24,101,86,15,120,111,9,12,12,0,12,12,0,0,0,0
32,000,STATE - KERALA,24,242,2420,Manufacture of basic precious and other non-ferrous metals,107,86,21,47,44,3,60,42,18,29,6,23,11,0,11,18,6,12
32,000,STATE - KERALA,24,243,2431,Casting of iron and steel,786,425,361,366,158,208,420,267,153,190,89,101,70,36,34,120,53,67
32,000,STATE - KERALA,24,243,2432,Casting of non-ferrous metals,9,9,0,6,6,0,3,3,0,0,0,0,0,0,0,0,0,0
32,000,STATE - KERALA,25,251,2511,Manufacture of structural metal products,4758,4650,108,2442,2382,60,2316,2268,48,913,907,6,501,495,6,412,412,0
32,000,STATE - KERALA,25,251,2512,"Manufacture of tanks, reservoirs and containers of metal",18,9,9,6,0,6,12,9,3,0,0,0,0,0,0,0,0,0
32,000,STATE - KERALA,25,259,2591,"Forging, pressing, stamping and roll-forming of metal; powder",15,15,0,9,9,0,6,6,0,0,0,0,0,0,0,0,0,0
32,000,STATE - KERALA,25,259,2592,Machining; treatment and coating of metals,202,196,6,152,146,6,50,50,0,46,44,2,44,44,0,2,0,2
32,000,STATE - KERALA,25,259,2593,"Manufacture of cutlery, hand tools and general hardware",619,595,24,335,328,7,284,267,17,101,86,15,64,51,13,37,35,2
32,000,STATE - KERALA,25,259,2599,Manufacture of other fabricated metal products n.e.c.,2305,2191,114,1117,1095,22,1188,1096,92,437,398,39,221,204,17,216,194,22
32,000,STATE - KERALA,26,261,2610,Manufacture of electronic components,407,254,153,164,101,63,243,153,90,63,17,46,18,3,15,45,14,31
32,000,STATE - KERALA,26,262,2620,Manufacture of computers and peripheral equipment,37,31,6,17,14,3,20,17,3,0,0,0,0,0,0,0,0,0
32,000,STATE - KERALA,26,263,2630,Manufacture of communication equipment,133,102,31,37,31,6,96,71,25,13,10,3,2,2,0,11,8,3
32,000,STATE - KERALA,26,264,2640,Manufacture of consumer electronics,12,12,0,6,6,0,6,6,0,9,6,3,6,6,0,3,0,3
32,000,STATE - KERALA,26,265,2651,"Manufacture of measuring, testing, navigating and control equipment",23,20,3,11,11,0,12,9,3,0,0,0,0,0,0,0,0,0
32,000,STATE - KERALA,26,265,2652,Manufacture of watches and clocks,32,32,0,6,6,0,26,26,0,0,0,0,0,0,0,0,0,0
32,000,STATE - KERALA,26,267,2670,Manufacture of optical instruments and equipment,27,15,12,9,3,6,18,12,6,2,2,0,2,2,0,0,0,0
32,000,STATE - KERALA,27,271,2710,"Manufacture of electric motors, generators, transformers and electricity",125,94,31,71,54,17,54,40,14,35,24,11,26,15,11,9,9,0
32,000,STATE - KERALA,27,272,2720,Manufacture of batteries and accumulators,17,9,8,12,6,6,5,3,2,0,0,0,0,0,0,0,0,0
32,000,STATE - KERALA,27,273,2731,Manufacture of fibre optic cables for data transmission or live,6,6,0,3,3,0,3,3,0,3,0,3,3,0,3,0,0,0
32,000,STATE - KERALA,27,273,2732,Manufacture of other electronic and electric wires and cables,11,8,3,3,3,0,8,5,3,3,3,0,0,0,0,3,3,0
32,000,STATE - KERALA,27,273,2733,Manufacture of wiring devices,37,22,15,9,9,0,28,13,15,9,6,3,0,0,0,9,6,3
32,000,STATE - KERALA,27,274,2740,Manufacture of electric lighting equipment,21,21,0,12,12,0,9,9,0,2,0,2,0,0,0,2,0,2
32,000,STATE - KERALA,27,275,2750,Manufacture of domestic appliances,193,179,14,66,57,9,127,122,5,32,29,3,11,11,0,21,18,3
32,000,STATE - KERALA,27,279,2790,Manufacture of other electrical equipment,53,48,5,28,26,2,25,22,3,10,3,7,2,0,2,8,3,5
32,000,STATE - KERALA,28,281,2811,"Manufacture of engines and turbines, except aircraft, vehicle and cycle",3,3,0,0,0,0,3,3,0,0,0,0,0,0,0,0,0,0
32,000,STATE - KERALA,28,281,2813,"Manufacture of other pumps, compressors, taps and valves",15,15,0,3,3,0,12,12,0,0,0,0,0,0,0,0,0,0
32,000,STATE - KERALA,28,281,2815,"Manufacture of ovens, furnaces and furnace burners",11,11,0,2,2,0,9,9,0,3,3,0,0,0,0,3,3,0
32,000,STATE - KERALA,28,281,2816,Manufacture of lifting and handling equipment,18,18,0,6,6,0,12,12,0,6,6,0,6,6,0,0,0,0
32,000,STATE - KERALA,28,281,2817,Manufacture of office machinery and equipment,12,12,0,6,6,0,6,6,0,0,0,0,0,0,0,0,0,0
32,000,STATE - KERALA,28,281,2819,Manufacture of other general-purpose machinery,71,66,5,12,12,0,59,54,5,17,17,0,14,14,0,3,3,0
32,000,STATE - KERALA,28,282,2821,Manufacture of agricultural and forestry machinery,58,50,8,18,18,0,40,32,8,0,0,0,0,0,0,0,0,0
32,000,STATE - KERALA,28,282,2822,Manufacture of metal-forming machinery and machine tools,44,44,0,12,12,0,32,32,0,8,8,0,6,6,0,2,2,0
32,000,STATE - KERALA,28,282,2823,Manufacture of machinery for metallurgy,3,3,0,3,3,0,0,0,0,0,0,0,0,0,0,0,0,0
32,000,STATE - KERALA,28,282,2824,"Manufacture of machinery for mining, quarrying and construction",26,23,3,14,14,0,12,9,3,0,0,0,0,0,0,0,0,0
32,000,STATE - KERALA,28,282,2825,"Manufacture of machinery for food, beverage and tobacco processing",6,0,6,0,0,0,6,0,6,3,3,0,3,3,0,0,0,0
32,000,STATE - KERALA,28,282,2826,"Manufacture of machinery for textile, apparel and leather production",23,14,9,11,5,6,12,9,3,6,6,0,3,3,0,3,3,0
32,000,STATE - KERALA,28,282,2829,Manufacture of other special-purpose machinery,14,12,2,5,3,2,9,9,0,2,2,0,2,2,0,0,0,0
32,000,STATE - KERALA,29,291,2910,Manufacture of motor vehicles,45,45,0,24,24,0,21,21,0,9,9,0,6,6,0,3,3,0
32,000,STATE - KERALA,29,292,2920,Manufacture of bodies (coachwork) for motor vehicles; manufacture of trailers and semi-trailers,67,58,9,21,15,6,46,43,3,26,20,6,16,10,6,10,10,0
32,000,STATE - KERALA,29,293,2930,Manufacture of parts and accessories for motor vehicles,294,273,21,95,89,6,199,184,15,57,54,3,25,25,0,32,29,3
32,000,STATE - KERALA,30,301,3011,Building of ships and floating structures,576,546,30,153,150,3,423,396,27,84,75,9,33,30,3,51,45,6
32,000,STATE - KERALA,30,301,3012,Building of pleasure and sporting boats,0,0,0,0,0,0,0,0,0,3,3,0,0,0,0,3,3,0
32,000,STATE - KERALA,30,302,3020,Manufacture of railway locomotives and rolling stock,93,62,31,53,25,28,40,37,3,71,13,58,64,11,53,7,2,5
32,000,STATE - KERALA,30,303,3030,Manufacture of air and spacecraft and related machinery,19,19,0,2,2,0,17,17,0,2,2,0,0,0,0,2,2,0
32,000,STATE - KERALA,30,309,3091,Manufacture of motorcycles,3,3,0,0,0,0,3,3,0,2,0,2,2,0,2,0,0,0
32,000,STATE - KERALA,30,309,3092,Manufacture of bicycles and invalid carriages,11,3,8,0,0,0,11,3,8,0,0,0,0,0,0,0,0,0
32,000,STATE - KERALA,30,309,3099,Manufacture of other transport equipment n.e.c.,340,328,12,231,221,10,109,107,2,153,139,14,83,71,12,70,68,2
32,000,STATE - KERALA,31,310,3100,Manufacture of furniture,4231,4071,160,2005,1939,66,2226,2132,94,906,794,112,481,417,64,425,377,48
32,000,STATE - KERALA,32,321,3211,Manufacture of jewellery and related articles,1974,1694,280,819,727,92,1155,967,188,293,175,118,125,87,38,168,88,80
32,000,STATE - KERALA,32,321,3212,Manufacture of imitation jewellery and related articles,81,21,60,20,6,14,61,15,46,66,9,57,36,6,30,30,3,27
32,000,STATE - KERALA,32,322,3220,Manufacture of musical instruments,20,20,0,6,6,0,14,14,0,0,0,0,0,0,0,0,0,0
32,000,STATE - KERALA,32,324,3240,Manufacture of games and toys,60,15,45,20,0,20,40,15,25,10,2,8,5,2,3,5,0,5
32,000,STATE - KERALA,32,325,3250,Manufacture of medical and dental instruments and supplies,29,20,9,6,6,0,23,14,9,5,3,2,5,3,2,0,0,0
32,000,STATE - KERALA,32,329,3290,Other manufacturing n.e.c.,5619,4157,1462,2395,1840,555,3224,2317,907,1084,659,425,413,252,161,671,407,264
32,000,STATE - KERALA,33,331,3311,Repair of fabricated metal products,40,40,0,23,23,0,17,17,0,17,17,0,8,8,0,9,9,0
32,000,STATE - KERALA,33,331,3312,Repair of machinery,94,86,8,50,50,0,44,36,8,32,26,6,17,11,6,15,15,0
32,000,STATE - KERALA,33,331,3313,Repair of electronic and optical equipment,99,86,13,48,42,6,51,44,7,15,15,0,9,9,0,6,6,0
32,000,STATE - KERALA,33,331,3314,Repair of electrical equipment,439,426,13,236,231,5,203,195,8,111,108,3,75,72,3,36,36,0
32,000,STATE - KERALA,33,331,3315,"Repair of transport equipment, except motor vehicles",44,44,0,20,20,0,24,24,0,0,0,0,0,0,0,0,0,0
32,000,STATE - KERALA,33,331,3319,Repair of other equipment,18,18,0,9,9,0,9,9,0,12,12,0,12,12,0,0,0,0
32,000,STATE - KERALA,33,332,3320,Installation of industrial machinery and equipment,24,24,0,12,12,0,12,12,0,8,8,0,8,8,0,0,0,0
32,000,STATE - KERALA,35,351,3510,"Electric power generation, transmission and distribution",4395,3846,549,2200,2048,152,2195,1798,397,313,259,54,148,116,32,165,143,22
32,000,STATE - KERALA,35,352,3520,Manufacture of gas; distribution of gaseous fuels through mains,72,54,18,22,16,6,50,38,12,8,8,0,5,5,0,3,3,0
32,000,STATE - KERALA,35,353,3530,Steam and air conditioning supply,59,32,27,12,6,6,47,26,21,10,6,4,6,6,0,4,0,4
32,000,STATE - KERALA,36,360,3600,"Water collection, treatment and supply",849,697,152,360,325,35,489,372,117,112,84,28,64,47,17,48,37,11
32,000,STATE - KERALA,37,370,3700,Sewerage,52,38,14,12,9,3,40,29,11,5,5,0,2,2,0,3,3,0
32,000,STATE - KERALA,38,381,3811,Collection of non-hazardous waste,441,201,240,109,53,56,332,148,184,179,72,107,55,24,31,124,48,76
32,000,STATE - KERALA,38,381,3812,Collection of hazardous waste,85,60,25,24,15,9,61,45,16,7,5,2,3,3,0,4,2,2
32,000,STATE - KERALA,38,382,3821,Treatment and disposal of non-hazardous waste,22,6,16,6,6,0,16,0,16,3,0,3,0,0,0,3,0,3
32,000,STATE - KERALA,38,382,3822,Treatment and disposal of hazardous waste,8,6,2,6,6,0,2,0,2,0,0,0,0,0,0,0,0,0
32,000,STATE - KERALA,39,390,3900,Remediation activities and other waste management services,17,3,14,0,0,0,17,3,14,0,0,0,0,0,0,0,0,0
32,000,STATE - KERALA,41,410,4100,Construction of buildings,166787,149845,16942,85735,77209,8526,81052,72636,8416,38543,32175,6368,21016,17568,3448,17527,14607,2920
32,000,STATE - KERALA,42,421,4210,Construction roads and railways,19142,3745,15397,13405,2550,10855,5737,1195,4542,40953,2520,38433,27862,1878,25984,13091,642,12449
32,000,STATE - KERALA,42,422,4220,Construction of utility projects,1725,1637,88,728,687,41,997,950,47,484,463,21,248,232,16,236,231,5
32,000,STATE - KERALA,42,429,4290,Construction of other civil engineering projects,569,412,157,265,197,68,304,215,89,102,46,56,58,14,44,44,32,12
32,000,STATE - KERALA,43,431,4311,Demolition,70,70,0,47,47,0,23,23,0,20,20,0,12,12,0,8,8,0
32,000,STATE - KERALA,43,431,4312,Site preparation,742,704,38,542,514,28,200,190,10,231,196,35,147,130,17,84,66,18
32,000,STATE - KERALA,43,432,4321,Electrical installation,5948,5889,59,2659,2627,32,3289,3262,27,1453,1414,39,796,770,26,657,644,13
32,000,STATE - KERALA,43,432,4322,"Plumbing, heat and air-conditioning installation",2628,2610,18,1149,1141,8,1479,1469,10,639,625,14,313,305,8,326,320,6
32,000,STATE - KERALA,43,432,4329,Other construction installation,60,42,18,24,21,3,36,21,15,11,6,5,6,4,2,5,2,3
32,000,STATE - KERALA,43,433,4330,Building completion and finishing,42037,41122,915,20275,19851,424,21762,21271,491,9660,9045,615,4949,4634,315,4711,4411,300
32,000,STATE - KERALA,43,439,4390,Other specialized construction activities,12,12,0,12,12,0,0,0,0,3,3,0,3,3,0,0,0,0
32,000,STATE - KERALA,45,451,4510,Sale of motor vehicles,445,361,84,156,142,14,289,219,70,104,64,40,32,26,6,72,38,34
32,000,STATE - KERALA,45,452,4520,Maintenance and repair of motor vehicles,7966,7841,125,3930,3895,35,4036,3946,90,1503,1477,26,728,723,5,775,754,21
32,000,STATE - KERALA,45,453,4530,Sale of motor vehicle parts and accessories,379,309,70,168,138,30,211,171,40,45,31,14,29,20,9,16,11,5
32,000,STATE - KERALA,45,454,4540,"Sale, maintenance and repair of motorcycles and related parts and",540,514,26,294,275,19,246,239,7,96,88,8,53,53,0,43,35,8
32,000,STATE - KERALA,46,461,4610,Wholesale on a fee or contract basis,57,41,16,23,23,0,34,18,16,24,12,12,12,6,6,12,6,6
32,000,STATE - KERALA,46,462,4620,Wholesale of agricultural raw materials and live animals,205,164,41,114,83,31,91,81,10,72,66,6,50,44,6,22,22,0
32,000,STATE - KERALA,46,463,4630,"Wholesale of food, beverages and tobacco",521,319,202,302,188,114,219,131,88,89,47,42,39,14,25,50,33,17
32,000,STATE - KERALA,46,464,4641,"Wholesale of textiles, clothing and footwear",45,30,15,21,15,6,24,15,9,6,3,3,3,3,0,3,0,3
32,000,STATE - KERALA,46,464,4649,Wholesale of other household goods,211,157,54,104,68,36,107,89,18,33,26,7,14,12,2,19,14,5
32,000,STATE - KERALA,46,465,4652,Wholesale of electronic and telecommunications equipment and parts,100,81,19,45,40,5,55,41,14,17,11,6,2,2,0,15,9,6
32,000,STATE - KERALA,46,465,4653,"Wholesale of agricultural machinery, equipment and supplies",6,3,3,0,0,0,6,3,3,0,0,0,0,0,0,0,0,0
32,000,STATE - KERALA,46,465,4659,Wholesale of other machinery and equipment,191,179,12,136,134,2,55,45,10,37,35,2,27,27,0,10,8,2
32,000,STATE - KERALA,46,466,4661,"Wholesale of solid, liquid and gaseous fuels and related products",6,6,0,6,6,0,0,0,0,0,0,0,0,0,0,0,0,0
32,000,STATE - KERALA,46,466,4663,"Wholesale of construction materials, hardware, plumbing and heating",105,90,15,68,62,6,37,28,9,39,28,11,27,21,6,12,7,5
32,000,STATE - KERALA,46,466,4669,Wholesale of waste and scrap and other products n.e.c.,410,309,101,182,157,25,228,152,76,163,76,87,53,30,23,110,46,64
32,000,STATE - KERALA,46,469,4690,Non-specialized wholesale trade,200,139,61,62,40,22,138,99,39,39,28,11,32,21,11,7,7,0
32,000,STATE - KERALA,47,471,4711,"Retail sale in non-specialized stores with food, beverages or tobacco",478,338,140,274,187,87,204,151,53,107,46,61,70,28,42,37,18,19
32,000,STATE - KERALA,47,471,4719,Other retail sale in non-specialized stores,7914,5239,2675,3568,2379,1189,4346,2860,1486,2037,1042,995,999,521,478,1038,521,517
32,000,STATE - KERALA,47,472,4721,Retail sale of food in specialized stores,4862,3573,1289,2320,1770,550,2542,1803,739,1132,621,511,516,294,222,616,327,289
32,000,STATE - KERALA,47,472,4722,Retail sale of beverages in specialized stores,132,124,8,68,62,6,64,62,2,6,3,3,3,3,0,3,0,3
32,000,STATE - KERALA,47,472,4723,Retail sale of tobacco products in specialized stores,53,43,10,28,24,4,25,19,6,16,10,6,9,5,4,7,5,2
32,000,STATE - KERALA,47,473,4730,Retail sale of automotive fuel in specialized stores,887,519,368,462,269,193,425,250,175,193,94,99,118,52,66,75,42,33
32,000,STATE - KERALA,47,474,4741,"Retail sale of computers, peripheral units, software and",597,461,136,239,194,45,358,267,91,166,113,53,87,60,27,79,53,26
32,000,STATE - KERALA,47,474,4742,Retail sale of audio and video equipment in specialized stores,15,9,6,3,3,0,12,6,6,0,0,0,0,0,0,0,0,0
32,000,STATE - KERALA,47,475,4751,Retail sale of textiles in specialized stores,3299,1075,2224,1509,432,1077,1790,643,1147,834,215,619,456,111,345,378,104,274
32,000,STATE - KERALA,47,475,4752,"Retail sale of hardware, paints and glass in specialized stores",1179,999,180,562,479,83,617,520,97,202,162,40,105,86,19,97,76,21
32,000,STATE - KERALA,47,475,4753,"Retail sale of carpets, rugs, wall and floor coverings in specialized",35,32,3,20,20,0,15,12,3,0,0,0,0,0,0,0,0,0
32,000,STATE - KERALA,47,475,4759,"Retail sale of electrical household appliances, furniture, lighting",1498,1226,272,650,541,109,848,685,163,260,162,98,126,72,54,134,90,44
32,000,STATE - KERALA,47,476,4761,"Retail sale of books, newspapers and stationary in specialized stores",1842,1182,660,828,515,313,1014,667,347,467,292,175,202,136,66,265,156,109
32,000,STATE - KERALA,47,476,4762,Retail sale of music and video recordings in specialized stores,5,5,0,2,2,0,3,3,0,6,6,0,0,0,0,6,6,0
32,000,STATE - KERALA,47,476,4764,Retail sale of games and toys in specialized stores,62,36,26,17,8,9,45,28,17,35,27,8,12,9,3,23,18,5
32,000,STATE - KERALA,47,477,4771,"Retail sale of clothing, footwear and leather articles in specialized",1098,566,532,544,263,281,554,303,251,258,71,187,117,34,83,141,37,104
32,000,STATE - KERALA,47,477,4772,"Retail sale of pharmaceutical and medical goods, cosmetic and toilet",2551,1479,1072,1191,694,497,1360,785,575,540,227,313,258,100,158,282,127,155
32,000,STATE - KERALA,47,477,4773,Other retail sale of new goods in specialized stores,1631,1248,383,621,489,132,1010,759,251,346,190,156,196,100,96,150,90,60
32,000,STATE - KERALA,47,477,4774,Retail sale of second-hand goods,23,12,11,0,0,0,23,12,11,2,2,0,0,0,0,2,2,0
32,000,STATE - KERALA,47,478,4781,"Retail sale via stalls and markets of food, beverages and tobacco",276,219,57,121,91,30,155,128,27,40,27,13,13,11,2,27,16,11
32,000,STATE - KERALA,47,478,4782,"Retail sale via stalls and markets of textiles, clothing and footwear",493,149,344,231,42,189,262,107,155,163,55,108,102,34,68,61,21,40
32,000,STATE - KERALA,47,478,4789,Retail sale via stalls and markets of other goods,833,684,149,366,282,84,467,402,65,196,145,51,98,69,29,98,76,22
32,000,STATE - KERALA,47,479,4791,Retail sale via mail order houses or via Internet,15,11,4,2,2,0,13,9,4,3,3,0,0,0,0,3,3,0
32,000,STATE - KERALA,47,479,4799,"Other retail sale not in stores, stalls or markets",756,568,188,275,206,69,481,362,119,189,132,57,73,57,16,116,75,41
32,000,STATE - KERALA,49,491,4911,Passenger rail transport,2092,1773,319,557,488,69,1535,1285,250,87,64,23,32,29,3,55,35,20
32,000,STATE - KERALA,49,491,4912,Freight rail transport,146,139,7,34,34,0,112,105,7,12,9,3,3,3,0,9,6,3
32,000,STATE - KERALA,49,492,4921,Urban or suburban passenger land transport,7436,7207,229,4112,3995,117,3324,3212,112,1181,1139,42,767,751,16,414,388,26
32,000,STATE - KERALA,49,492,4922,Other passenger land transport,30101,29718,383,15167,14974,193,14934,14744,190,4628,4541,87,2539,2495,44,2089,2046,43
32,000,STATE - KERALA,49,492,4923,Freight transport by road,21522,19725,1797,10941,9952,989,10581,9773,808,4470,3678,792,2416,1989,427,2054,1689,365
32,000,STATE - KERALA,50,501,5011,Sea and coastal passenger water transport,343,319,24,92,92,0,251,227,24,44,33,11,35,24,11,9,9,0
32,000,STATE - KERALA,50,501,5012,Sea and coastal freight water transport,238,213,25,20,18,2,218,195,23,3,3,0,0,0,0,3,3,0
32,000,STATE - KERALA,50,502,5021,Inland passenger water transport,162,159,3,101,101,0,61,58,3,23,21,2,5,5,0,18,16,2
32,000,STATE - KERALA,50,502,5022,Inland freight water transport,28,24,4,0,0,0,28,24,4,3,3,0,3,3,0,0,0,0
32,000,STATE - KERALA,51,511,5110,Passenger air transport,305,204,101,75,45,30,230,159,71,28,16,12,0,0,0,28,16,12
32,000,STATE - KERALA,51,512,5120,Freight air transport,141,106,35,35,26,9,106,80,26,22,19,3,2,2,0,20,17,3
32,000,STATE - KERALA,52,521,5210,Warehousing and storage,875,734,141,317,252,65,558,482,76,151,126,25,31,25,6,120,101,19
32,000,STATE - KERALA,52,522,5221,Service activities incidental to land transportation,106,92,14,54,48,6,52,44,8,17,14,3,8,8,0,9,6,3
32,000,STATE - KERALA,52,522,5222,Service activities incidental to water transportation,23,17,6,8,8,0,15,9,6,0,0,0,0,0,0,0,0,0
32,000,STATE - KERALA,52,522,5223,Service activities incidental to air transportation,42,36,6,18,18,0,24,18,6,5,5,0,0,0,0,5,5,0
32,000,STATE - KERALA,52,522,5224,Cargo handling,101,99,2,12,12,0,89,87,2,8,6,2,8,6,2,0,0,0
32,000,STATE - KERALA,52,522,5229,Other transportation support activities,139,114,25,65,48,17,74,66,8,40,26,14,27,18,9,13,8,5
32,000,STATE - KERALA,53,531,5310,Postal activities,2802,1979,823,1386,1035,351,1416,944,472,158,92,66,83,42,41,75,50,25
32,000,STATE - KERALA,53,532,5320,Courier activities,346,274,72,111,95,16,235,179,56,41,32,9,14,14,0,27,18,9
32,000,STATE - KERALA,55,551,5510,Short term accommodation activities,3092,2362,730,1775,1392,383,1317,970,347,687,472,215,409,279,130,278,193,85
32,000,STATE - KERALA,55,552,5520,"Camping grounds, recreational vehicle parks and trailer parks",6,6,0,6,6,0,0,0,0,0,0,0,0,0,0,0,0,0
32,000,STATE - KERALA,55,559,5590,Other accommodation,406,188,218,159,85,74,247,103,144,62,28,34,30,11,19,32,17,15
32,000,STATE - KERALA,56,561,5610,Restaurants and mobile food service activities,3051,2394,657,1767,1441,326,1284,953,331,553,407,146,313,236,77,240,171,69
32,000,STATE - KERALA,56,562,5621,Event catering,700,531,169,366,287,79,334,244,90,282,197,85,145,116,29,137,81,56
32,000,STATE - KERALA,56,562,5629,Other food service activities,302,108,194,133,45,88,169,63,106,68,29,39,39,18,21,29,11,18
32,000,STATE - KERALA,56,563,5630,Beverage serving activities,2157,1738,419,1155,972,183,1002,766,236,448,321,127,279,201,78,169,120,49
32,000,STATE - KERALA,58,581,5811,Book publishing,18,12,6,6,0,6,12,12,0,6,0,6,3,0,3,3,0,3
32,000,STATE - KERALA,58,581,5813,"Publishing of newspapers, journals and periodicals",264,233,31,133,119,14,131,114,17,38,35,3,17,17,0,21,18,3
32,000,STATE - KERALA,58,581,5819,Other publishing activities,3,3,0,3,3,0,0,0,0,0,0,0,0,0,0,0,0,0
32,000,STATE - KERALA,58,582,5820,Software publishing,23,9,14,12,9,3,11,0,11,3,0,3,0,0,0,3,0,3
32,000,STATE - KERALA,59,591,5911,"Motion picture, video and television programme production activities",182,167,15,44,42,2,138,125,13,45,42,3,15,15,0,30,27,3
32,000,STATE - KERALA,59,591,5912,"Motion picture, video and television programme post-production",21,15,6,12,12,0,9,3,6,3,3,0,0,0,0,3,3,0
32,000,STATE - KERALA,59,591,5913,"Motion picture, video and television programme distribution activities",36,34,2,10,10,0,26,24,2,5,5,0,2,2,0,3,3,0
32,000,STATE - KERALA,59,591,5914,Motion picture projection activities,157,132,25,54,41,13,103,91,12,20,20,0,3,3,0,17,17,0
32,000,STATE - KERALA,59,592,5920,Sound recording and music publishing activitiesT,24,24,0,18,18,0,6,6,0,8,8,0,5,5,0,3,3,0
32,000,STATE - KERALA,60,601,6010,Radio broadcasting,65,44,21,10,6,4,55,38,17,0,0,0,0,0,0,0,0,0
32,000,STATE - KERALA,60,602,6020,Television programming and broadcasting activities,257,223,34,66,52,14,191,171,20,50,38,12,30,24,6,20,14,6
32,000,STATE - KERALA,61,611,6110,Wired telecommunications activities,3064,2544,520,1113,966,147,1951,1578,373,352,236,116,183,125,58,169,111,58
32,000,STATE - KERALA,61,612,6120,Wireless telecommunications activities,261,197,64,80,71,9,181,126,55,25,18,7,9,9,0,16,9,7
32,000,STATE - KERALA,61,613,6130,Satellite telecommunications activities,45,39,6,27,21,6,18,18,0,2,2,0,2,2,0,0,0,0
32,000,STATE - KERALA,61,619,6190,Other telecommunications activities,369,318,51,156,136,20,213,182,31,27,23,4,18,14,4,9,9,0
32,000,STATE - KERALA,62,620,6201,Computer programming activities,981,665,316,324,216,108,657,449,208,157,66,91,49,26,23,108,40,68
32,000,STATE - KERALA,62,620,6202,Computer consultancy and computer facilities management activities,662,389,273,232,148,84,430,241,189,153,77,76,84,38,46,69,39,30
32,000,STATE - KERALA,62,620,6209,Other information technology and computer service activities,350,223,127,121,73,48,229,150,79,101,33,68,50,21,29,51,12,39
32,000,STATE - KERALA,63,631,6311,"Data processing, hosting and related activities",277,91,186,144,56,88,133,35,98,83,26,57,41,14,27,42,12,30
32,000,STATE - KERALA,63,639,6391,News agency activities,18,15,3,3,3,0,15,12,3,0,0,0,0,0,0,0,0,0
32,000,STATE - KERALA,63,639,6399,Other information service activities n.e.c.,185,133,52,70,53,17,115,80,35,17,8,9,6,3,3,11,5,6
32,000,STATE - KERALA,64,641,6411,Central banking,43,35,8,8,8,0,35,27,8,0,0,0,0,0,0,0,0,0
32,000,STATE - KERALA,64,641,6419,Other monetary intermediation,8942,5690,3252,3221,2059,1162,5721,3631,2090,628,292,336,261,123,138,367,169,198
32,000,STATE - KERALA,64,643,6430,"Trusts, funds and other financial vehicles",46,25,21,15,9,6,31,16,15,12,9,3,9,9,0,3,0,3
32,000,STATE - KERALA,64,649,6491,Financial leasing,9,9,0,9,9,0,0,0,0,2,2,0,2,2,0,0,0,0
32,000,STATE - KERALA,64,649,6492,Other credit granting,3,0,3,0,0,0,3,0,3,3,0,3,0,0,0,3,0,3
32,000,STATE - KERALA,64,649,6499,"Other financial service activities, except insurance and pension funding",686,394,292,259,157,102,427,237,190,89,41,48,46,21,25,43,20,23
32,000,STATE - KERALA,65,651,6511,Life insurance,2020,1207,813,767,465,302,1253,742,511,232,94,138,118,48,70,114,46,68
32,000,STATE - KERALA,65,651,6512,Non-life insurance,204,150,54,68,51,17,136,99,37,15,0,15,6,0,6,9,0,9
32,000,STATE - KERALA,65,653,6530,Pension funding,6,6,0,6,6,0,0,0,0,0,0,0,0,0,0,0,0,0
32,000,STATE - KERALA,66,661,6612,Security and commodity contracts brokerage,37,28,9,6,6,0,31,22,9,6,6,0,0,0,0,6,6,0
32,000,STATE - KERALA,66,661,6619,Activities auxiliary to financial service activities n.e.c.,18,15,3,3,3,0,15,12,3,3,3,0,0,0,0,3,3,0
32,000,STATE - KERALA,66,662,6622,Activities of insurance agents and brokers,336,203,133,111,70,41,225,133,92,74,37,37,64,34,30,10,3,7
32,000,STATE - KERALA,66,662,6629,Other activities auxiliary to insurance and pension funding,14,12,2,3,3,0,11,9,2,3,0,3,0,0,0,3,0,3
32,000,STATE - KERALA,66,663,6630,Fund management activities,630,323,307,277,140,137,353,183,170,83,17,66,33,0,33,50,17,33
32,000,STATE - KERALA,68,681,6810,Real estate activities with own or leased property,95,95,0,36,36,0,59,59,0,30,24,6,0,0,0,30,24,6
32,000,STATE - KERALA,68,682,6820,Real estate activities on a fee or contract basis,282,280,2,131,131,0,151,149,2,58,56,2,19,17,2,39,39,0
32,000,STATE - KERALA,69,691,6910,Legal activities,895,540,355,368,233,135,527,307,220,70,49,21,27,20,7,43,29,14
32,000,STATE - KERALA,69,692,6920,"Accounting, bookkeeping and auditing activities; tax consultancy",163,97,66,61,33,28,102,64,38,30,11,19,11,0,11,19,11,8
32,000,STATE - KERALA,70,701,7010,Activities of head offices,25,13,12,10,10,0,15,3,12,6,6,0,0,0,0,6,6,0
32,000,STATE - KERALA,70,702,7020,Management consultancy activities,3,3,0,0,0,0,3,3,0,3,0,3,3,0,3,0,0,0
32,000,STATE - KERALA,71,711,7110,Architectural and engineering activities and related technical,222,177,45,107,86,21,115,91,24,59,44,15,44,32,12,15,12,3
32,000,STATE - KERALA,71,712,7120,Technical testing and analysis,19,4,15,15,0,15,4,4,0,9,3,6,6,3,3,3,0,3
32,000,STATE - KERALA,72,721,7210,Research and experimental development on natural sciences and,520,354,166,76,63,13,444,291,153,31,14,17,2,0,2,29,14,15
32,000,STATE - KERALA,72,722,7220,Research and experimental development on social sciences and,31,17,14,2,2,0,29,15,14,0,0,0,0,0,0,0,0,0
32,000,STATE - KERALA,73,731,7310,Advertising,416,392,24,178,172,6,238,220,18,91,82,9,51,51,0,40,31,9
32,000,STATE - KERALA,74,741,7410,Specialized design activities,516,460,56,187,171,16,329,289,40,91,72,19,25,19,6,66,53,13
32,000,STATE - KERALA,74,742,7420,Photographic activities,1265,1104,161,576,506,70,689,598,91,281,246,35,97,92,5,184,154,30
32,000,STATE - KERALA,74,749,7490,"Other professional, scientific and technical activities n.e.c.",29,21,8,8,6,2,21,15,6,6,6,0,0,0,0,6,6,0
32,000,STATE - KERALA,75,750,7500,Veterinary activities,511,261,250,267,132,135,244,129,115,19,8,11,6,6,0,13,2,11
32,000,STATE - KERALA,77,771,7710,Renting and leasing of motor vehicles,2,2,0,0,0,0,2,2,0,0,0,0,0,0,0,0,0,0
32,000,STATE - KERALA,77,772,7722,Renting of video tapes and disks,3,0,3,0,0,0,3,0,3,3,0,3,0,0,0,3,0,3
32,000,STATE - KERALA,77,772,7729,Renting and leasing of other personal and household goods n.e.c.,1883,1851,32,827,812,15,1056,1039,17,596,587,9,294,285,9,302,302,0
32,000,STATE - KERALA,77,773,7730,"Renting and leasing of other machinery, equipment and tangible goods",70,68,2,44,42,2,26,26,0,15,15,0,9,9,0,6,6,0
32,000,STATE - KERALA,78,781,7810,Activities of employment placement agencies,11,11,0,0,0,0,11,11,0,3,0,3,3,0,3,0,0,0
32,000,STATE - KERALA,78,782,7820,Temporary employment agency activities,3,3,0,0,0,0,3,3,0,0,0,0,0,0,0,0,0,0
32,000,STATE - KERALA,78,783,7830,Human resources provision and management of human resources,3,3,0,0,0,0,3,3,0,0,0,0,0,0,0,0,0,0
32,000,STATE - KERALA,79,791,7911,Travel agency activities,229,145,84,76,34,42,153,111,42,20,14,6,3,3,0,17,11,6
32,000,STATE - KERALA,79,791,7912,Tour operator activities,161,132,29,75,66,9,86,66,20,22,19,3,8,8,0,14,11,3
32,000,STATE - KERALA,79,799,7990,Other reservation service and related activities,4,1,3,0,0,0,4,1,3,0,0,0,0,0,0,0,0,0
32,000,STATE - KERALA,80,801,8010,Private security activities,542,518,24,179,171,8,363,347,16,95,92,3,51,51,0,44,41,3
32,000,STATE - KERALA,80,802,8020,Security systems service activities,47,47,0,21,21,0,26,26,0,8,8,0,2,2,0,6,6,0
32,000,STATE - KERALA,81,811,8110,Combined facilities support activities,93,27,66,50,18,32,43,9,34,41,11,30,26,8,18,15,3,12
32,000,STATE - KERALA,81,812,8121,General cleaning of buildings,215,62,153,120,50,70,95,12,83,98,33,65,38,16,22,60,17,43
32,000,STATE - KERALA,81,812,8129,Other building and industrial cleaning activities,328,205,123,158,106,52,170,99,71,105,82,23,61,50,11,44,32,12
32,000,STATE - KERALA,81,813,8130,Landscape care and maintenance service activities,33,24,9,8,8,0,25,16,9,9,6,3,3,3,0,6,3,3
32,000,STATE - KERALA,82,821,8211,Combined office administrative service activities,49,37,12,24,22,2,25,15,10,12,5,7,2,0,2,10,5,5
32,000,STATE - KERALA,82,821,8219,"Photocopying, document preparation and other specialized office",741,358,383,347,168,179,394,190,204,150,48,102,65,13,52,85,35,50
32,000,STATE - KERALA,82,822,8220,Activities of call centres,160,95,65,67,35,32,93,60,33,30,21,9,9,9,0,21,12,9
32,000,STATE - KERALA,82,829,8291,Activities of collection agencies and credit bureaus,5,0,5,0,0,0,5,0,5,0,0,0,0,0,0,0,0,0
32,000,STATE - KERALA,82,829,8292,Packaging activities,46,8,38,26,2,24,20,6,14,13,3,10,5,0,5,8,3,5
32,000,STATE - KERALA,82,829,8299,Other business support service activities n.e.c.,3479,2269,1210,1104,775,329,2375,1494,881,726,355,371,280,157,123,446,198,248
32,000,STATE - KERALA,84,841,8411,General public administration activities,19620,12253,7367,7909,5107,2802,11711,7146,4565,1378,419,959,717,212,505,661,207,454
32,000,STATE - KERALA,84,841,8412,"Regulation of the activities of providing health care, education, cultural",1692,1026,666,752,451,301,940,575,365,62,12,50,33,6,27,29,6,23
32,000,STATE - KERALA,84,841,8413,Regulation of and contribution to more efficient operation of,51,27,24,37,22,15,14,5,9,4,4,0,4,4,0,0,0,0
32,000,STATE - KERALA,84,842,8421,Foreign affairs,6,6,0,0,0,0,6,6,0,0,0,0,0,0,0,0,0,0
32,000,STATE - KERALA,84,842,8422,Defence activities,1115,1025,90,323,302,21,792,723,69,30,27,3,3,3,0,27,24,3
32,000,STATE - KERALA,84,842,8423,Public order and safety activities,5214,4643,571,2199,1998,201,3015,2645,370,135,85,50,68,37,31,67,48,19
32,000,STATE - KERALA,84,843,8430,Compulsory social security activities,576,437,139,258,212,46,318,225,93,18,12,6,15,9,6,3,3,0
32,000,STATE - KERALA,85,851,8510,Primary education,9772,2314,7458,4989,1292,3697,4783,1022,3761,1486,222,1264,786,131,655,700,91,609
32,000,STATE - KERALA,85,852,8521,General secondary education,3223,1207,2016,1444,573,871,1779,634,1145,277,25,252,190,13,177,87,12,75
32,000,STATE - KERALA,85,852,8522,Technical and vocational secondary education,427,306,121,178,138,40,249,168,81,42,20,22,22,8,14,20,12,8
32,000,STATE - KERALA,85,853,8530,Higher education,2888,1378,1510,1040,489,551,1848,889,959,459,137,322,162,71,91,297,66,231
32,000,STATE - KERALA,85,854,8541,Sports and recreation education,180,126,54,62,44,18,118,82,36,44,14,30,30,5,25,14,9,5
32,000,STATE - KERALA,85,854,8542,Cultural education,225,167,58,72,53,19,153,114,39,59,11,48,30,8,22,29,3,26
32,000,STATE - KERALA,85,854,8549,Other education n.e.c.,2119,927,1192,1095,444,651,1024,483,541,1038,285,753,555,153,402,483,132,351
32,000,STATE - KERALA,85,855,8550,Educational support services,1828,706,1122,888,336,552,940,370,570,369,122,247,144,56,88,225,66,159
32,000,STATE - KERALA,86,861,8610,Hospital activities,10368,2751,7617,4650,1029,3621,5718,1722,3996,1335,171,1164,682,62,620,653,109,544
32,000,STATE - KERALA,86,862,8620,Medical and dental practice activities,733,359,374,262,145,117,471,214,257,69,3,66,47,0,47,22,3,19
32,000,STATE - KERALA,86,869,8690,Other human health activities,12924,1650,11274,6997,826,6171,5927,824,5103,2046,111,1935,1181,70,1111,865,41,824
32,000,STATE - KERALA,87,871,8710,Nursing care facilities,203,20,183,120,12,108,83,8,75,91,6,85,52,0,52,39,6,33
32,000,STATE - KERALA,87,872,8720,"Residential care activities for mental retardation, mental health and",11,0,11,2,0,2,9,0,9,2,0,2,2,0,2,0,0,0
32,000,STATE - KERALA,87,873,8730,Residential care activities for the elderly and disabled,119,12,107,81,6,75,38,6,32,52,6,46,38,6,32,14,0,14
32,000,STATE - KERALA,87,879,8790,Other residential care activities n.e.c.,144,11,133,78,2,76,66,9,57,41,0,41,22,0,22,19,0,19
32,000,STATE - KERALA,88,881,8810,Social work activities without accommodation for the elderly and,291,27,264,166,18,148,125,9,116,92,11,81,47,6,41,45,5,40
32,000,STATE - KERALA,88,889,8890,Other social work activities without accommodation n.e.c.,2109,244,1865,1031,136,895,1078,108,970,917,92,825,468,53,415,449,39,410
32,000,STATE - KERALA,90,900,9000,"Dramatic arts, music and other arts activities",2628,2450,178,1229,1155,74,1399,1295,104,1545,1428,117,791,756,35,754,672,82
32,000,STATE - KERALA,91,910,9101,Library and archives activities,103,65,38,53,41,12,50,24,26,32,6,26,12,0,12,20,6,14
32,000,STATE - KERALA,91,910,9102,Museums activities and operation of historical sites and buildings,53,36,17,9,9,0,44,27,17,0,0,0,0,0,0,0,0,0
32,000,STATE - KERALA,91,910,9103,Botanical and zoological gardens and nature reserves activities,218,183,35,98,84,14,120,99,21,60,34,26,13,6,7,47,28,19
32,000,STATE - KERALA,92,920,9200,Gambling and betting activities,691,645,46,329,307,22,362,338,24,291,256,35,148,137,11,143,119,24
32,000,STATE - KERALA,93,931,9311,Operation of sports facilities,0,0,0,0,0,0,0,0,0,3,3,0,0,0,0,3,3,0
32,000,STATE - KERALA,93,931,9312,Activities of sports clubs,20,12,8,0,0,0,20,12,8,6,6,0,0,0,0,6,6,0
32,000,STATE - KERALA,93,931,9319,Other sports activities,3,3,0,0,0,0,3,3,0,0,0,0,0,0,0,0,0,0
32,000,STATE - KERALA,93,932,9321,Activities of amusement parks and theme parks,67,35,32,37,22,15,30,13,17,6,6,0,0,0,0,6,6,0
32,000,STATE - KERALA,93,932,9329,Other amusement and recreation activities n.e.c.,98,79,19,46,41,5,52,38,14,31,26,5,23,18,5,8,8,0
32,000,STATE - KERALA,94,941,9411,Activities of business and employers membership organizations,47,29,18,20,11,9,27,18,9,17,3,14,5,3,2,12,0,12
32,000,STATE - KERALA,94,941,9412,Activities of professional membership organizations,3,0,3,3,0,3,0,0,0,0,0,0,0,0,0,0,0,0
32,000,STATE - KERALA,94,942,9420,Activities of trade unions,130,105,25,51,34,17,79,71,8,36,20,16,12,2,10,24,18,6
32,000,STATE - KERALA,94,949,9491,Activities of religious organizations,1566,1146,420,645,425,220,921,721,200,598,465,133,230,183,47,368,282,86
32,000,STATE - KERALA,94,949,9492,Activities of political organizations,1000,809,191,654,524,130,346,285,61,272,194,78,157,118,39,115,76,39
32,000,STATE - KERALA,94,949,9499,Activities of other membership organizations n.e.c.,83,58,25,34,31,3,49,27,22,18,9,9,12,6,6,6,3,3
32,000,STATE - KERALA,95,951,9511,Repair of computers and peripheral equipment,231,213,18,107,101,6,124,112,12,76,64,12,38,26,12,38,38,0
32,000,STATE - KERALA,95,951,9512,Repair of communication equipment,93,86,7,44,42,2,49,44,5,26,23,3,12,12,0,14,11,3
32,000,STATE - KERALA,95,952,9521,Repair of consumer electronics,428,390,38,198,186,12,230,204,26,64,51,13,34,31,3,30,20,10
32,000,STATE - KERALA,95,952,9522,Repair of household appliances and home and garden equipment,513,504,9,265,265,0,248,239,9,99,99,0,49,49,0,50,50,0
32,000,STATE - KERALA,95,952,9523,Repair of footwear and leather goods,350,338,12,98,98,0,252,240,12,121,118,3,27,27,0,94,91,3
32,000,STATE - KERALA,95,952,9524,Repair of furniture and home furnishings,12,12,0,3,3,0,9,9,0,0,0,0,0,0,0,0,0,0
32,000,STATE - KERALA,95,952,9529,"Repair of personal and household goods, n.e.c.",560,534,26,277,262,15,283,272,11,176,161,15,81,75,6,95,86,9
32,000,STATE - KERALA,96,960,9601,Washing and (dry-) cleaning of textile and fur products,5084,2788,2296,2539,1271,1268,2545,1517,1028,1355,514,841,810,292,518,545,222,323
32,000,STATE - KERALA,96,960,9602,Hairdressing and other beauty treatment,2527,2079,448,1434,1282,152,1093,797,296,336,216,120,169,116,53,167,100,67
32,000,STATE - KERALA,96,960,9603,Funeral and related activities,19,14,5,12,12,0,7,2,5,2,0,2,2,0,2,0,0,0
32,000,STATE - KERALA,96,960,9609,Other personal service activities n.e.c.,838,423,415,374,163,211,464,260,204,415,116,299,192,50,142,223,66,157
32,000,STATE - KERALA,97,970,9700,Activities of households as employers of domestic personnel,19232,1734,17498,7794,756,7038,11438,978,10460,10336,668,9668,4917,424,4493,5419,244,5175
32,000,STATE - KERALA,98,981,9810,Undifferentiated goods-producing activities of private households for own,4,0,4,4,0,4,0,0,0,0,0,0,0,0,0,0,0,0
32,000,STATE - KERALA,98,982,9820,Undifferentiated service-producing activities of private households for own,4,0,4,0,0,0,4,0,4,0,0,0,0,0,0,0,0,0
32,000,STATE - KERALA,99,990,9900,Activities of extraterritorial organizations and bodies,2,0,2,0,0,0,2,0,2,6,6,0,6,6,0,0,0,0
27,000,STATE - MAHARASHTRA,01,011,0111,"Growing of cereals (except rice), leguminous crops and oil seeds",46,42,4,18,18,0,28,24,4,4,2,2,0,0,0,4,2,2
27,000,STATE - MAHARASHTRA,01,011,0113,"Growing of vegetables and melons, roots and tubers",21,16,5,15,13,2,6,3,3,1,1,0,1,1,0,0,0,0
27,000,STATE - MAHARASHTRA,01,011,0114,Growing of sugar cane,0,0,0,0,0,0,0,0,0,4,2,2,4,2,2,0,0,0
27,000,STATE - MAHARASHTRA,01,011,0116,Growing of fibre crops,9,9,0,0,0,0,9,9,0,0,0,0,0,0,0,0,0,0
27,000,STATE - MAHARASHTRA,01,011,0119,Growing of other non-perennial crop,5,3,2,3,3,0,2,0,2,0,0,0,0,0,0,0,0,0
27,000,STATE - MAHARASHTRA,01,012,0121,Growing of grapes,2,0,2,2,0,2,0,0,0,0,0,0,0,0,0,0,0,0
27,000,STATE - MAHARASHTRA,01,012,0122,Growing of tropical and subtropical fruits,2,0,2,2,0,2,0,0,0,0,0,0,0,0,0,0,0,0
27,000,STATE - MAHARASHTRA,01,012,0125,Growing of other tree and bush fruits and nuts,11,0,11,8,0,8,3,0,3,2,0,2,2,0,2,0,0,0
27,000,STATE - MAHARASHTRA,01,012,0127,Growing of beverage crops,6,6,0,0,0,0,6,6,0,0,0,0,0,0,0,0,0,0
27,000,STATE - MAHARASHTRA,01,012,0128,"Growing of spices, aromatic, drug and pharmaceutical crops",15,6,9,3,3,0,12,3,9,12,6,6,0,0,0,12,6,6
27,000,STATE - MAHARASHTRA,01,012,0129,Growing of other perennial crops,21,15,6,11,9,2,10,6,4,0,0,0,0,0,0,0,0,0
27,000,STATE - MAHARASHTRA,01,013,0130,Plant propagation,271,152,119,136,72,64,135,80,55,68,31,37,57,31,26,11,0,11
27,000,STATE - MAHARASHTRA,01,014,0141,Raising of cattle and buffaloes,5055,3665,1390,3948,2750,1198,1107,915,192,1069,602,467,921,489,432,148,113,35
27,000,STATE - MAHARASHTRA,01,014,0142,Raising of horses and other equines,30,24,6,6,6,0,24,18,6,12,12,0,6,6,0,6,6,0
27,000,STATE - MAHARASHTRA,01,014,0143,Raising and breeding of camels and camelids,23,14,9,23,14,9,0,0,0,0,0,0,0,0,0,0,0,0
27,000,STATE - MAHARASHTRA,01,014,0144,Raising of sheep and goats,3422,2653,769,2933,2304,629,489,349,140,536,300,236,470,272,198,66,28,38
27,000,STATE - MAHARASHTRA,01,014,0145,Raising of swine/pigs,37,27,10,14,6,8,23,21,2,12,9,3,3,0,3,9,9,0
27,000,STATE - MAHARASHTRA,01,014,0146,Raising of poultry,1064,765,299,828,573,255,236,192,44,156,68,88,127,50,77,29,18,11
27,000,STATE - MAHARASHTRA,01,014,0149,Raising of other animals,149,115,34,90,64,26,59,51,8,25,4,21,13,1,12,12,3,9
27,000,STATE - MAHARASHTRA,01,016,0161,Support activities for crop production,279,217,62,100,74,26,179,143,36,36,18,18,14,5,9,22,13,9
27,000,STATE - MAHARASHTRA,01,016,0162,Support activities for animal production,27,26,1,19,18,1,8,8,0,6,6,0,6,6,0,0,0,0
27,000,STATE - MAHARASHTRA,01,016,0163,Post-harvest crop activities,917,682,235,400,316,84,517,366,151,154,76,78,83,44,39,71,32,39
27,000,STATE - MAHARASHTRA,01,016,0164,Seed processing for propagation,25,15,10,5,3,2,20,12,8,8,0,8,2,0,2,6,0,6
27,000,STATE - MAHARASHTRA,01,017,0170,"Hunting, trapping and related service activities",10,8,2,8,8,0,2,0,2,1,1,0,1,1,0,0,0,0
27,000,STATE - MAHARASHTRA,02,021,0210,Silviculture and other forestry activities,426,325,101,224,171,53,202,154,48,21,9,12,19,9,10,2,0,2
27,000,STATE - MAHARASHTRA,02,022,0220,Logging,618,474,144,249,195,54,369,279,90,277,144,133,159,77,82,118,67,51
27,000,STATE - MAHARASHTRA,02,023,0230,Gathering of non-wood forest products,199,132,67,135,86,49,64,46,18,97,29,68,94,26,68,3,3,0
27,000,STATE - MAHARASHTRA,02,024,0240,Support services to forestry,2347,2042,305,1144,968,176,1203,1074,129,145,120,25,86,77,9,59,43,16
27,000,STATE - MAHARASHTRA,03,031,0311,Marine fishing,221,184,37,46,43,3,175,141,34,37,27,10,13,9,4,24,18,6
27,000,STATE - MAHARASHTRA,03,031,0312,Freash water fishing,325,292,33,227,204,23,98,88,10,34,32,2,28,26,2,6,6,0
27,000,STATE - MAHARASHTRA,03,032,0321,Marine aquaculture,8,8,0,4,4,0,4,4,0,1,1,0,1,1,0,0,0,0
27,000,STATE - MAHARASHTRA,03,032,0322,Freshwater aquaculture,24,19,5,12,9,3,12,10,2,0,0,0,0,0,0,0,0,0
27,000,STATE - MAHARASHTRA,05,051,0510,Mining of hard coal,8151,7518,633,1739,1572,167,6412,5946,466,301,269,32,111,98,13,190,171,19
27,000,STATE - MAHARASHTRA,05,052,0520,Mining of lignite,331,305,26,113,101,12,218,204,14,12,12,0,6,6,0,6,6,0
27,000,STATE - MAHARASHTRA,06,061,0610,Extraction of crude petroleum,212,193,19,8,8,0,204,185,19,5,5,0,0,0,0,5,5,0
27,000,STATE - MAHARASHTRA,06,062,0620,Extraction of natural gas,248,230,18,25,21,4,223,209,14,7,5,2,4,2,2,3,3,0
27,000,STATE - MAHARASHTRA,07,071,0710,Mining of iron ores,124,86,38,110,74,36,14,12,2,0,0,0,0,0,0,0,0,0
27,000,STATE - MAHARASHTRA,07,072,0729,Mining of other non-ferrous metal ores,536,473,63,187,158,29,349,315,34,24,18,6,18,12,6,6,6,0
27,000,STATE - MAHARASHTRA,08,081,0810,"Quarrying of stone, sand and clay",2320,1846,474,1438,1091,347,882,755,127,281,222,59,181,156,25,100,66,34
27,000,STATE - MAHARASHTRA,08,089,0891,Mining of chemical and fertilizer minerals,27,19,8,19,19,0,8,0,8,0,0,0,0,0,0,0,0,0
27,000,STATE - MAHARASHTRA,08,089,0892,Extraction and agglomeration of peat,395,364,31,198,180,18,197,184,13,76,50,26,54,30,24,22,20,2
27,000,STATE - MAHARASHTRA,08,089,0893,Extraction of salt,272,243,29,107,98,9,165,145,20,9,9,0,3,3,0,6,6,0
27,000,STATE - MAHARASHTRA,08,089,0899,Other mining and quarrying n.e.c.,2307,1899,408,1305,1028,277,1002,871,131,312,236,76,213,155,58,99,81,18
27,000,STATE - MAHARASHTRA,09,091,0910,Support activities for petroleum and natural gas mining,75,72,3,0,0,0,75,72,3,0,0,0,0,0,0,0,0,0
27,000,STATE - MAHARASHTRA,09,099,0990,Support activities for other mining and quarrying,18,18,0,6,6,0,12,12,0,12,6,6,12,6,6,0,0,0
27,000,STATE - MAHARASHTRA,10,101,1010,Processing and preserving of meat,1280,975,305,669,452,217,611,523,88,172,86,86,136,66,70,36,20,16
27,000,STATE - MAHARASHTRA,10,102,1020,"Processing and preserving of fish, crustaceans and molluscs and",149,105,44,86,56,30,63,49,14,24,21,3,19,16,3,5,5,0
27,000,STATE - MAHARASHTRA,10,103,1030,Processing and preserving of fruit and vegetables,1241,804,437,539,366,173,702,438,264,253,144,109,102,54,48,151,90,61
27,000,STATE - MAHARASHTRA,10,104,1040,Manufacture of vegetable and animal oils and fats,1380,1170,210,448,376,72,932,794,138,102,83,19,37,30,7,65,53,12
27,000,STATE - MAHARASHTRA,10,105,1050,Manufacture of dairy products,3737,2943,794,1716,1237,479,2021,1706,315,772,413,359,517,248,269,255,165,90
27,000,STATE - MAHARASHTRA,10,106,1061,Manufacture of grain mill products,5093,4072,1021,1719,1313,406,3374,2759,615,460,286,174,219,123,96,241,163,78
27,000,STATE - MAHARASHTRA,10,106,1062,Manufacture of starches and starch products,48,46,2,26,26,0,22,20,2,9,6,3,0,0,0,9,6,3
27,000,STATE - MAHARASHTRA,10,107,1071,Manufacture of bakery products,2094,1659,435,424,361,63,1670,1298,372,183,131,52,45,39,6,138,92,46
27,000,STATE - MAHARASHTRA,10,107,1072,Manufacture of sugar,7491,6496,995,6447,5564,883,1044,932,112,1344,949,395,1206,856,350,138,93,45
27,000,STATE - MAHARASHTRA,10,107,1073,"Manufacture of cocoa, chocolate and sugar confectionery",1175,780,395,229,165,64,946,615,331,156,64,92,38,30,8,118,34,84
27,000,STATE - MAHARASHTRA,10,107,1074,"Manufacture of macaroni, noodles, couscous and similar farinaceous",59,35,24,12,9,3,47,26,21,7,5,2,0,0,0,7,5,2
27,000,STATE - MAHARASHTRA,10,107,1075,Manufacture of prepared meals and dishes,6888,4637,2251,2831,2008,823,4057,2629,1428,1061,544,517,482,265,217,579,279,300
27,000,STATE - MAHARASHTRA,10,107,1079,Manufacture of other food products n.e.c.,6520,2946,3574,1729,839,890,4791,2107,2684,1270,306,964,434,153,281,836,153,683
27,000,STATE - MAHARASHTRA,10,108,1080,Manufacture of prepared animal feeds,61,55,6,41,35,6,20,20,0,0,0,0,0,0,0,0,0,0
27,000,STATE - MAHARASHTRA,11,110,1101,"Distilling, rectifying and blending of spirits; ethyl alcohol production",128,115,13,47,44,3,81,71,10,6,6,0,6,6,0,0,0,0
27,000,STATE - MAHARASHTRA,11,110,1102,Manufacture of wines,218,193,25,92,82,10,126,111,15,22,19,3,10,7,3,12,12,0
27,000,STATE - MAHARASHTRA,11,110,1103,Manufacture of malt liquors and malt,173,148,25,73,68,5,100,80,20,24,15,9,17,15,2,7,0,7
27,000,STATE - MAHARASHTRA,11,110,1104,Manufacture of soft drinks; production of mineral waters and other,1000,862,138,217,177,40,783,685,98,125,86,39,48,33,15,77,53,24
27,000,STATE - MAHARASHTRA,12,120,1200,Manufacture of tobacco products,17507,5056,12451,12791,3899,8892,4716,1157,3559,5003,1058,3945,4167,912,3255,836,146,690
27,000,STATE - MAHARASHTRA,13,131,1311,Preparation and spinning of textile fibres,5094,4296,798,1830,1532,298,3264,2764,500,1190,863,327,452,303,149,738,560,178
27,000,STATE - MAHARASHTRA,13,131,1312,Weaving of textiles,6577,5894,683,1516,1343,173,5061,4551,510,436,326,110,97,68,29,339,258,81
27,000,STATE - MAHARASHTRA,13,131,1313,Finishing of textiles,8751,7531,1220,2500,2154,346,6251,5377,874,527,396,131,180,147,33,347,249,98
27,000,STATE - MAHARASHTRA,13,139,1391,Manufacture of knitted and crocheted fabrics,72,43,29,7,6,1,65,37,28,9,6,3,0,0,0,9,6,3
27,000,STATE - MAHARASHTRA,13,139,1392,"Manufacture of made-up textile articles, except apparel",464,403,61,54,46,8,410,357,53,26,25,1,2,1,1,24,24,0
27,000,STATE - MAHARASHTRA,13,139,1393,Manufacture of carpets and rugs,321,260,61,95,78,17,226,182,44,32,11,21,8,5,3,24,6,18
27,000,STATE - MAHARASHTRA,13,139,1394,"Manufacture of cordage, rope, twine and netting",1898,1356,542,1083,716,367,815,640,175,319,219,100,259,184,75,60,35,25
27,000,STATE - MAHARASHTRA,13,139,1399,Manufacture of other textiles n.e.c.,3335,2810,525,369,288,81,2966,2522,444,257,153,104,73,52,21,184,101,83
27,000,STATE - MAHARASHTRA,14,141,1410,"Manufacture of wearing apparel, except fur apparel",38316,24102,14214,11119,6844,4275,27197,17258,9939,6224,1858,4366,2378,643,1735,3846,1215,2631
27,000,STATE - MAHARASHTRA,14,142,1420,Manufacture of articles of fur,61,44,17,23,20,3,38,24,14,0,0,0,0,0,0,0,0,0
27,000,STATE - MAHARASHTRA,14,143,1430,Manufacture of knitted and crocheted apparel,117,91,26,40,28,12,77,63,14,17,9,8,6,6,0,11,3,8
27,000,STATE - MAHARASHTRA,15,151,1511,Tanning and dressing of leather; dressing and dyeing of fur,1154,967,187,607,522,85,547,445,102,224,171,53,178,135,43,46,36,10
27,000,STATE - MAHARASHTRA,15,151,1512,"Manufacture of luggage, handbags and the like, saddlery and harness",2404,2059,345,629,560,69,1775,1499,276,213,133,80,93,56,37,120,77,43
27,000,STATE - MAHARASHTRA,15,152,1520,Manufacture of footwear,19635,16489,3146,5385,4768,617,14250,11721,2529,1702,1138,564,644,438,206,1058,700,358
27,000,STATE - MAHARASHTRA,16,161,1610,Saw milling and planing of wood,3509,3340,169,577,532,45,2932,2808,124,373,331,42,80,57,23,293,274,19
27,000,STATE - MAHARASHTRA,16,162,1621,"Manufacture of veneer sheets; manufacture of plywood, laminboard,",193,161,32,63,52,11,130,109,21,39,32,7,20,18,2,19,14,5
27,000,STATE - MAHARASHTRA,16,162,1622,Manufacture of builders carpentry and joinery,40,37,3,20,17,3,20,20,0,2,0,2,2,0,2,0,0,0
27,000,STATE - MAHARASHTRA,16,162,1623,Manufacture of wooden containers,9639,5176,4463,5795,3143,2652,3844,2033,1811,2197,916,1281,1765,740,1025,432,176,256
27,000,STATE - MAHARASHTRA,16,162,1629,"Manufacture of other products of wood; manufacture of articles of cork,",12527,6885,5642,8912,4983,3929,3615,1902,1713,3210,1350,1860,2329,966,1363,881,384,497
27,000,STATE - MAHARASHTRA,17,170,1701,"Manufacture of pulp, paper and paperboard",488,452,36,150,129,21,338,323,15,34,29,5,10,8,2,24,21,3
27,000,STATE - MAHARASHTRA,17,170,1702,Manufacture of corrugated paper and paperboard and containers of,866,667,199,192,146,46,674,521,153,71,44,27,23,23,0,48,21,27
27,000,STATE - MAHARASHTRA,17,170,1709,Manufacture of other articles of paper and paperboard,2571,2136,435,512,438,74,2059,1698,361,262,202,60,74,62,12,188,140,48
27,000,STATE - MAHARASHTRA,18,181,1811,Printing,2934,2678,256,268,259,9,2666,2419,247,131,101,30,11,9,2,120,92,28
27,000,STATE - MAHARASHTRA,18,181,1812,Service activities related to printing,4002,3544,458,353,329,24,3649,3215,434,230,178,52,32,26,6,198,152,46
27,000,STATE - MAHARASHTRA,18,182,1820,Reproduction of recorded media,17,14,3,6,6,0,11,8,3,2,0,2,0,0,0,2,0,2
27,000,STATE - MAHARASHTRA,19,191,1910,Manufacture of coke oven products,200,195,5,35,33,2,165,162,3,4,4,0,1,1,0,3,3,0
27,000,STATE - MAHARASHTRA,19,192,1920,Manufacture of refined petroleum products,2899,2613,286,290,272,18,2609,2341,268,120,98,22,9,9,0,111,89,22
27,000,STATE - MAHARASHTRA,20,201,2011,Manufacture of basic chemicals,1482,1351,131,396,373,23,1086,978,108,78,72,6,18,16,2,60,56,4
27,000,STATE - MAHARASHTRA,20,201,2012,Manufacture of fertilizers and nitrogen compounds,851,754,97,189,173,16,662,581,81,39,28,11,10,10,0,29,18,11
27,000,STATE - MAHARASHTRA,20,201,2013,Manufacture of plastics and synthetic rubber in primary forms,25,20,5,0,0,0,25,20,5,0,0,0,0,0,0,0,0,0
27,000,STATE - MAHARASHTRA,20,202,2021,Manufacture of pesticides and other agrochemical products,225,200,25,80,71,9,145,129,16,17,17,0,6,6,0,11,11,0
27,000,STATE - MAHARASHTRA,20,202,2022,"Manufacture of paints, varnishes and similar coatings, printing ink and",1030,909,121,202,179,23,828,730,98,65,46,19,31,24,7,34,22,12
27,000,STATE - MAHARASHTRA,20,202,2023,"Manufacture of soap and detergents, cleaning and polishing preparations,",2714,1981,733,522,423,99,2192,1558,634,290,133,157,104,38,66,186,95,91
27,000,STATE - MAHARASHTRA,20,202,2029,Manufacture of other chemical products n.e.c.,2847,2508,339,504,452,52,2343,2056,287,158,130,28,36,33,3,122,97,25
27,000,STATE - MAHARASHTRA,20,203,2030,Manufacture of man-made fibres,18,18,0,0,0,0,18,18,0,0,0,0,0,0,0,0,0,0
27,000,STATE - MAHARASHTRA,20,203,2031,Manufacture of anti-sprouting products,26,26,0,9,9,0,17,17,0,0,0,0,0,0,0,0,0,0
27,000,STATE - MAHARASHTRA,21,210,2100,"Manufacture of pharmaceuticals, medicinal chemical and botanical",4743,3801,942,844,747,97,3899,3054,845,273,175,98,44,27,17,229,148,81
27,000,STATE - MAHARASHTRA,22,221,2211,Manufacture of rubber tyres and tubes; retreading and rebuilding of,1037,964,73,160,144,16,877,820,57,49,42,7,12,12,0,37,30,7
27,000,STATE - MAHARASHTRA,22,221,2219,Manufacture of other rubber products,1010,810,200,137,117,20,873,693,180,118,52,66,44,20,24,74,32,42
27,000,STATE - MAHARASHTRA,22,222,2220,Manufacture of plastics products,4329,3310,1019,901,685,216,3428,2625,803,440,273,167,117,93,24,323,180,143
27,000,STATE - MAHARASHTRA,23,231,2310,Manufacture of glass and glass products,1187,893,294,197,143,54,990,750,240,148,93,55,58,32,26,90,61,29
27,000,STATE - MAHARASHTRA,23,239,2391,Manufacture of refractory products,1224,792,432,836,500,336,388,292,96,435,261,174,391,234,157,44,27,17
27,000,STATE - MAHARASHTRA,23,239,2392,Manufacture of clay building materials,24538,14776,9762,16056,9223,6833,8482,5553,2929,6557,3672,2885,4739,2606,2133,1818,1066,752
27,000,STATE - MAHARASHTRA,23,239,2393,Manufacture of other porcelain and ceramic products,478,392,86,189,162,27,289,230,59,61,36,25,29,18,11,32,18,14
27,000,STATE - MAHARASHTRA,23,239,2394,"Manufacture of cement, lime and plaster",2262,2048,214,600,559,41,1662,1489,173,142,128,14,35,27,8,107,101,6
27,000,STATE - MAHARASHTRA,23,239,2395,"Manufacture of articles of concrete, cement and plaster",2189,1663,526,1137,789,348,1052,874,178,339,207,132,211,117,94,128,90,38
27,000,STATE - MAHARASHTRA,23,239,2396,"Cutting, shaping and finishing of stone",200,175,25,78,65,13,122,110,12,20,15,5,13,12,1,7,3,4
27,000,STATE - MAHARASHTRA,23,239,2399,Manufacture of other non-metallic mineral products n.e.c.,161,138,23,34,32,2,127,106,21,14,14,0,12,12,0,2,2,0
27,000,STATE - MAHARASHTRA,24,241,2410,Manufacture of basic iron and steel,4909,4579,330,1006,956,50,3903,3623,280,296,268,28,122,110,12,174,158,16
27,000,STATE - MAHARASHTRA,24,242,2420,Manufacture of basic precious and other non-ferrous metals,1201,1100,101,327,310,17,874,790,84,143,108,35,51,35,16,92,73,19
27,000,STATE - MAHARASHTRA,24,243,2431,Casting of iron and steel,6114,4999,1115,2095,1702,393,4019,3297,722,401,271,130,174,111,63,227,160,67
27,000,STATE - MAHARASHTRA,24,243,2432,Casting of non-ferrous metals,177,134,43,56,40,16,121,94,27,11,9,2,6,6,0,5,3,2
27,000,STATE - MAHARASHTRA,25,251,2511,Manufacture of structural metal products,1597,1469,128,317,297,20,1280,1172,108,91,82,9,32,32,0,59,50,9
27,000,STATE - MAHARASHTRA,25,251,2512,"Manufacture of tanks, reservoirs and containers of metal",109,103,6,36,36,0,73,67,6,10,10,0,7,7,0,3,3,0
27,000,STATE - MAHARASHTRA,25,251,2513,"Manufacture of steam generators, except central heating hot water",73,69,4,17,17,0,56,52,4,16,16,0,10,10,0,6,6,0
27,000,STATE - MAHARASHTRA,25,252,2520,Manufacture of weapons and ammunition,2960,2680,280,333,290,43,2627,2390,237,67,62,5,0,0,0,67,62,5
27,000,STATE - MAHARASHTRA,25,259,2591,"Forging, pressing, stamping and roll-forming of metal; powder",367,354,13,124,116,8,243,238,5,23,23,0,3,3,0,20,20,0
27,000,STATE - MAHARASHTRA,25,259,2592,Machining; treatment and coating of metals,371,334,37,40,40,0,331,294,37,11,11,0,0,0,0,11,11,0
27,000,STATE - MAHARASHTRA,25,259,2593,"Manufacture of cutlery, hand tools and general hardware",5512,5043,469,1082,954,128,4430,4089,341,392,344,48,103,97,6,289,247,42
27,000,STATE - MAHARASHTRA,25,259,2599,Manufacture of other fabricated metal products n.e.c.,10737,10205,532,2398,2310,88,8339,7895,444,815,727,88,245,229,16,570,498,72
27,000,STATE - MAHARASHTRA,26,261,2610,Manufacture of electronic components,1248,1059,189,219,202,17,1029,857,172,53,37,16,0,0,0,53,37,16
27,000,STATE - MAHARASHTRA,26,262,2620,Manufacture of computers and peripheral equipment,682,559,123,57,54,3,625,505,120,45,37,8,3,3,0,42,34,8
27,000,STATE - MAHARASHTRA,26,263,2630,Manufacture of communication equipment,722,625,97,111,101,10,611,524,87,53,42,11,12,9,3,41,33,8
27,000,STATE - MAHARASHTRA,26,264,2640,Manufacture of consumer electronics,608,519,89,76,74,2,532,445,87,47,32,15,8,8,0,39,24,15
27,000,STATE - MAHARASHTRA,26,265,2651,"Manufacture of measuring, testing, navigating and control equipment",122,102,20,27,27,0,95,75,20,5,5,0,0,0,0,5,5,0
27,000,STATE - MAHARASHTRA,26,265,2652,Manufacture of watches and clocks,208,167,41,24,12,12,184,155,29,12,6,6,0,0,0,12,6,6
27,000,STATE - MAHARASHTRA,26,267,2670,Manufacture of optical instruments and equipment,88,78,10,4,4,0,84,74,10,9,3,6,0,0,0,9,3,6
27,000,STATE - MAHARASHTRA,26,268,2680,Manufacture of magnetic and optical media,22,8,14,8,2,6,14,6,8,0,0,0,0,0,0,0,0,0
27,000,STATE - MAHARASHTRA,27,271,2710,"Manufacture of electric motors, generators, transformers and electricity",966,889,77,170,157,13,796,732,64,66,49,17,13,13,0,53,36,17
27,000,STATE - MAHARASHTRA,27,272,2720,Manufacture of batteries and accumulators,241,225,16,70,68,2,171,157,14,23,17,6,3,3,0,20,14,6
27,000,STATE - MAHARASHTRA,27,273,2731,Manufacture of fibre optic cables for data transmission or live,27,24,3,3,3,0,24,21,3,0,0,0,0,0,0,0,0,0
27,000,STATE - MAHARASHTRA,27,273,2732,Manufacture of other electronic and electric wires and cables,328,274,54,38,37,1,290,237,53,28,18,10,3,3,0,25,15,10
27,000,STATE - MAHARASHTRA,27,273,2733,Manufacture of wiring devices,214,155,59,28,25,3,186,130,56,29,21,8,3,3,0,26,18,8
27,000,STATE - MAHARASHTRA,27,274,2740,Manufacture of electric lighting equipment,1094,917,177,156,151,5,938,766,172,113,71,42,24,24,0,89,47,42
27,000,STATE - MAHARASHTRA,27,275,2750,Manufacture of domestic appliances,1704,1485,219,238,216,22,1466,1269,197,125,106,19,13,13,0,112,93,19
27,000,STATE - MAHARASHTRA,27,279,2790,Manufacture of other electrical equipment,458,385,73,75,72,3,383,313,70,35,32,3,6,6,0,29,26,3
27,000,STATE - MAHARASHTRA,28,281,2811,"Manufacture of engines and turbines, except aircraft, vehicle and cycle",54,52,2,4,4,0,50,48,2,3,3,0,0,0,0,3,3,0
27,000,STATE - MAHARASHTRA,28,281,2813,"Manufacture of other pumps, compressors, taps and valves",385,354,31,119,104,15,266,250,16,22,12,10,0,0,0,22,12,10
27,000,STATE - MAHARASHTRA,28,281,2814,"Manufacture of bearings, gears, gearing and driving elements",275,260,15,38,35,3,237,225,12,13,7,6,2,2,0,11,5,6
27,000,STATE - MAHARASHTRA,28,281,2815,"Manufacture of ovens, furnaces and furnace burners",79,79,0,12,12,0,67,67,0,1,1,0,1,1,0,0,0,0
27,000,STATE - MAHARASHTRA,28,281,2816,Manufacture of lifting and handling equipment,285,267,18,46,46,0,239,221,18,17,15,2,8,6,2,9,9,0
27,000,STATE - MAHARASHTRA,28,281,2817,Manufacture of office machinery and equipment,90,84,6,24,24,0,66,60,6,0,0,0,0,0,0,0,0,0
27,000,STATE - MAHARASHTRA,28,281,2818,Manufacture of power-driven hand tools,11,11,0,2,2,0,9,9,0,0,0,0,0,0,0,0,0,0
27,000,STATE - MAHARASHTRA,28,281,2819,Manufacture of other general-purpose machinery,649,595,54,128,121,7,521,474,47,29,29,0,6,6,0,23,23,0
27,000,STATE - MAHARASHTRA,28,282,2821,Manufacture of agricultural and forestry machinery,845,806,39,144,130,14,701,676,25,74,57,17,31,25,6,43,32,11
27,000,STATE - MAHARASHTRA,28,282,2822,Manufacture of metal-forming machinery and machine tools,604,554,50,129,114,15,475,440,35,49,46,3,21,21,0,28,25,3
27,000,STATE - MAHARASHTRA,28,282,2823,Manufacture of machinery for metallurgy,62,54,8,12,12,0,50,42,8,6,6,0,3,3,0,3,3,0
27,000,STATE - MAHARASHTRA,28,282,2824,"Manufacture of machinery for mining, quarrying and construction",185,171,14,34,34,0,151,137,14,14,12,2,6,6,0,8,6,2
27,000,STATE - MAHARASHTRA,28,282,2825,"Manufacture of machinery for food, beverage and tobacco processing",148,125,23,37,35,2,111,90,21,3,1,2,1,1,0,2,0,2
27,000,STATE - MAHARASHTRA,28,282,2826,"Manufacture of machinery for textile, apparel and leather production",779,731,48,114,103,11,665,628,37,55,51,4,26,25,1,29,26,3
27,000,STATE - MAHARASHTRA,28,282,2829,Manufacture of other special-purpose machinery,106,91,15,20,20,0,86,71,15,11,11,0,6,6,0,5,5,0
27,000,STATE - MAHARASHTRA,29,291,2910,Manufacture of motor vehicles,1569,1507,62,245,235,10,1324,1272,52,103,96,7,44,44,0,59,52,7
27,000,STATE - MAHARASHTRA,29,292,2920,Manufacture of bodies (coachwork) for motor vehicles; manufacture of trailers and semi-trailers,4074,3800,274,637,583,54,3437,3217,220,214,198,16,28,26,2,186,172,14
27,000,STATE - MAHARASHTRA,29,293,2930,Manufacture of parts and accessories for motor vehicles,1185,1122,63,190,187,3,995,935,60,66,61,5,12,9,3,54,52,2
27,000,STATE - MAHARASHTRA,30,301,3011,Building of ships and floating structures,858,804,54,98,96,2,760,708,52,48,40,8,11,9,2,37,31,6
27,000,STATE - MAHARASHTRA,30,301,3012,Building of pleasure and sporting boats,3,3,0,0,0,0,3,3,0,0,0,0,0,0,0,0,0,0
27,000,STATE - MAHARASHTRA,30,302,3020,Manufacture of railway locomotives and rolling stock,380,357,23,64,62,2,316,295,21,16,14,2,11,9,2,5,5,0
27,000,STATE - MAHARASHTRA,30,303,3030,Manufacture of air and spacecraft and related machinery,699,660,39,18,18,0,681,642,39,6,3,3,0,0,0,6,3,3
27,000,STATE - MAHARASHTRA,30,304,3040,Manufacture of weapons and ammunition,310,292,18,32,32,0,278,260,18,6,6,0,0,0,0,6,6,0
27,000,STATE - MAHARASHTRA,30,309,3091,Manufacture of motorcycles,637,578,59,131,100,31,506,478,28,39,37,2,21,19,2,18,18,0
27,000,STATE - MAHARASHTRA,30,309,3092,Manufacture of bicycles and invalid carriages,199,182,17,46,41,5,153,141,12,19,15,4,1,0,1,18,15,3
27,000,STATE - MAHARASHTRA,30,309,3099,Manufacture of other transport equipment n.e.c.,1856,1765,91,763,746,17,1093,1019,74,200,187,13,60,56,4,140,131,9
27,000,STATE - MAHARASHTRA,31,310,3100,Manufacture of furniture,16441,15662,779,4215,3996,219,12226,11666,560,2014,1813,201,720,641,79,1294,1172,122
27,000,STATE - MAHARASHTRA,32,321,3211,Manufacture of jewellery and related articles,2954,2221,733,307,221,86,2647,2000,647,232,119,113,46,26,20,186,93,93
27,000,STATE - MAHARASHTRA,32,321,3212,Manufacture of imitation jewellery and related articles,1183,565,618,65,48,17,1118,517,601,138,33,105,12,9,3,126,24,102
27,000,STATE - MAHARASHTRA,32,322,3220,Manufacture of musical instruments,171,123,48,42,36,6,129,87,42,7,7,0,1,1,0,6,6,0
27,000,STATE - MAHARASHTRA,32,323,3230,Manufacture of sports goods,35,35,0,0,0,0,35,35,0,0,0,0,0,0,0,0,0,0
27,000,STATE - MAHARASHTRA,32,324,3240,Manufacture of games and toys,236,145,91,41,23,18,195,122,73,17,3,14,3,0,3,14,3,11
27,000,STATE - MAHARASHTRA,32,325,3250,Manufacture of medical and dental instruments and supplies,127,111,16,18,15,3,109,96,13,6,6,0,0,0,0,6,6,0
27,000,STATE - MAHARASHTRA,32,329,3290,Other manufacturing n.e.c.,135371,118218,17153,29987,27288,2699,105384,90930,14454,10030,8109,1921,2923,2463,460,7107,5646,1461
27,000,STATE - MAHARASHTRA,33,331,3311,Repair of fabricated metal products,449,436,13,97,91,6,352,345,7,47,44,3,21,21,0,26,23,3
27,000,STATE - MAHARASHTRA,33,331,3312,Repair of machinery,757,725,32,156,148,8,601,577,24,89,89,0,27,27,0,62,62,0
27,000,STATE - MAHARASHTRA,33,331,3313,Repair of electronic and optical equipment,128,122,6,32,32,0,96,90,6,13,10,3,1,1,0,12,9,3
27,000,STATE - MAHARASHTRA,33,331,3314,Repair of electrical equipment,1988,1920,68,534,516,18,1454,1404,50,203,203,0,64,64,0,139,139,0
27,000,STATE - MAHARASHTRA,33,331,3315,"Repair of transport equipment, except motor vehicles",123,117,6,54,50,4,69,67,2,12,12,0,6,6,0,6,6,0
27,000,STATE - MAHARASHTRA,33,331,3319,Repair of other equipment,237,226,11,62,62,0,175,164,11,25,25,0,14,14,0,11,11,0
27,000,STATE - MAHARASHTRA,33,332,3320,Installation of industrial machinery and equipment,84,84,0,27,27,0,57,57,0,7,7,0,1,1,0,6,6,0
27,000,STATE - MAHARASHTRA,35,351,3510,"Electric power generation, transmission and distribution",17671,16103,1568,4813,4502,311,12858,11601,1257,943,843,100,223,209,14,720,634,86
27,000,STATE - MAHARASHTRA,35,352,3520,Manufacture of gas; distribution of gaseous fuels through mains,573,551,22,71,69,2,502,482,20,28,25,3,3,3,0,25,22,3
27,000,STATE - MAHARASHTRA,35,353,3530,Steam and air conditioning supply,430,391,39,161,154,7,269,237,32,18,15,3,9,9,0,9,6,3
27,000,STATE - MAHARASHTRA,36,360,3600,"Water collection, treatment and supply",2085,1937,148,762,726,36,1323,1211,112,52,48,4,25,23,2,27,25,2
27,000,STATE - MAHARASHTRA,37,370,3700,Sewerage,44,33,11,3,2,1,41,31,10,12,12,0,0,0,0,12,12,0
27,000,STATE - MAHARASHTRA,38,381,3811,Collection of non-hazardous waste,6,6,0,0,0,0,6,6,0,0,0,0,0,0,0,0,0,0
27,000,STATE - MAHARASHTRA,38,381,3812,Collection of hazardous waste,74,67,7,26,22,4,48,45,3,9,9,0,6,6,0,3,3,0
27,000,STATE - MAHARASHTRA,38,382,3822,Treatment and disposal of hazardous waste,21,18,3,13,13,0,8,5,3,6,6,0,0,0,0,6,6,0
27,000,STATE - MAHARASHTRA,41,410,4100,Construction of buildings,190261,161925,28336,40985,35005,5980,149276,126920,22356,31568,25142,6426,7745,6061,1684,23823,19081,4742
27,000,STATE - MAHARASHTRA,42,421,4210,Construction roads and railways,7531,6401,1130,2381,2019,362,5150,4382,768,1436,1115,321,685,534,151,751,581,170
27,000,STATE - MAHARASHTRA,42,422,4220,Construction of utility projects,2274,2039,235,846,701,145,1428,1338,90,322,288,34,141,115,26,181,173,8
27,000,STATE - MAHARASHTRA,42,429,4290,Construction of other civil engineering projects,12367,10598,1769,2336,1956,380,10031,8642,1389,1937,1568,369,497,393,104,1440,1175,265
27,000,STATE - MAHARASHTRA,43,431,4311,Demolition,505,445,60,194,163,31,311,282,29,171,125,46,95,67,28,76,58,18
27,000,STATE - MAHARASHTRA,43,431,4312,Site preparation,25249,20846,4403,4610,3741,869,20639,17105,3534,5308,4096,1212,1307,993,314,4001,3103,898
27,000,STATE - MAHARASHTRA,43,432,4321,Electrical installation,8893,8567,326,1487,1431,56,7406,7136,270,909,873,36,229,212,17,680,661,19
27,000,STATE - MAHARASHTRA,43,432,4322,"Plumbing, heat and air-conditioning installation",7025,6867,158,1006,990,16,6019,5877,142,694,676,18,124,124,0,570,552,18
27,000,STATE - MAHARASHTRA,43,432,4329,Other construction installation,62,59,3,21,21,0,41,38,3,8,6,2,0,0,0,8,6,2
27,000,STATE - MAHARASHTRA,43,433,4330,Building completion and finishing,124302,110704,13598,24171,21465,2706,100131,89239,10892,20890,17709,3181,4864,4048,816,16026,13661,2365
27,000,STATE - MAHARASHTRA,43,439,4390,Other specialized construction activities,11035,9308,1727,1896,1601,295,9139,7707,1432,2279,1846,433,639,524,115,1640,1322,318
27,000,STATE - MAHARASHTRA,45,451,4510,Sale of motor vehicles,1546,1408,138,170,170,0,1376,1238,138,147,122,25,12,12,0,135,110,25
27,000,STATE - MAHARASHTRA,45,452,4520,Maintenance and repair of motor vehicles,10562,10242,320,2135,2091,44,8427,8151,276,749,707,42,122,118,4,627,589,38
27,000,STATE - MAHARASHTRA,45,453,4530,Sale of motor vehicle parts and accessories,1220,1143,77,200,191,9,1020,952,68,72,72,0,10,10,0,62,62,0
27,000,STATE - MAHARASHTRA,45,454,4540,"Sale, maintenance and repair of motorcycles and related parts and",5834,5614,220,1289,1254,35,4545,4360,185,518,488,30,119,114,5,399,374,25
27,000,STATE - MAHARASHTRA,46,461,4610,Wholesale on a fee or contract basis,1164,1043,121,187,177,10,977,866,111,80,69,11,2,2,0,78,67,11
27,000,STATE - MAHARASHTRA,46,462,4620,Wholesale of agricultural raw materials and live animals,3570,3088,482,827,776,51,2743,2312,431,246,186,60,57,51,6,189,135,54
27,000,STATE - MAHARASHTRA,46,463,4630,"Wholesale of food, beverages and tobacco",5746,4666,1080,1007,854,153,4739,3812,927,617,440,177,98,71,27,519,369,150
27,000,STATE - MAHARASHTRA,46,464,4641,"Wholesale of textiles, clothing and footwear",400,349,51,37,35,2,363,314,49,31,22,9,2,2,0,29,20,9
27,000,STATE - MAHARASHTRA,46,464,4649,Wholesale of other household goods,1363,1228,135,243,221,22,1120,1007,113,68,66,2,13,13,0,55,53,2
27,000,STATE - MAHARASHTRA,46,465,4651,"Wholesale of computers, computer peripheral equipment and software",63,50,13,3,3,0,60,47,13,3,3,0,0,0,0,3,3,0
27,000,STATE - MAHARASHTRA,46,465,4652,Wholesale of electronic and telecommunications equipment and parts,83,74,9,9,9,0,74,65,9,8,2,6,0,0,0,8,2,6
27,000,STATE - MAHARASHTRA,46,465,4653,"Wholesale of agricultural machinery, equipment and supplies",96,75,21,20,17,3,76,58,18,14,12,2,1,1,0,13,11,2
27,000,STATE - MAHARASHTRA,46,465,4659,Wholesale of other machinery and equipment,1093,887,206,138,110,28,955,777,178,48,38,10,10,8,2,38,30,8
27,000,STATE - MAHARASHTRA,46,466,4661,"Wholesale of solid, liquid and gaseous fuels and related products",64,56,8,0,0,0,64,56,8,3,3,0,0,0,0,3,3,0
27,000,STATE - MAHARASHTRA,46,466,4662,Wholesale of metals and metal ores,43,41,2,1,1,0,42,40,2,6,6,0,0,0,0,6,6,0
27,000,STATE - MAHARASHTRA,46,466,4663,"Wholesale of construction materials, hardware, plumbing and heating",670,633,37,91,91,0,579,542,37,56,50,6,2,2,0,54,48,6
27,000,STATE - MAHARASHTRA,46,466,4669,Wholesale of waste and scrap and other products n.e.c.,13272,7661,5611,1348,1054,294,11924,6607,5317,1821,831,990,245,162,83,1576,669,907
27,000,STATE - MAHARASHTRA,46,469,4690,Non-specialized wholesale trade,6861,5641,1220,763,683,80,6098,4958,1140,732,571,161,87,85,2,645,486,159
27,000,STATE - MAHARASHTRA,47,471,4711,"Retail sale in non-specialized stores with food, beverages or tobacco",1164,1086,78,341,320,21,823,766,57,131,109,22,50,45,5,81,64,17
27,000,STATE - MAHARASHTRA,47,471,4719,Other retail sale in non-specialized stores,4857,4050,807,701,573,128,4156,3477,679,530,408,122,108,61,47,422,347,75
27,000,STATE - MAHARASHTRA,47,472,4721,Retail sale of food in specialized stores,59679,45751,13928,13519,11031,2488,46160,34720,11440,5907,3984,1923,1470,1008,462,4437,2976,1461
27,000,STATE - MAHARASHTRA,47,472,4722,Retail sale of beverages in specialized stores,1402,1317,85,228,217,11,1174,1100,74,123,109,14,37,33,4,86,76,10
27,000,STATE - MAHARASHTRA,47,472,4723,Retail sale of tobacco products in specialized stores,3568,3349,219,881,840,41,2687,2509,178,289,266,23,90,84,6,199,182,17
27,000,STATE - MAHARASHTRA,47,473,4730,Retail sale of automotive fuel in specialized stores,2731,2603,128,638,625,13,2093,1978,115,192,179,13,49,48,1,143,131,12
27,000,STATE - MAHARASHTRA,47,474,4741,"Retail sale of computers, peripheral units, software and",3356,3062,294,511,492,19,2845,2570,275,313,276,37,55,55,0,258,221,37
27,000,STATE - MAHARASHTRA,47,474,4742,Retail sale of audio and video equipment in specialized stores,229,221,8,38,38,0,191,183,8,13,8,5,0,0,0,13,8,5
27,000,STATE - MAHARASHTRA,47,475,4751,Retail sale of textiles in specialized stores,4078,3359,719,712,628,84,3366,2731,635,428,333,95,77,65,12,351,268,83
27,000,STATE - MAHARASHTRA,47,475,4752,"Retail sale of hardware, paints and glass in specialized stores",4638,4365,273,808,753,55,3830,3612,218,348,298,50,68,38,30,280,260,20
27,000,STATE - MAHARASHTRA,47,475,4753,"Retail sale of carpets, rugs, wall and floor coverings in specialized",244,234,10,40,37,3,204,197,7,36,32,4,0,0,0,36,32,4
27,000,STATE - MAHARASHTRA,47,475,4759,"Retail sale of electrical household appliances, furniture, lighting",7684,6817,867,1267,1092,175,6417,5725,692,614,460,154,154,116,38,460,344,116
27,000,STATE - MAHARASHTRA,47,476,4761,"Retail sale of books, newspapers and stationary in specialized stores",3095,2770,325,516,455,61,2579,2315,264,381,325,56,84,73,11,297,252,45
27,000,STATE - MAHARASHTRA,47,476,4762,Retail sale of music and video recordings in specialized stores,95,95,0,19,19,0,76,76,0,2,2,0,0,0,0,2,2,0
27,000,STATE - MAHARASHTRA,47,476,4763,Retail sale of sporting equipment in specialized stores,43,41,2,1,1,0,42,40,2,6,3,3,6,3,3,0,0,0
27,000,STATE - MAHARASHTRA,47,476,4764,Retail sale of games and toys in specialized stores,355,278,77,101,70,31,254,208,46,43,33,10,0,0,0,43,33,10
27,000,STATE - MAHARASHTRA,47,477,4771,"Retail sale of clothing, footwear and leather articles in specialized",17525,15600,1925,3822,3547,275,13703,12053,1650,1081,877,204,276,228,48,805,649,156
27,000,STATE - MAHARASHTRA,47,477,4772,"Retail sale of pharmaceutical and medical goods, cosmetic and toilet",5243,4455,788,846,778,68,4397,3677,720,419,289,130,110,73,37,309,216,93
27,000,STATE - MAHARASHTRA,47,477,4773,Other retail sale of new goods in specialized stores,12585,10490,2095,1747,1466,281,10838,9024,1814,1112,746,366,229,140,89,883,606,277
27,000,STATE - MAHARASHTRA,47,477,4774,Retail sale of second-hand goods,91,63,28,3,3,0,88,60,28,2,0,2,0,0,0,2,0,2
27,000,STATE - MAHARASHTRA,47,478,4781,"Retail sale via stalls and markets of food, beverages and tobacco",1273,1110,163,286,266,20,987,844,143,122,101,21,40,32,8,82,69,13
27,000,STATE - MAHARASHTRA,47,478,4782,"Retail sale via stalls and markets of textiles, clothing and footwear",1730,1427,303,299,258,41,1431,1169,262,156,117,39,8,7,1,148,110,38
27,000,STATE - MAHARASHTRA,47,478,4789,Retail sale via stalls and markets of other goods,5898,4851,1047,650,535,115,5248,4316,932,595,459,136,92,77,15,503,382,121
27,000,STATE - MAHARASHTRA,47,479,4791,Retail sale via mail order houses or via Internet,2907,2361,546,548,457,91,2359,1904,455,206,124,82,45,27,18,161,97,64
27,000,STATE - MAHARASHTRA,47,479,4799,"Other retail sale not in stores, stalls or markets",7852,6026,1826,1230,915,315,6622,5111,1511,903,632,271,140,96,44,763,536,227
27,000,STATE - MAHARASHTRA,49,491,4911,Passenger rail transport,23289,20817,2472,3218,3067,151,20071,17750,2321,670,573,97,88,76,12,582,497,85
27,000,STATE - MAHARASHTRA,49,491,4912,Freight rail transport,5551,4964,587,931,877,54,4620,4087,533,119,100,19,11,11,0,108,89,19
27,000,STATE - MAHARASHTRA,49,492,4921,Urban or suburban passenger land transport,26913,26211,702,5584,5482,102,21329,20729,600,1619,1562,57,358,344,14,1261,1218,43
27,000,STATE - MAHARASHTRA,49,492,4922,Other passenger land transport,77489,75161,2328,17941,17440,501,59548,57721,1827,4883,4682,201,1214,1171,43,3669,3511,158
27,000,STATE - MAHARASHTRA,49,492,4923,Freight transport by road,45802,44621,1181,13573,13284,289,32229,31337,892,3493,3327,166,1153,1099,54,2340,2228,112
27,000,STATE - MAHARASHTRA,49,493,4930,Transport via pipeline,18,15,3,3,3,0,15,12,3,0,0,0,0,0,0,0,0,0
27,000,STATE - MAHARASHTRA,50,501,5011,Sea and coastal passenger water transport,2284,2049,235,87,85,2,2197,1964,233,79,76,3,6,6,0,73,70,3
27,000,STATE - MAHARASHTRA,50,501,5012,Sea and coastal freight water transport,464,407,57,19,19,0,445,388,57,9,9,0,0,0,0,9,9,0
27,000,STATE - MAHARASHTRA,50,502,5021,Inland passenger water transport,281,267,14,58,56,2,223,211,12,17,14,3,8,8,0,9,6,3
27,000,STATE - MAHARASHTRA,50,502,5022,Inland freight water transport,68,55,13,10,8,2,58,47,11,7,7,0,0,0,0,7,7,0
27,000,STATE - MAHARASHTRA,51,511,5110,Passenger air transport,2393,2076,317,90,80,10,2303,1996,307,135,129,6,14,14,0,121,115,6
27,000,STATE - MAHARASHTRA,51,512,5120,Freight air transport,2047,1785,262,100,86,14,1947,1699,248,175,160,15,38,26,12,137,134,3
27,000,STATE - MAHARASHTRA,52,521,5210,Warehousing and storage,17783,16525,1258,3063,2836,227,14720,13689,1031,2152,1890,262,319,284,35,1833,1606,227
27,000,STATE - MAHARASHTRA,52,522,5221,Service activities incidental to land transportation,8616,8165,451,1497,1440,57,7119,6725,394,1002,904,98,213,198,15,789,706,83
27,000,STATE - MAHARASHTRA,52,522,5222,Service activities incidental to water transportation,15,9,6,6,0,6,9,9,0,0,0,0,0,0,0,0,0,0
27,000,STATE - MAHARASHTRA,52,522,5223,Service activities incidental to air transportation,67,65,2,23,21,2,44,44,0,9,9,0,0,0,0,9,9,0
27,000,STATE - MAHARASHTRA,52,522,5224,Cargo handling,696,656,40,91,88,3,605,568,37,39,37,2,3,3,0,36,34,2
27,000,STATE - MAHARASHTRA,52,522,5229,Other transportation support activities,2060,1917,143,343,331,12,1717,1586,131,153,125,28,32,24,8,121,101,20
27,000,STATE - MAHARASHTRA,53,531,5310,Postal activities,4777,4112,665,1932,1824,108,2845,2288,557,125,92,33,47,44,3,78,48,30
27,000,STATE - MAHARASHTRA,53,532,5320,Courier activities,3944,3595,349,202,188,14,3742,3407,335,236,224,12,22,22,0,214,202,12
27,000,STATE - MAHARASHTRA,55,551,5510,Short term accommodation activities,12254,10414,1840,2305,1994,311,9949,8420,1529,1264,1025,239,303,263,40,961,762,199
27,000,STATE - MAHARASHTRA,55,552,5520,"Camping grounds, recreational vehicle parks and trailer parks",9,9,0,0,0,0,9,9,0,3,3,0,0,0,0,3,3,0
27,000,STATE - MAHARASHTRA,55,559,5590,Other accommodation,2409,1600,809,872,615,257,1537,985,552,105,68,37,34,19,15,71,49,22
27,000,STATE - MAHARASHTRA,56,561,5610,Restaurants and mobile food service activities,7500,6487,1013,1499,1332,167,6001,5155,846,776,648,128,205,188,17,571,460,111
27,000,STATE - MAHARASHTRA,56,562,5621,Event catering,6134,4241,1893,590,414,176,5544,3827,1717,1158,649,509,101,71,30,1057,578,479
27,000,STATE - MAHARASHTRA,56,562,5629,Other food service activities,476,294,182,45,27,18,431,267,164,63,44,19,11,9,2,52,35,17
27,000,STATE - MAHARASHTRA,56,563,5630,Beverage serving activities,14098,12293,1805,2923,2607,316,11175,9686,1489,1211,1018,193,345,276,69,866,742,124
27,000,STATE - MAHARASHTRA,58,581,5811,Book publishing,104,85,19,6,6,0,98,79,19,3,3,0,0,0,0,3,3,0
27,000,STATE - MAHARASHTRA,58,581,5812,Publishing of directories and mailing lists,11,11,0,3,3,0,8,8,0,0,0,0,0,0,0,0,0,0
27,000,STATE - MAHARASHTRA,58,581,5813,"Publishing of newspapers, journals and periodicals",1343,1226,117,206,202,4,1137,1024,113,66,66,0,14,14,0,52,52,0
27,000,STATE - MAHARASHTRA,58,581,5819,Other publishing activities,72,56,16,15,15,0,57,41,16,3,3,0,0,0,0,3,3,0
27,000,STATE - MAHARASHTRA,58,582,5820,Software publishing,239,195,44,8,8,0,231,187,44,9,9,0,0,0,0,9,9,0
27,000,STATE - MAHARASHTRA,59,591,5911,"Motion picture, video and television programme production activities",531,502,29,95,92,3,436,410,26,104,94,10,23,17,6,81,77,4
27,000,STATE - MAHARASHTRA,59,591,5912,"Motion picture, video and television programme post-production",315,291,24,9,9,0,306,282,24,11,9,2,1,1,0,10,8,2
27,000,STATE - MAHARASHTRA,59,591,5913,"Motion picture, video and television programme distribution activities",397,347,50,29,18,11,368,329,39,42,38,4,0,0,0,42,38,4
27,000,STATE - MAHARASHTRA,59,591,5914,Motion picture projection activities,800,742,58,25,24,1,775,718,57,74,74,0,6,6,0,68,68,0
27,000,STATE - MAHARASHTRA,59,592,5920,Sound recording and music publishing activitiesT,191,188,3,26,26,0,165,162,3,24,23,1,16,15,1,8,8,0
27,000,STATE - MAHARASHTRA,60,601,6010,Radio broadcasting,277,239,38,31,25,6,246,214,32,15,8,7,2,2,0,13,6,7
27,000,STATE - MAHARASHTRA,60,602,6020,Television programming and broadcasting activities,824,736,88,52,52,0,772,684,88,26,24,2,7,7,0,19,17,2
27,000,STATE - MAHARASHTRA,61,611,6110,Wired telecommunications activities,4343,3887,456,495,464,31,3848,3423,425,249,200,49,24,24,0,225,176,49
27,000,STATE - MAHARASHTRA,61,612,6120,Wireless telecommunications activities,1952,1645,307,259,243,16,1693,1402,291,90,69,21,6,6,0,84,63,21
27,000,STATE - MAHARASHTRA,61,613,6130,Satellite telecommunications activities,88,83,5,10,10,0,78,73,5,9,9,0,6,6,0,3,3,0
27,000,STATE - MAHARASHTRA,61,619,6190,Other telecommunications activities,4471,3842,629,601,576,25,3870,3266,604,155,129,26,28,25,3,127,104,23
27,000,STATE - MAHARASHTRA,62,620,6201,Computer programming activities,1344,1052,292,88,82,6,1256,970,286,77,56,21,8,8,0,69,48,21
27,000,STATE - MAHARASHTRA,62,620,6202,Computer consultancy and computer facilities management activities,2660,2130,530,209,176,33,2451,1954,497,148,125,23,29,26,3,119,99,20
27,000,STATE - MAHARASHTRA,62,620,6209,Other information technology and computer service activities,3346,2606,740,204,167,37,3142,2439,703,201,143,58,10,10,0,191,133,58
27,000,STATE - MAHARASHTRA,63,631,6311,"Data processing, hosting and related activities",631,447,184,43,39,4,588,408,180,32,16,16,0,0,0,32,16,16
27,000,STATE - MAHARASHTRA,63,631,6312,Web portals,77,68,9,10,10,0,67,58,9,3,3,0,0,0,0,3,3,0
27,000,STATE - MAHARASHTRA,63,639,6391,News agency activities,8,8,0,0,0,0,8,8,0,6,6,0,0,0,0,6,6,0
27,000,STATE - MAHARASHTRA,63,639,6399,Other information service activities n.e.c.,2440,2022,418,230,216,14,2210,1806,404,105,79,26,8,5,3,97,74,23
27,000,STATE - MAHARASHTRA,64,641,6411,Central banking,5875,4971,904,861,786,75,5014,4185,829,153,118,35,18,17,1,135,101,34
27,000,STATE - MAHARASHTRA,64,641,6419,Other monetary intermediation,24919,21005,3914,4232,3864,368,20687,17141,3546,865,685,180,187,148,39,678,537,141
27,000,STATE - MAHARASHTRA,64,642,6420,Activities of holding companies,321,260,61,48,40,8,273,220,53,23,20,3,6,6,0,17,14,3
27,000,STATE - MAHARASHTRA,64,643,6430,"Trusts, funds and other financial vehicles",1115,856,259,291,247,44,824,609,215,69,50,19,26,23,3,43,27,16
27,000,STATE - MAHARASHTRA,64,649,6491,Financial leasing,255,205,50,59,51,8,196,154,42,47,36,11,31,22,9,16,14,2
27,000,STATE - MAHARASHTRA,64,649,6492,Other credit granting,77,50,27,22,19,3,55,31,24,3,3,0,3,3,0,0,0,0
27,000,STATE - MAHARASHTRA,64,649,6499,"Other financial service activities, except insurance and pension funding",1319,1071,248,218,163,55,1101,908,193,113,76,37,29,26,3,84,50,34
27,000,STATE - MAHARASHTRA,65,651,6511,Life insurance,7191,5900,1291,1122,1037,85,6069,4863,1206,445,318,127,72,53,19,373,265,108
27,000,STATE - MAHARASHTRA,65,651,6512,Non-life insurance,417,343,74,38,38,0,379,305,74,26,18,8,0,0,0,26,18,8
27,000,STATE - MAHARASHTRA,65,652,6520,Reinsurance,76,71,5,6,6,0,70,65,5,0,0,0,0,0,0,0,0,0
27,000,STATE - MAHARASHTRA,65,653,6530,Pension funding,12,12,0,12,12,0,0,0,0,0,0,0,0,0,0,0,0,0
27,000,STATE - MAHARASHTRA,66,661,6612,Security and commodity contracts brokerage,33,28,5,8,8,0,25,20,5,2,0,2,0,0,0,2,0,2
27,000,STATE - MAHARASHTRA,66,661,6619,Activities auxiliary to financial service activities n.e.c.,21,18,3,6,6,0,15,12,3,0,0,0,0,0,0,0,0,0
27,000,STATE - MAHARASHTRA,66,662,6621,Risk and damage evaluation,40,33,7,0,0,0,40,33,7,5,0,5,0,0,0,5,0,5
27,000,STATE - MAHARASHTRA,66,662,6622,Activities of insurance agents and brokers,1742,1409,333,248,229,19,1494,1180,314,131,97,34,34,34,0,97,63,34
27,000,STATE - MAHARASHTRA,66,662,6629,Other activities auxiliary to insurance and pension funding,438,356,82,81,53,28,357,303,54,36,30,6,13,9,4,23,21,2
27,000,STATE - MAHARASHTRA,66,663,6630,Fund management activities,845,707,138,175,158,17,670,549,121,55,27,28,15,2,13,40,25,15
27,000,STATE - MAHARASHTRA,68,681,6810,Real estate activities with own or leased property,1956,1866,90,137,134,3,1819,1732,87,133,119,14,16,16,0,117,103,14
27,000,STATE - MAHARASHTRA,68,682,6820,Real estate activities on a fee or contract basis,2374,2241,133,129,129,0,2245,2112,133,137,118,19,20,12,8,117,106,11
27,000,STATE - MAHARASHTRA,69,691,6910,Legal activities,4140,3491,649,756,680,76,3384,2811,573,189,154,35,48,43,5,141,111,30
27,000,STATE - MAHARASHTRA,69,692,6920,"Accounting, bookkeeping and auditing activities; tax consultancy",1503,1125,378,117,110,7,1386,1015,371,121,81,40,6,6,0,115,75,40
27,000,STATE - MAHARASHTRA,70,701,7010,Activities of head offices,24,21,3,12,12,0,12,9,3,0,0,0,0,0,0,0,0,0
27,000,STATE - MAHARASHTRA,70,702,7020,Management consultancy activities,242,157,85,9,9,0,233,148,85,22,14,8,3,0,3,19,14,5
27,000,STATE - MAHARASHTRA,71,711,7110,Architectural and engineering activities and related technical,721,610,111,88,81,7,633,529,104,32,32,0,6,6,0,26,26,0
27,000,STATE - MAHARASHTRA,71,712,7120,Technical testing and analysis,33,30,3,0,0,0,33,30,3,0,0,0,0,0,0,0,0,0
27,000,STATE - MAHARASHTRA,72,721,7210,Research and experimental development on natural sciences and,208,174,34,17,15,2,191,159,32,3,3,0,0,0,0,3,3,0
27,000,STATE - MAHARASHTRA,72,722,7220,Research and experimental development on social sciences and,153,118,35,15,9,6,138,109,29,6,6,0,0,0,0,6,6,0
27,000,STATE - MAHARASHTRA,73,731,7310,Advertising,629,489,140,41,35,6,588,454,134,54,49,5,12,12,0,42,37,5
27,000,STATE - MAHARASHTRA,73,732,7320,Market research and public opinion polling,78,57,21,5,5,0,73,52,21,3,3,0,0,0,0,3,3,0
27,000,STATE - MAHARASHTRA,74,741,7410,Specialized design activities,1299,1007,292,60,50,10,1239,957,282,87,70,17,0,0,0,87,70,17
27,000,STATE - MAHARASHTRA,74,742,7420,Photographic activities,3867,3714,153,829,801,28,3038,2913,125,365,334,31,115,105,10,250,229,21
27,000,STATE - MAHARASHTRA,74,749,7490,"Other professional, scientific and technical activities n.e.c.",260,219,41,18,16,2,242,203,39,27,27,0,6,6,0,21,21,0
27,000,STATE - MAHARASHTRA,75,750,7500,Veterinary activities,1559,1423,136,754,702,52,805,721,84,61,61,0,30,30,0,31,31,0
27,000,STATE - MAHARASHTRA,77,771,7710,Renting and leasing of motor vehicles,120,120,0,16,16,0,104,104,0,20,20,0,6,6,0,14,14,0
27,000,STATE - MAHARASHTRA,77,772,7722,Renting of video tapes and disks,8,8,0,0,0,0,8,8,0,0,0,0,0,0,0,0,0,0
27,000,STATE - MAHARASHTRA,77,772,7729,Renting and leasing of other personal and household goods n.e.c.,2443,2335,108,358,337,21,2085,1998,87,385,350,35,113,97,16,272,253,19
27,000,STATE - MAHARASHTRA,77,773,7730,"Renting and leasing of other machinery, equipment and tangible goods",68,60,8,8,6,2,60,54,6,8,6,2,0,0,0,8,6,2
27,000,STATE - MAHARASHTRA,77,774,7740,Leasing of nonfinancial intangible assets,6,6,0,0,0,0,6,6,0,3,0,3,0,0,0,3,0,3
27,000,STATE - MAHARASHTRA,78,781,7810,Activities of employment placement agencies,505,427,78,30,30,0,475,397,78,26,23,3,0,0,0,26,23,3
27,000,STATE - MAHARASHTRA,78,782,7820,Temporary employment agency activities,188,158,30,36,26,10,152,132,20,5,5,0,0,0,0,5,5,0
27,000,STATE - MAHARASHTRA,78,783,7830,Human resources provision and management of human resources,105,51,54,1,0,1,104,51,53,5,2,3,0,0,0,5,2,3
27,000,STATE - MAHARASHTRA,79,791,7911,Travel agency activities,1421,1270,151,83,75,8,1338,1195,143,76,61,15,9,9,0,67,52,15
27,000,STATE - MAHARASHTRA,79,791,7912,Tour operator activities,66,57,9,8,8,0,58,49,9,0,0,0,0,0,0,0,0,0
27,000,STATE - MAHARASHTRA,79,799,7990,Other reservation service and related activities,138,125,13,3,3,0,135,122,13,2,2,0,0,0,0,2,2,0
27,000,STATE - MAHARASHTRA,80,801,8010,Private security activities,9962,9525,437,1007,984,23,8955,8541,414,639,610,29,99,97,2,540,513,27
27,000,STATE - MAHARASHTRA,80,802,8020,Security systems service activities,6791,6412,379,692,660,32,6099,5752,347,503,469,34,64,64,0,439,405,34
27,000,STATE - MAHARASHTRA,80,803,8030,Investigation activities,129,119,10,21,19,2,108,100,8,7,5,2,0,0,0,7,5,2
27,000,STATE - MAHARASHTRA,81,811,8110,Combined facilities support activities,327,214,113,23,17,6,304,197,107,17,11,6,0,0,0,17,11,6
27,000,STATE - MAHARASHTRA,81,812,8121,General cleaning of buildings,5215,3094,2121,159,102,57,5056,2992,2064,457,283,174,8,6,2,449,277,172
27,000,STATE - MAHARASHTRA,81,812,8129,Other building and industrial cleaning activities,5845,3732,2113,265,169,96,5580,3563,2017,615,418,197,29,25,4,586,393,193
27,000,STATE - MAHARASHTRA,81,813,8130,Landscape care and maintenance service activities,1718,1029,689,109,71,38,1609,958,651,112,72,40,7,2,5,105,70,35
27,000,STATE - MAHARASHTRA,82,821,8211,Combined office administrative service activities,2156,1755,401,304,258,46,1852,1497,355,181,143,38,24,21,3,157,122,35
27,000,STATE - MAHARASHTRA,82,821,8219,"Photocopying, document preparation and other specialized office",2357,1956,401,342,300,42,2015,1656,359,213,152,61,59,40,19,154,112,42
27,000,STATE - MAHARASHTRA,82,822,8220,Activities of call centres,3715,2876,839,228,189,39,3487,2687,800,287,213,74,23,17,6,264,196,68
27,000,STATE - MAHARASHTRA,82,823,8230,Organization of conventions and trade shows,18,18,0,0,0,0,18,18,0,0,0,0,0,0,0,0,0,0
27,000,STATE - MAHARASHTRA,82,829,8291,Activities of collection agencies and credit bureaus,173,132,41,16,14,2,157,118,39,14,12,2,0,0,0,14,12,2
27,000,STATE - MAHARASHTRA,82,829,8292,Packaging activities,1505,884,621,158,113,45,1347,771,576,192,75,117,43,5,38,149,70,79
27,000,STATE - MAHARASHTRA,82,829,8299,Other business support service activities n.e.c.,73758,59729,14029,10403,9030,1373,63355,50699,12656,5219,4027,1192,878,734,144,4341,3293,1048
27,000,STATE - MAHARASHTRA,84,841,8411,General public administration activities,155774,123547,32227,28850,24832,4018,126924,98715,28209,5097,3815,1282,908,708,200,4189,3107,1082
27,000,STATE - MAHARASHTRA,84,841,8412,"Regulation of the activities of providing health care, education, cultural",521,396,125,57,51,6,464,345,119,18,8,10,13,6,7,5,2,3
27,000,STATE - MAHARASHTRA,84,841,8413,Regulation of and contribution to more efficient operation of,17,11,6,1,1,0,16,10,6,2,0,2,0,0,0,2,0,2
27,000,STATE - MAHARASHTRA,84,842,8421,Foreign affairs,66,51,15,11,5,6,55,46,9,0,0,0,0,0,0,0,0,0
27,000,STATE - MAHARASHTRA,84,842,8422,Defence activities,5009,4498,511,1266,1222,44,3743,3276,467,156,112,44,24,14,10,132,98,34
27,000,STATE - MAHARASHTRA,84,842,8423,Public order and safety activities,19906,17407,2499,4180,3740,440,15726,13667,2059,649,518,131,170,146,24,479,372,107
27,000,STATE - MAHARASHTRA,84,843,8430,Compulsory social security activities,1116,995,121,189,181,8,927,814,113,21,9,12,6,0,6,15,9,6
27,000,STATE - MAHARASHTRA,85,851,8510,Primary education,51676,29078,22598,22579,15545,7034,29097,13533,15564,1898,892,1006,790,460,330,1108,432,676
27,000,STATE - MAHARASHTRA,85,852,8521,General secondary education,32259,23543,8716,14278,12176,2102,17981,11367,6614,1018,622,396,391,286,105,627,336,291
27,000,STATE - MAHARASHTRA,85,852,8522,Technical and vocational secondary education,1902,1160,742,774,564,210,1128,596,532,72,42,30,27,18,9,45,24,21
27,000,STATE - MAHARASHTRA,85,853,8530,Higher education,23120,17448,5672,5263,4437,826,17857,13011,4846,925,588,337,187,139,48,738,449,289
27,000,STATE - MAHARASHTRA,85,854,8541,Sports and recreation education,392,350,42,42,35,7,350,315,35,23,21,2,3,3,0,20,18,2
27,000,STATE - MAHARASHTRA,85,854,8542,Cultural education,85,71,14,7,7,0,78,64,14,11,11,0,7,7,0,4,4,0
27,000,STATE - MAHARASHTRA,85,854,8549,Other education n.e.c.,9633,6331,3302,2125,1572,553,7508,4759,2749,965,537,428,306,215,91,659,322,337
27,000,STATE - MAHARASHTRA,85,855,8550,Educational support services,12296,8619,3677,4001,3161,840,8295,5458,2837,579,305,274,166,94,72,413,211,202
27,000,STATE - MAHARASHTRA,86,861,8610,Hospital activities,31230,16697,14533,5071,2575,2496,26159,14122,12037,1522,649,873,267,105,162,1255,544,711
27,000,STATE - MAHARASHTRA,86,862,8620,Medical and dental practice activities,10790,6527,4263,2202,1635,567,8588,4892,3696,534,225,309,85,58,27,449,167,282
27,000,STATE - MAHARASHTRA,86,869,8690,Other human health activities,41269,10247,31022,19289,2798,16491,21980,7449,14531,1945,466,1479,814,105,709,1131,361,770
27,000,STATE - MAHARASHTRA,87,871,8710,Nursing care facilities,14,0,14,9,0,9,5,0,5,0,0,0,0,0,0,0,0,0
27,000,STATE - MAHARASHTRA,87,872,8720,"Residential care activities for mental retardation, mental health and",10,7,3,3,0,3,7,7,0,0,0,0,0,0,0,0,0,0
27,000,STATE - MAHARASHTRA,87,873,8730,Residential care activities for the elderly and disabled,65,43,22,28,27,1,37,16,21,3,3,0,0,0,0,3,3,0
27,000,STATE - MAHARASHTRA,87,879,8790,Other residential care activities n.e.c.,75,34,41,25,15,10,50,19,31,6,6,0,0,0,0,6,6,0
27,000,STATE - MAHARASHTRA,88,881,8810,Social work activities without accommodation for the elderly and,652,270,382,190,37,153,462,233,229,57,17,40,20,3,17,37,14,23
27,000,STATE - MAHARASHTRA,88,889,8890,Other social work activities without accommodation n.e.c.,2612,1163,1449,1136,317,819,1476,846,630,163,87,76,56,31,25,107,56,51
27,000,STATE - MAHARASHTRA,90,900,9000,"Dramatic arts, music and other arts activities",11250,10470,780,2616,2431,185,8634,8039,595,2864,2683,181,1200,1136,64,1664,1547,117
27,000,STATE - MAHARASHTRA,91,910,9101,Library and archives activities,700,465,235,174,131,43,526,334,192,41,29,12,14,11,3,27,18,9
27,000,STATE - MAHARASHTRA,91,910,9102,Museums activities and operation of historical sites and buildings,16,9,7,2,0,2,14,9,5,6,6,0,6,6,0,0,0,0
27,000,STATE - MAHARASHTRA,91,910,9103,Botanical and zoological gardens and nature reserves activities,577,447,130,128,84,44,449,363,86,48,35,13,26,20,6,22,15,7
27,000,STATE - MAHARASHTRA,92,920,9200,Gambling and betting activities,693,667,26,41,41,0,652,626,26,33,29,4,2,0,2,31,29,2
27,000,STATE - MAHARASHTRA,93,931,9311,Operation of sports facilities,38,29,9,0,0,0,38,29,9,0,0,0,0,0,0,0,0,0
27,000,STATE - MAHARASHTRA,93,931,9312,Activities of sports clubs,553,517,36,42,37,5,511,480,31,30,19,11,2,0,2,28,19,9
27,000,STATE - MAHARASHTRA,93,931,9319,Other sports activities,568,525,43,81,73,8,487,452,35,88,86,2,26,26,0,62,60,2
27,000,STATE - MAHARASHTRA,93,932,9321,Activities of amusement parks and theme parks,25,18,7,5,0,5,20,18,2,3,0,3,0,0,0,3,0,3
27,000,STATE - MAHARASHTRA,93,932,9329,Other amusement and recreation activities n.e.c.,2794,2660,134,809,775,34,1985,1885,100,1132,1100,32,492,483,9,640,617,23
27,000,STATE - MAHARASHTRA,94,941,9411,Activities of business and employers membership organizations,46,31,15,14,10,4,32,21,11,6,6,0,6,6,0,0,0,0
27,000,STATE - MAHARASHTRA,94,941,9412,Activities of professional membership organizations,11,9,2,4,4,0,7,5,2,3,3,0,0,0,0,3,3,0
27,000,STATE - MAHARASHTRA,94,942,9420,Activities of trade unions,152,121,31,40,37,3,112,84,28,11,9,2,0,0,0,11,9,2
27,000,STATE - MAHARASHTRA,94,949,9491,Activities of religious organizations,2149,1726,423,752,595,157,1397,1131,266,275,186,89,100,71,29,175,115,60
27,000,STATE - MAHARASHTRA,94,949,9492,Activities of political organizations,963,778,185,340,263,77,623,515,108,81,67,14,43,34,9,38,33,5
27,000,STATE - MAHARASHTRA,94,949,9499,Activities of other membership organizations n.e.c.,433,279,154,107,75,32,326,204,122,49,21,28,2,2,0,47,19,28
27,000,STATE - MAHARASHTRA,95,951,9511,Repair of computers and peripheral equipment,1051,958,93,145,128,17,906,830,76,66,65,1,10,9,1,56,56,0
27,000,STATE - MAHARASHTRA,95,951,9512,Repair of communication equipment,634,597,37,130,130,0,504,467,37,71,67,4,26,22,4,45,45,0
27,000,STATE - MAHARASHTRA,95,952,9521,Repair of consumer electronics,984,839,145,240,203,37,744,636,108,137,123,14,53,49,4,84,74,10
27,000,STATE - MAHARASHTRA,95,952,9522,Repair of household appliances and home and garden equipment,2361,2098,263,514,415,99,1847,1683,164,222,152,70,78,37,41,144,115,29
27,000,STATE - MAHARASHTRA,95,952,9523,Repair of footwear and leather goods,13641,12816,825,4953,4646,307,8688,8170,518,1130,1019,111,522,464,58,608,555,53
27,000,STATE - MAHARASHTRA,95,952,9524,Repair of furniture and home furnishings,66,60,6,15,13,2,51,47,4,6,6,0,3,3,0,3,3,0
27,000,STATE - MAHARASHTRA,95,952,9529,"Repair of personal and household goods, n.e.c.",6361,5754,607,1950,1806,144,4411,3948,463,854,731,123,292,258,34,562,473,89
27,000,STATE - MAHARASHTRA,96,960,9601,Washing and (dry-) cleaning of textile and fur products,3406,2920,486,560,506,54,2846,2414,432,348,255,93,59,44,15,289,211,78
27,000,STATE - MAHARASHTRA,96,960,9602,Hairdressing and other beauty treatment,3976,804,3172,465,190,275,3511,614,2897,506,74,432,89,12,77,417,62,355
27,000,STATE - MAHARASHTRA,96,960,9603,Funeral and related activities,57,43,14,0,0,0,57,43,14,0,0,0,0,0,0,0,0,0
27,000,STATE - MAHARASHTRA,96,960,9609,Other personal service activities n.e.c.,95164,10484,84680,5668,1431,4237,89496,9053,80443,14373,1350,13023,1484,236,1248,12889,1114,11775
27,000,STATE - MAHARASHTRA,97,970,9700,Activities of households as employers of domestic personnel,2534,1789,745,489,345,144,2045,1444,601,237,122,115,62,32,30,175,90,85
27,000,STATE - MAHARASHTRA,98,981,9810,Undifferentiated goods-producing activities of private households for own,32,10,22,3,3,0,29,7,22,3,0,3,0,0,0,3,0,3
27,000,STATE - MAHARASHTRA,98,982,9820,Undifferentiated service-producing activities of private households for own,19,11,8,0,0,0,19,11,8,0,0,0,0,0,0,0,0,0
27,000,STATE - MAHARASHTRA,99,990,9900,Activities of extraterritorial organizations and bodies,10,7,3,1,1,0,9,6,3,0,0,0,0,0,0,0,0,0
14,000,STATE - MANIPUR,01,011,0111,"Growing of cereals (except rice), leguminous crops and oil seeds",27,21,6,26,21,5,1,0,1,30,8,22,28,8,20,2,0,2
14,000,STATE - MANIPUR,01,011,0112,Growing of rice,5981,4028,1953,3415,2207,1208,2566,1821,745,2915,1675,1240,2352,1285,1067,563,390,173
14,000,STATE - MANIPUR,01,011,0113,"Growing of vegetables and melons, roots and tubers",484,200,284,274,109,165,210,91,119,655,129,526,342,75,267,313,54,259
14,000,STATE - MANIPUR,01,011,0114,Growing of sugar cane,14,14,0,8,8,0,6,6,0,8,4,4,8,4,4,0,0,0
14,000,STATE - MANIPUR,01,011,0119,Growing of other non-perennial crop,5,5,0,1,1,0,4,4,0,2,2,0,2,2,0,0,0,0
14,000,STATE - MANIPUR,01,012,0122,Growing of tropical and subtropical fruits,252,94,158,246,88,158,6,6,0,31,22,9,24,16,8,7,6,1
14,000,STATE - MANIPUR,01,012,0123,Growing of citrus fruits,28,22,6,25,20,5,3,2,1,3,1,2,3,1,2,0,0,0
14,000,STATE - MANIPUR,01,012,0124,Growing of pome fruits and stone fruits,6,4,2,6,4,2,0,0,0,0,0,0,0,0,0,0,0,0
14,000,STATE - MANIPUR,01,012,0125,Growing of other tree and bush fruits and nuts,25,23,2,12,10,2,13,13,0,16,13,3,9,7,2,7,6,1
14,000,STATE - MANIPUR,01,012,0126,Growing of oleaginous fruits,59,37,22,27,13,14,32,24,8,2,2,0,2,2,0,0,0,0
14,000,STATE - MANIPUR,01,012,0127,Growing of beverage crops,149,61,88,124,44,80,25,17,8,27,15,12,23,11,12,4,4,0
14,000,STATE - MANIPUR,01,012,0128,"Growing of spices, aromatic, drug and pharmaceutical crops",7,7,0,7,7,0,0,0,0,2,0,2,2,0,2,0,0,0
14,000,STATE - MANIPUR,01,012,0129,Growing of other perennial crops,123,108,15,110,97,13,13,11,2,49,28,21,49,28,21,0,0,0
14,000,STATE - MANIPUR,01,013,0130,Plant propagation,83,57,26,48,38,10,35,19,16,35,16,19,30,14,16,5,2,3
14,000,STATE - MANIPUR,01,014,0141,Raising of cattle and buffaloes,1057,832,225,651,515,136,406,317,89,318,190,128,218,129,89,100,61,39
14,000,STATE - MANIPUR,01,014,0142,Raising of horses and other equines,6,6,0,6,6,0,0,0,0,0,0,0,0,0,0,0,0,0
14,000,STATE - MANIPUR,01,014,0144,Raising of sheep and goats,28,22,6,28,22,6,0,0,0,19,16,3,17,15,2,2,1,1
14,000,STATE - MANIPUR,01,014,0145,Raising of swine/pigs,370,203,167,188,88,100,182,115,67,182,111,71,116,82,34,66,29,37
14,000,STATE - MANIPUR,01,014,0146,Raising of poultry,1071,812,259,541,402,139,530,410,120,520,219,301,289,91,198,231,128,103
14,000,STATE - MANIPUR,01,014,0149,Raising of other animals,465,348,117,235,176,59,230,172,58,173,92,81,112,65,47,61,27,34
14,000,STATE - MANIPUR,01,015,0150,Mixed farming,662,476,186,445,320,125,217,156,61,356,177,179,286,140,146,70,37,33
14,000,STATE - MANIPUR,01,016,0161,Support activities for crop production,1114,876,238,475,405,70,639,471,168,62,48,14,20,10,10,42,38,4
14,000,STATE - MANIPUR,01,016,0162,Support activities for animal production,8,6,2,8,6,2,0,0,0,2,0,2,0,0,0,2,0,2
14,000,STATE - MANIPUR,01,016,0163,Post-harvest crop activities,203,168,35,86,78,8,117,90,27,22,18,4,18,16,2,4,2,2
14,000,STATE - MANIPUR,01,016,0164,Seed processing for propagation,2,2,0,2,2,0,0,0,0,0,0,0,0,0,0,0,0,0
14,000,STATE - MANIPUR,01,017,0170,"Hunting, trapping and related service activities",11,11,0,5,5,0,6,6,0,18,18,0,18,18,0,0,0,0
14,000,STATE - MANIPUR,02,021,0210,Silviculture and other forestry activities,277,219,58,100,80,20,177,139,38,24,24,0,24,24,0,0,0,0
14,000,STATE - MANIPUR,02,022,0220,Logging,1020,906,114,873,769,104,147,137,10,736,444,292,653,393,260,83,51,32
14,000,STATE - MANIPUR,02,023,0230,Gathering of non-wood forest products,8,8,0,8,8,0,0,0,0,2,2,0,2,2,0,0,0,0
14,000,STATE - MANIPUR,02,024,0240,Support services to forestry,1254,1076,178,589,532,57,665,544,121,68,54,14,54,46,8,14,8,6
14,000,STATE - MANIPUR,03,031,0311,Marine fishing,2733,2513,220,2239,2077,162,494,436,58,164,102,62,118,65,53,46,37,9
14,000,STATE - MANIPUR,03,031,0312,Freash water fishing,4306,3974,332,3731,3465,266,575,509,66,588,508,80,467,403,64,121,105,16
14,000,STATE - MANIPUR,03,032,0321,Marine aquaculture,76,57,19,54,48,6,22,9,13,0,0,0,0,0,0,0,0,0
14,000,STATE - MANIPUR,03,032,0322,Freshwater aquaculture,1384,1181,203,952,819,133,432,362,70,159,99,60,73,43,30,86,56,30
14,000,STATE - MANIPUR,05,051,0510,Mining of hard coal,1,1,0,0,0,0,1,1,0,0,0,0,0,0,0,0,0,0
14,000,STATE - MANIPUR,05,052,0520,Mining of lignite,1,1,0,0,0,0,1,1,0,0,0,0,0,0,0,0,0,0
14,000,STATE - MANIPUR,06,061,0610,Extraction of crude petroleum,97,69,28,78,56,22,19,13,6,2,2,0,2,2,0,0,0,0
14,000,STATE - MANIPUR,08,081,0810,"Quarrying of stone, sand and clay",932,443,489,723,347,376,209,96,113,205,102,103,176,81,95,29,21,8
14,000,STATE - MANIPUR,08,089,0899,Other mining and quarrying n.e.c.,436,217,219,376,185,191,60,32,28,123,49,74,104,48,56,19,1,18
14,000,STATE - MANIPUR,09,091,0910,Support activities for petroleum and natural gas mining,36,34,2,32,30,2,4,4,0,0,0,0,0,0,0,0,0,0
14,000,STATE - MANIPUR,09,099,0990,Support activities for other mining and quarrying,21,13,8,8,2,6,13,11,2,4,2,2,2,2,0,2,0,2
14,000,STATE - MANIPUR,10,101,1010,Processing and preserving of meat,337,199,138,157,84,73,180,115,65,259,113,146,157,69,88,102,44,58
14,000,STATE - MANIPUR,10,102,1020,"Processing and preserving of fish, crustaceans and molluscs and",162,129,33,106,86,20,56,43,13,170,71,99,139,53,86,31,18,13
14,000,STATE - MANIPUR,10,103,1030,Processing and preserving of fruit and vegetables,596,267,329,318,148,170,278,119,159,688,176,512,459,96,363,229,80,149
14,000,STATE - MANIPUR,10,104,1040,Manufacture of vegetable and animal oils and fats,0,0,0,0,0,0,0,0,0,1,0,1,1,0,1,0,0,0
14,000,STATE - MANIPUR,10,105,1050,Manufacture of dairy products,340,200,140,213,110,103,127,90,37,293,129,164,165,86,79,128,43,85
14,000,STATE - MANIPUR,10,106,1061,Manufacture of grain mill products,2049,1337,712,1406,868,538,643,469,174,678,321,357,499,210,289,179,111,68
14,000,STATE - MANIPUR,10,106,1062,Manufacture of starches and starch products,22,22,0,4,4,0,18,18,0,0,0,0,0,0,0,0,0,0
14,000,STATE - MANIPUR,10,107,1071,Manufacture of bakery products,252,146,106,46,28,18,206,118,88,61,14,47,27,5,22,34,9,25
14,000,STATE - MANIPUR,10,107,1072,Manufacture of sugar,49,13,36,16,8,8,33,5,28,17,9,8,12,6,6,5,3,2
14,000,STATE - MANIPUR,10,107,1073,"Manufacture of cocoa, chocolate and sugar confectionery",41,16,25,0,0,0,41,16,25,16,9,7,3,0,3,13,9,4
14,000,STATE - MANIPUR,10,107,1074,"Manufacture of macaroni, noodles, couscous and similar farinaceous",16,6,10,9,1,8,7,5,2,6,0,6,6,0,6,0,0,0
14,000,STATE - MANIPUR,10,107,1075,Manufacture of prepared meals and dishes,1184,440,744,426,139,287,758,301,457,996,211,785,536,66,470,460,145,315
14,000,STATE - MANIPUR,10,107,1079,Manufacture of other food products n.e.c.,444,216,228,149,74,75,295,142,153,209,71,138,114,32,82,95,39,56
14,000,STATE - MANIPUR,11,110,1101,"Distilling, rectifying and blending of spirits; ethyl alcohol production",75,14,61,40,12,28,35,2,33,6,0,6,0,0,0,6,0,6
14,000,STATE - MANIPUR,11,110,1102,Manufacture of wines,83,9,74,8,6,2,75,3,72,8,0,8,2,0,2,6,0,6
14,000,STATE - MANIPUR,11,110,1103,Manufacture of malt liquors and malt,89,7,82,38,6,32,51,1,50,18,0,18,0,0,0,18,0,18
14,000,STATE - MANIPUR,11,110,1104,Manufacture of soft drinks; production of mineral waters and other,23,12,11,14,4,10,9,8,1,28,2,26,2,0,2,26,2,24
14,000,STATE - MANIPUR,12,120,1200,Manufacture of tobacco products,56,9,47,19,2,17,37,7,30,39,8,31,28,6,22,11,2,9
14,000,STATE - MANIPUR,13,131,1311,Preparation and spinning of textile fibres,3855,833,3022,2387,510,1877,1468,323,1145,4098,562,3536,2583,402,2181,1515,160,1355
14,000,STATE - MANIPUR,13,131,1312,Weaving of textiles,23399,595,22804,14246,313,13933,9153,282,8871,23513,448,23065,14829,289,14540,8684,159,8525
14,000,STATE - MANIPUR,13,131,1313,Finishing of textiles,5600,136,5464,3925,90,3835,1675,46,1629,5305,87,5218,3760,54,3706,1545,33,1512
14,000,STATE - MANIPUR,13,139,1391,Manufacture of knitted and crocheted fabrics,548,39,509,272,6,266,276,33,243,320,5,315,196,0,196,124,5,119
14,000,STATE - MANIPUR,13,139,1392,"Manufacture of made-up textile articles, except apparel",212,10,202,68,6,62,144,4,140,151,7,144,78,4,74,73,3,70
14,000,STATE - MANIPUR,13,139,1393,Manufacture of carpets and rugs,69,11,58,52,0,52,17,11,6,43,7,36,20,4,16,23,3,20
14,000,STATE - MANIPUR,13,139,1394,"Manufacture of cordage, rope, twine and netting",26,0,26,12,0,12,14,0,14,60,16,44,38,16,22,22,0,22
14,000,STATE - MANIPUR,13,139,1399,Manufacture of other textiles n.e.c.,4648,124,4524,1766,48,1718,2882,76,2806,2860,74,2786,1273,14,1259,1587,60,1527
14,000,STATE - MANIPUR,14,141,1410,"Manufacture of wearing apparel, except fur apparel",5982,2137,3845,2381,929,1452,3601,1208,2393,3002,360,2642,1304,169,1135,1698,191,1507
14,000,STATE - MANIPUR,14,142,1420,Manufacture of articles of fur,29,11,18,16,6,10,13,5,8,3,0,3,0,0,0,3,0,3
14,000,STATE - MANIPUR,14,143,1430,Manufacture of knitted and crocheted apparel,164,18,146,104,6,98,60,12,48,203,16,187,134,12,122,69,4,65
14,000,STATE - MANIPUR,15,151,1511,Tanning and dressing of leather; dressing and dyeing of fur,3,0,3,0,0,0,3,0,3,0,0,0,0,0,0,0,0,0
14,000,STATE - MANIPUR,15,151,1512,"Manufacture of luggage, handbags and the like, saddlery and harness",37,22,15,8,0,8,29,22,7,0,0,0,0,0,0,0,0,0
14,000,STATE - MANIPUR,15,152,1520,Manufacture of footwear,387,199,188,150,86,64,237,113,124,215,33,182,85,10,75,130,23,107
14,000,STATE - MANIPUR,16,161,1610,Saw milling and planing of wood,307,291,16,200,184,16,107,107,0,51,51,0,42,42,0,9,9,0
14,000,STATE - MANIPUR,16,162,1621,"Manufacture of veneer sheets; manufacture of plywood, laminboard,",12,7,5,6,4,2,6,3,3,3,0,3,2,0,2,1,0,1
14,000,STATE - MANIPUR,16,162,1622,Manufacture of builders carpentry and joinery,59,59,0,30,30,0,29,29,0,2,2,0,2,2,0,0,0,0
14,000,STATE - MANIPUR,16,162,1623,Manufacture of wooden containers,996,602,394,732,426,306,264,176,88,770,365,405,594,281,313,176,84,92
14,000,STATE - MANIPUR,16,162,1629,"Manufacture of other products of wood; manufacture of articles of cork,",2588,1936,652,1528,1116,412,1060,820,240,1089,581,508,742,350,392,347,231,116
14,000,STATE - MANIPUR,17,170,1701,"Manufacture of pulp, paper and paperboard",10,3,7,0,0,0,10,3,7,6,0,6,2,0,2,4,0,4
14,000,STATE - MANIPUR,17,170,1702,Manufacture of corrugated paper and paperboard and containers of,0,0,0,0,0,0,0,0,0,2,0,2,0,0,0,2,0,2
14,000,STATE - MANIPUR,17,170,1709,Manufacture of other articles of paper and paperboard,53,29,24,28,20,8,25,9,16,20,8,12,14,8,6,6,0,6
14,000,STATE - MANIPUR,18,181,1811,Printing,174,150,24,33,32,1,141,118,23,6,4,2,2,0,2,4,4,0
14,000,STATE - MANIPUR,18,181,1812,Service activities related to printing,265,227,38,65,58,7,200,169,31,32,28,4,8,6,2,24,22,2
14,000,STATE - MANIPUR,19,191,1910,Manufacture of coke oven products,5,3,2,0,0,0,5,3,2,6,6,0,4,4,0,2,2,0
14,000,STATE - MANIPUR,19,192,1920,Manufacture of refined petroleum products,62,58,4,43,39,4,19,19,0,16,0,16,14,0,14,2,0,2
14,000,STATE - MANIPUR,20,201,2011,Manufacture of basic chemicals,13,11,2,2,2,0,11,9,2,0,0,0,0,0,0,0,0,0
14,000,STATE - MANIPUR,20,201,2012,Manufacture of fertilizers and nitrogen compounds,4,0,4,0,0,0,4,0,4,0,0,0,0,0,0,0,0,0
14,000,STATE - MANIPUR,20,201,2013,Manufacture of plastics and synthetic rubber in primary forms,6,6,0,6,6,0,0,0,0,0,0,0,0,0,0,0,0,0
14,000,STATE - MANIPUR,20,202,2022,"Manufacture of paints, varnishes and similar coatings, printing ink and",75,42,33,30,8,22,45,34,11,24,12,12,14,8,6,10,4,6
14,000,STATE - MANIPUR,20,202,2023,"Manufacture of soap and detergents, cleaning and polishing preparations,",549,118,431,184,20,164,365,98,267,520,24,496,213,18,195,307,6,301
14,000,STATE - MANIPUR,20,202,2029,Manufacture of other chemical products n.e.c.,3,0,3,0,0,0,3,0,3,0,0,0,0,0,0,0,0,0
14,000,STATE - MANIPUR,21,210,2100,"Manufacture of pharmaceuticals, medicinal chemical and botanical",9,7,2,6,6,0,3,1,2,1,0,1,0,0,0,1,0,1
14,000,STATE - MANIPUR,22,221,2211,Manufacture of rubber tyres and tubes; retreading and rebuilding of,119,119,0,62,62,0,57,57,0,5,5,0,4,4,0,1,1,0
14,000,STATE - MANIPUR,22,221,2219,Manufacture of other rubber products,2,0,2,1,0,1,1,0,1,0,0,0,0,0,0,0,0,0
14,000,STATE - MANIPUR,22,222,2220,Manufacture of plastics products,50,33,17,10,6,4,40,27,13,29,12,17,10,2,8,19,10,9
14,000,STATE - MANIPUR,23,231,2310,Manufacture of glass and glass products,0,0,0,0,0,0,0,0,0,2,0,2,2,0,2,0,0,0
14,000,STATE - MANIPUR,23,239,2391,Manufacture of refractory products,129,112,17,102,88,14,27,24,3,14,6,8,6,4,2,8,2,6
14,000,STATE - MANIPUR,23,239,2392,Manufacture of clay building materials,1466,1121,345,958,720,238,508,401,107,320,228,92,196,148,48,124,80,44
14,000,STATE - MANIPUR,23,239,2393,Manufacture of other porcelain and ceramic products,468,79,389,389,55,334,79,24,55,216,53,163,92,28,64,124,25,99
14,000,STATE - MANIPUR,23,239,2394,"Manufacture of cement, lime and plaster",8,8,0,2,2,0,6,6,0,2,0,2,2,0,2,0,0,0
14,000,STATE - MANIPUR,23,239,2395,"Manufacture of articles of concrete, cement and plaster",80,68,12,68,62,6,12,6,6,18,12,6,18,12,6,0,0,0
14,000,STATE - MANIPUR,23,239,2396,"Cutting, shaping and finishing of stone",11,11,0,6,6,0,5,5,0,0,0,0,0,0,0,0,0,0
14,000,STATE - MANIPUR,24,241,2410,Manufacture of basic iron and steel,425,412,13,168,164,4,257,248,9,62,53,9,8,8,0,54,45,9
14,000,STATE - MANIPUR,24,242,2420,Manufacture of basic precious and other non-ferrous metals,247,206,41,186,172,14,61,34,27,21,15,6,12,6,6,9,9,0
14,000,STATE - MANIPUR,24,243,2431,Casting of iron and steel,26,26,0,12,12,0,14,14,0,6,6,0,0,0,0,6,6,0
14,000,STATE - MANIPUR,24,243,2432,Casting of non-ferrous metals,0,0,0,0,0,0,0,0,0,3,0,3,0,0,0,3,0,3
14,000,STATE - MANIPUR,25,251,2511,Manufacture of structural metal products,101,101,0,36,36,0,65,65,0,14,14,0,0,0,0,14,14,0
14,000,STATE - MANIPUR,25,251,2512,"Manufacture of tanks, reservoirs and containers of metal",12,6,6,6,0,6,6,6,0,0,0,0,0,0,0,0,0,0
14,000,STATE - MANIPUR,25,259,2591,"Forging, pressing, stamping and roll-forming of metal; powder",2,0,2,2,0,2,0,0,0,0,0,0,0,0,0,0,0,0
14,000,STATE - MANIPUR,25,259,2593,"Manufacture of cutlery, hand tools and general hardware",733,658,75,238,224,14,495,434,61,176,118,58,50,40,10,126,78,48
14,000,STATE - MANIPUR,25,259,2599,Manufacture of other fabricated metal products n.e.c.,68,49,19,20,18,2,48,31,17,24,22,2,8,8,0,16,14,2
14,000,STATE - MANIPUR,26,261,2610,Manufacture of electronic components,16,16,0,8,8,0,8,8,0,5,5,0,0,0,0,5,5,0
14,000,STATE - MANIPUR,26,262,2620,Manufacture of computers and peripheral equipment,6,6,0,6,6,0,0,0,0,5,5,0,0,0,0,5,5,0
14,000,STATE - MANIPUR,26,263,2630,Manufacture of communication equipment,20,20,0,0,0,0,20,20,0,0,0,0,0,0,0,0,0,0
14,000,STATE - MANIPUR,26,264,2640,Manufacture of consumer electronics,23,23,0,12,12,0,11,11,0,0,0,0,0,0,0,0,0,0
14,000,STATE - MANIPUR,26,265,2652,Manufacture of watches and clocks,0,0,0,0,0,0,0,0,0,2,0,2,2,0,2,0,0,0
14,000,STATE - MANIPUR,26,266,2660,"Manufacture of irradiation, electromedical and electrotherapeutic",6,6,0,6,6,0,0,0,0,0,0,0,0,0,0,0,0,0
14,000,STATE - MANIPUR,27,271,2710,"Manufacture of electric motors, generators, transformers and electricity",12,12,0,6,6,0,6,6,0,6,6,0,6,6,0,0,0,0
14,000,STATE - MANIPUR,27,272,2720,Manufacture of batteries and accumulators,13,13,0,8,8,0,5,5,0,10,8,2,2,2,0,8,6,2
14,000,STATE - MANIPUR,27,273,2732,Manufacture of other electronic and electric wires and cables,1,1,0,0,0,0,1,1,0,0,0,0,0,0,0,0,0,0
14,000,STATE - MANIPUR,27,274,2740,Manufacture of electric lighting equipment,3,3,0,0,0,0,3,3,0,0,0,0,0,0,0,0,0,0
14,000,STATE - MANIPUR,27,275,2750,Manufacture of domestic appliances,6,2,4,4,2,2,2,0,2,6,6,0,0,0,0,6,6,0
14,000,STATE - MANIPUR,28,282,2821,Manufacture of agricultural and forestry machinery,1,1,0,0,0,0,1,1,0,0,0,0,0,0,0,0,0,0
14,000,STATE - MANIPUR,28,282,2822,Manufacture of metal-forming machinery and machine tools,0,0,0,0,0,0,0,0,0,3,3,0,0,0,0,3,3,0
14,000,STATE - MANIPUR,28,282,2823,Manufacture of machinery for metallurgy,2,2,0,2,2,0,0,0,0,2,0,2,0,0,0,2,0,2
14,000,STATE - MANIPUR,28,282,2825,"Manufacture of machinery for food, beverage and tobacco processing",2,0,2,0,0,0,2,0,2,0,0,0,0,0,0,0,0,0
14,000,STATE - MANIPUR,28,282,2826,"Manufacture of machinery for textile, apparel and leather production",13,0,13,10,0,10,3,0,3,21,2,19,15,2,13,6,0,6
14,000,STATE - MANIPUR,28,282,2829,Manufacture of other special-purpose machinery,3,3,0,0,0,0,3,3,0,0,0,0,0,0,0,0,0,0
14,000,STATE - MANIPUR,29,291,2910,Manufacture of motor vehicles,3,3,0,0,0,0,3,3,0,0,0,0,0,0,0,0,0,0
14,000,STATE - MANIPUR,29,292,2920,Manufacture of bodies (coachwork) for motor vehicles; manufacture of trailers and semi-trailers,16,16,0,2,2,0,14,14,0,9,9,0,0,0,0,9,9,0
14,000,STATE - MANIPUR,29,293,2930,Manufacture of parts and accessories for motor vehicles,9,8,1,0,0,0,9,8,1,0,0,0,0,0,0,0,0,0
14,000,STATE - MANIPUR,30,301,3011,Building of ships and floating structures,8,8,0,2,2,0,6,6,0,6,6,0,6,6,0,0,0,0
14,000,STATE - MANIPUR,30,302,3020,Manufacture of railway locomotives and rolling stock,6,6,0,0,0,0,6,6,0,0,0,0,0,0,0,0,0,0
14,000,STATE - MANIPUR,30,303,3030,Manufacture of air and spacecraft and related machinery,6,6,0,6,6,0,0,0,0,0,0,0,0,0,0,0,0,0
14,000,STATE - MANIPUR,30,309,3099,Manufacture of other transport equipment n.e.c.,272,263,9,163,154,9,109,109,0,84,72,12,47,39,8,37,33,4
14,000,STATE - MANIPUR,31,310,3100,Manufacture of furniture,9731,9510,221,5464,5324,140,4267,4186,81,2500,2429,71,1273,1222,51,1227,1207,20
14,000,STATE - MANIPUR,32,321,3211,Manufacture of jewellery and related articles,3823,3342,481,1696,1476,220,2127,1866,261,535,433,102,168,156,12,367,277,90
14,000,STATE - MANIPUR,32,321,3212,Manufacture of imitation jewellery and related articles,11,11,0,0,0,0,11,11,0,3,3,0,0,0,0,3,3,0
14,000,STATE - MANIPUR,32,322,3220,Manufacture of musical instruments,0,0,0,0,0,0,0,0,0,10,0,10,10,0,10,0,0,0
14,000,STATE - MANIPUR,32,324,3240,Manufacture of games and toys,60,12,48,20,6,14,40,6,34,69,31,38,26,12,14,43,19,24
14,000,STATE - MANIPUR,32,329,3290,Other manufacturing n.e.c.,554,290,264,288,134,154,266,156,110,137,44,93,59,18,41,78,26,52
14,000,STATE - MANIPUR,33,331,3311,Repair of fabricated metal products,19,19,0,8,8,0,11,11,0,2,0,2,0,0,0,2,0,2
14,000,STATE - MANIPUR,33,331,3312,Repair of machinery,14,14,0,1,1,0,13,13,0,2,2,0,2,2,0,0,0,0
14,000,STATE - MANIPUR,33,331,3313,Repair of electronic and optical equipment,130,128,2,40,40,0,90,88,2,2,2,0,2,2,0,0,0,0
14,000,STATE - MANIPUR,33,331,3314,Repair of electrical equipment,231,212,19,97,83,14,134,129,5,74,74,0,24,24,0,50,50,0
14,000,STATE - MANIPUR,33,331,3315,"Repair of transport equipment, except motor vehicles",94,94,0,38,38,0,56,56,0,3,3,0,0,0,0,3,3,0
14,000,STATE - MANIPUR,33,331,3319,Repair of other equipment,141,134,7,58,56,2,83,78,5,6,6,0,0,0,0,6,6,0
14,000,STATE - MANIPUR,33,332,3320,Installation of industrial machinery and equipment,5,5,0,0,0,0,5,5,0,0,0,0,0,0,0,0,0,0
14,000,STATE - MANIPUR,35,351,3510,"Electric power generation, transmission and distribution",4082,3633,449,1803,1685,118,2279,1948,331,157,127,30,79,72,7,78,55,23
14,000,STATE - MANIPUR,35,352,3520,Manufacture of gas; distribution of gaseous fuels through mains,65,64,1,22,22,0,43,42,1,9,3,6,6,0,6,3,3,0
14,000,STATE - MANIPUR,35,353,3530,Steam and air conditioning supply,12,8,4,12,8,4,0,0,0,0,0,0,0,0,0,0,0,0
14,000,STATE - MANIPUR,36,360,3600,"Water collection, treatment and supply",2203,1849,354,1046,956,90,1157,893,264,64,56,8,20,16,4,44,40,4
14,000,STATE - MANIPUR,37,370,3700,Sewerage,104,91,13,76,72,4,28,19,9,11,7,4,8,6,2,3,1,2
14,000,STATE - MANIPUR,38,381,3811,Collection of non-hazardous waste,132,132,0,0,0,0,132,132,0,5,5,0,2,2,0,3,3,0
14,000,STATE - MANIPUR,38,381,3812,Collection of hazardous waste,28,27,1,16,16,0,12,11,1,1,1,0,0,0,0,1,1,0
14,000,STATE - MANIPUR,38,383,3830,Materials recovery,6,6,0,0,0,0,6,6,0,0,0,0,0,0,0,0,0,0
14,000,STATE - MANIPUR,41,410,4100,Construction of buildings,20371,19443,928,12134,11580,554,8237,7863,374,5203,4636,567,3069,2613,456,2134,2023,111
14,000,STATE - MANIPUR,42,421,4210,Construction roads and railways,5774,4740,1034,3032,2458,574,2742,2282,460,5386,1615,3771,4910,1316,3594,476,299,177
14,000,STATE - MANIPUR,42,422,4220,Construction of utility projects,177,167,10,104,102,2,73,65,8,9,9,0,6,6,0,3,3,0
14,000,STATE - MANIPUR,42,429,4290,Construction of other civil engineering projects,1259,1197,62,588,548,40,671,649,22,398,271,127,234,122,112,164,149,15
14,000,STATE - MANIPUR,43,431,4311,Demolition,0,0,0,0,0,0,0,0,0,6,6,0,0,0,0,6,6,0
14,000,STATE - MANIPUR,43,431,4312,Site preparation,388,350,38,206,194,12,182,156,26,176,113,63,114,64,50,62,49,13
14,000,STATE - MANIPUR,43,432,4321,Electrical installation,240,231,9,62,58,4,178,173,5,81,79,2,8,8,0,73,71,2
14,000,STATE - MANIPUR,43,432,4322,"Plumbing, heat and air-conditioning installation",63,63,0,25,25,0,38,38,0,21,21,0,14,14,0,7,7,0
14,000,STATE - MANIPUR,43,432,4329,Other construction installation,1324,1124,200,739,605,134,585,519,66,441,345,96,266,191,75,175,154,21
14,000,STATE - MANIPUR,43,433,4330,Building completion and finishing,2135,1971,164,1336,1194,142,799,777,22,495,462,33,302,277,25,193,185,8
14,000,STATE - MANIPUR,43,439,4390,Other specialized construction activities,364,352,12,229,219,10,135,133,2,56,56,0,42,42,0,14,14,0
14,000,STATE - MANIPUR,45,451,4510,Sale of motor vehicles,137,126,11,38,36,2,99,90,9,26,26,0,2,2,0,24,24,0
14,000,STATE - MANIPUR,45,452,4520,Maintenance and repair of motor vehicles,3030,2983,47,1253,1235,18,1777,1748,29,414,400,14,192,187,5,222,213,9
14,000,STATE - MANIPUR,45,453,4530,Sale of motor vehicle parts and accessories,594,561,33,162,146,16,432,415,17,39,38,1,13,13,0,26,25,1
14,000,STATE - MANIPUR,45,454,4540,"Sale, maintenance and repair of motorcycles and related parts and",788,772,16,402,389,13,386,383,3,123,123,0,47,47,0,76,76,0
14,000,STATE - MANIPUR,46,461,4610,Wholesale on a fee or contract basis,141,64,77,48,20,28,93,44,49,105,16,89,62,0,62,43,16,27
14,000,STATE - MANIPUR,46,462,4620,Wholesale of agricultural raw materials and live animals,183,119,64,108,66,42,75,53,22,64,39,25,34,22,12,30,17,13
14,000,STATE - MANIPUR,46,463,4630,"Wholesale of food, beverages and tobacco",166,132,34,66,60,6,100,72,28,32,27,5,16,12,4,16,15,1
14,000,STATE - MANIPUR,46,464,4641,"Wholesale of textiles, clothing and footwear",168,140,28,65,50,15,103,90,13,24,8,16,12,8,4,12,0,12
14,000,STATE - MANIPUR,46,464,4649,Wholesale of other household goods,626,546,80,208,190,18,418,356,62,36,23,13,14,2,12,22,21,1
14,000,STATE - MANIPUR,46,465,4653,"Wholesale of agricultural machinery, equipment and supplies",6,0,6,0,0,0,6,0,6,0,0,0,0,0,0,0,0,0
14,000,STATE - MANIPUR,46,465,4659,Wholesale of other machinery and equipment,97,81,16,28,26,2,69,55,14,22,21,1,6,6,0,16,15,1
14,000,STATE - MANIPUR,46,466,4661,"Wholesale of solid, liquid and gaseous fuels and related products",40,27,13,8,8,0,32,19,13,9,9,0,0,0,0,9,9,0
14,000,STATE - MANIPUR,46,466,4663,"Wholesale of construction materials, hardware, plumbing and heating",91,90,1,29,28,1,62,62,0,16,16,0,5,5,0,11,11,0
14,000,STATE - MANIPUR,46,466,4669,Wholesale of waste and scrap and other products n.e.c.,29,20,9,16,8,8,13,12,1,14,14,0,14,14,0,0,0,0
14,000,STATE - MANIPUR,46,469,4690,Non-specialized wholesale trade,220,201,19,82,78,4,138,123,15,32,26,6,12,8,4,20,18,2
14,000,STATE - MANIPUR,47,471,4711,"Retail sale in non-specialized stores with food, beverages or tobacco",9490,5960,3530,3623,2136,1487,5867,3824,2043,1558,849,709,602,243,359,956,606,350
14,000,STATE - MANIPUR,47,471,4719,Other retail sale in non-specialized stores,11197,7337,3860,4542,2769,1773,6655,4568,2087,1760,938,822,658,316,342,1102,622,480
14,000,STATE - MANIPUR,47,472,4721,Retail sale of food in specialized stores,15001,4587,10414,7001,1863,5138,8000,2724,5276,4125,623,3502,2306,257,2049,1819,366,1453
14,000,STATE - MANIPUR,47,472,4722,Retail sale of beverages in specialized stores,230,73,157,72,42,30,158,31,127,7,3,4,4,0,4,3,3,0
14,000,STATE - MANIPUR,47,472,4723,Retail sale of tobacco products in specialized stores,577,265,312,221,117,104,356,148,208,127,35,92,49,18,31,78,17,61
14,000,STATE - MANIPUR,47,473,4730,Retail sale of automotive fuel in specialized stores,334,307,27,94,84,10,240,223,17,19,15,4,2,2,0,17,13,4
14,000,STATE - MANIPUR,47,474,4741,"Retail sale of computers, peripheral units, software and",718,637,81,173,163,10,545,474,71,128,108,20,37,30,7,91,78,13
14,000,STATE - MANIPUR,47,474,4742,Retail sale of audio and video equipment in specialized stores,91,77,14,20,18,2,71,59,12,17,13,4,6,6,0,11,7,4
14,000,STATE - MANIPUR,47,475,4751,Retail sale of textiles in specialized stores,62,42,20,38,24,14,24,18,6,8,6,2,0,0,0,8,6,2
14,000,STATE - MANIPUR,47,475,4752,"Retail sale of hardware, paints and glass in specialized stores",2057,1878,179,768,685,83,1289,1193,96,384,281,103,180,117,63,204,164,40
14,000,STATE - MANIPUR,47,475,4753,"Retail sale of carpets, rugs, wall and floor coverings in specialized",42,36,6,6,6,0,36,30,6,1,0,1,0,0,0,1,0,1
14,000,STATE - MANIPUR,47,475,4759,"Retail sale of electrical household appliances, furniture, lighting",1063,946,117,275,248,27,788,698,90,135,116,19,48,39,9,87,77,10
14,000,STATE - MANIPUR,47,476,4761,"Retail sale of books, newspapers and stationary in specialized stores",851,696,155,282,214,68,569,482,87,163,107,56,74,47,27,89,60,29
14,000,STATE - MANIPUR,47,476,4762,Retail sale of music and video recordings in specialized stores,38,32,6,6,4,2,32,28,4,16,16,0,6,6,0,10,10,0
14,000,STATE - MANIPUR,47,476,4763,Retail sale of sporting equipment in specialized stores,10,7,3,0,0,0,10,7,3,0,0,0,0,0,0,0,0,0
14,000,STATE - MANIPUR,47,476,4764,Retail sale of games and toys in specialized stores,51,34,17,8,8,0,43,26,17,7,2,5,2,0,2,5,2,3
14,000,STATE - MANIPUR,47,477,4771,"Retail sale of clothing, footwear and leather articles in specialized",7041,4786,2255,2309,1568,741,4732,3218,1514,1224,744,480,428,256,172,796,488,308
14,000,STATE - MANIPUR,47,477,4772,"Retail sale of pharmaceutical and medical goods, cosmetic and toilet",2465,2084,381,843,692,151,1622,1392,230,327,236,91,130,80,50,197,156,41
14,000,STATE - MANIPUR,47,477,4773,Other retail sale of new goods in specialized stores,1144,758,386,319,202,117,825,556,269,291,165,126,110,40,70,181,125,56
14,000,STATE - MANIPUR,47,477,4774,Retail sale of second-hand goods,116,88,28,20,8,12,96,80,16,44,29,15,20,8,12,24,21,3
14,000,STATE - MANIPUR,47,478,4781,"Retail sale via stalls and markets of food, beverages and tobacco",14,2,12,10,2,8,4,0,4,4,0,4,0,0,0,4,0,4
14,000,STATE - MANIPUR,47,478,4782,"Retail sale via stalls and markets of textiles, clothing and footwear",174,84,90,88,43,45,86,41,45,33,8,25,2,0,2,31,8,23
14,000,STATE - MANIPUR,47,478,4789,Retail sale via stalls and markets of other goods,1689,1136,553,748,485,263,941,651,290,330,195,135,147,60,87,183,135,48
14,000,STATE - MANIPUR,47,479,4791,Retail sale via mail order houses or via Internet,82,44,38,17,8,9,65,36,29,15,0,15,12,0,12,3,0,3
14,000,STATE - MANIPUR,47,479,4799,"Other retail sale not in stores, stalls or markets",331,191,140,106,82,24,225,109,116,95,40,55,34,20,14,61,20,41
14,000,STATE - MANIPUR,49,491,4911,Passenger rail transport,102,80,22,52,43,9,50,37,13,5,5,0,1,1,0,4,4,0
14,000,STATE - MANIPUR,49,491,4912,Freight rail transport,16,10,6,9,3,6,7,7,0,0,0,0,0,0,0,0,0,0
14,000,STATE - MANIPUR,49,492,4921,Urban or suburban passenger land transport,5423,5362,61,3226,3188,38,2197,2174,23,643,630,13,375,370,5,268,260,8
14,000,STATE - MANIPUR,49,492,4922,Other passenger land transport,11728,11557,171,6926,6829,97,4802,4728,74,1450,1415,35,861,837,24,589,578,11
14,000,STATE - MANIPUR,49,492,4923,Freight transport by road,5547,5483,64,3619,3583,36,1928,1900,28,573,553,20,364,354,10,209,199,10
14,000,STATE - MANIPUR,49,493,4930,Transport via pipeline,6,6,0,0,0,0,6,6,0,0,0,0,0,0,0,0,0,0
14,000,STATE - MANIPUR,50,501,5011,Sea and coastal passenger water transport,12,8,4,6,2,4,6,6,0,6,6,0,6,6,0,0,0,0
14,000,STATE - MANIPUR,50,502,5021,Inland passenger water transport,55,49,6,48,44,4,7,5,2,18,18,0,18,18,0,0,0,0
14,000,STATE - MANIPUR,50,502,5022,Inland freight water transport,4,2,2,4,2,2,0,0,0,2,2,0,2,2,0,0,0,0
14,000,STATE - MANIPUR,51,511,5110,Passenger air transport,226,179,47,103,92,11,123,87,36,18,6,12,0,0,0,18,6,12
14,000,STATE - MANIPUR,51,512,5120,Freight air transport,270,202,68,95,76,19,175,126,49,21,12,9,18,12,6,3,0,3
14,000,STATE - MANIPUR,52,521,5210,Warehousing and storage,99,86,13,23,21,2,76,65,11,2,2,0,0,0,0,2,2,0
14,000,STATE - MANIPUR,52,522,5221,Service activities incidental to land transportation,1019,1002,17,578,576,2,441,426,15,101,90,11,55,51,4,46,39,7
14,000,STATE - MANIPUR,52,522,5222,Service activities incidental to water transportation,6,6,0,0,0,0,6,6,0,0,0,0,0,0,0,0,0,0
14,000,STATE - MANIPUR,52,522,5223,Service activities incidental to air transportation,12,9,3,7,7,0,5,2,3,0,0,0,0,0,0,0,0,0
14,000,STATE - MANIPUR,52,522,5224,Cargo handling,39,39,0,26,26,0,13,13,0,0,0,0,0,0,0,0,0,0
14,000,STATE - MANIPUR,52,522,5229,Other transportation support activities,74,66,8,20,20,0,54,46,8,17,14,3,2,2,0,15,12,3
14,000,STATE - MANIPUR,53,531,5310,Postal activities,1146,951,195,733,650,83,413,301,112,29,26,3,20,20,0,9,6,3
14,000,STATE - MANIPUR,53,532,5320,Courier activities,35,35,0,8,8,0,27,27,0,1,1,0,0,0,0,1,1,0
14,000,STATE - MANIPUR,55,551,5510,Short term accommodation activities,2737,1393,1344,979,492,487,1758,901,857,509,172,337,186,50,136,323,122,201
14,000,STATE - MANIPUR,55,559,5590,Other accommodation,175,86,89,77,40,37,98,46,52,33,12,21,26,11,15,7,1,6
14,000,STATE - MANIPUR,56,561,5610,Restaurants and mobile food service activities,560,276,284,280,140,140,280,136,144,89,38,51,38,14,24,51,24,27
14,000,STATE - MANIPUR,56,562,5621,Event catering,312,202,110,156,96,60,156,106,50,74,64,10,26,20,6,48,44,4
14,000,STATE - MANIPUR,56,562,5629,Other food service activities,100,54,46,58,24,34,42,30,12,29,9,20,2,0,2,27,9,18
14,000,STATE - MANIPUR,56,563,5630,Beverage serving activities,2195,792,1403,964,339,625,1231,453,778,328,78,250,123,25,98,205,53,152
14,000,STATE - MANIPUR,58,581,5811,Book publishing,337,271,66,70,66,4,267,205,62,29,26,3,2,2,0,27,24,3
14,000,STATE - MANIPUR,58,581,5813,"Publishing of newspapers, journals and periodicals",201,181,20,45,44,1,156,137,19,15,12,3,0,0,0,15,12,3
14,000,STATE - MANIPUR,58,581,5819,Other publishing activities,74,55,19,30,28,2,44,27,17,12,12,0,2,2,0,10,10,0
14,000,STATE - MANIPUR,58,582,5820,Software publishing,3,3,0,0,0,0,3,3,0,0,0,0,0,0,0,0,0,0
14,000,STATE - MANIPUR,59,591,5911,"Motion picture, video and television programme production activities",157,136,21,78,72,6,79,64,15,19,17,2,6,4,2,13,13,0
14,000,STATE - MANIPUR,59,591,5912,"Motion picture, video and television programme post-production",30,30,0,20,20,0,10,10,0,12,12,0,4,4,0,8,8,0
14,000,STATE - MANIPUR,59,591,5913,"Motion picture, video and television programme distribution activities",119,113,6,36,36,0,83,77,6,15,13,2,2,2,0,13,11,2
14,000,STATE - MANIPUR,59,591,5914,Motion picture projection activities,79,67,12,18,12,6,61,55,6,3,3,0,0,0,0,3,3,0
14,000,STATE - MANIPUR,59,592,5920,Sound recording and music publishing activitiesT,4,4,0,0,0,0,4,4,0,2,0,2,0,0,0,2,0,2
14,000,STATE - MANIPUR,60,601,6010,Radio broadcasting,198,123,75,61,42,19,137,81,56,16,10,6,10,4,6,6,6,0
14,000,STATE - MANIPUR,60,602,6020,Television programming and broadcasting activities,259,220,39,77,65,12,182,155,27,15,6,9,0,0,0,15,6,9
14,000,STATE - MANIPUR,61,611,6110,Wired telecommunications activities,647,568,79,218,183,35,429,385,44,104,83,21,44,33,11,60,50,10
14,000,STATE - MANIPUR,61,612,6120,Wireless telecommunications activities,266,228,38,79,65,14,187,163,24,42,36,6,16,16,0,26,20,6
14,000,STATE - MANIPUR,61,613,6130,Satellite telecommunications activities,92,90,2,45,43,2,47,47,0,12,12,0,0,0,0,12,12,0
14,000,STATE - MANIPUR,61,619,6190,Other telecommunications activities,752,668,84,217,195,22,535,473,62,77,73,4,37,36,1,40,37,3
14,000,STATE - MANIPUR,62,620,6201,Computer programming activities,15,9,6,6,0,6,9,9,0,0,0,0,0,0,0,0,0,0
14,000,STATE - MANIPUR,62,620,6202,Computer consultancy and computer facilities management activities,181,155,26,51,47,4,130,108,22,11,9,2,0,0,0,11,9,2
14,000,STATE - MANIPUR,62,620,6209,Other information technology and computer service activities,43,36,7,18,16,2,25,20,5,0,0,0,0,0,0,0,0,0
14,000,STATE - MANIPUR,63,631,6311,"Data processing, hosting and related activities",170,162,8,60,58,2,110,104,6,33,26,7,5,3,2,28,23,5
14,000,STATE - MANIPUR,63,631,6312,Web portals,25,17,8,6,6,0,19,11,8,2,0,2,0,0,0,2,0,2
14,000,STATE - MANIPUR,63,639,6399,Other information service activities n.e.c.,340,313,27,117,103,14,223,210,13,20,17,3,6,6,0,14,11,3
14,000,STATE - MANIPUR,64,641,6411,Central banking,1,1,0,0,0,0,1,1,0,0,0,0,0,0,0,0,0,0
14,000,STATE - MANIPUR,64,641,6419,Other monetary intermediation,2489,1926,563,900,750,150,1589,1176,413,168,120,48,35,26,9,133,94,39
14,000,STATE - MANIPUR,64,642,6420,Activities of holding companies,11,9,2,0,0,0,11,9,2,3,3,0,0,0,0,3,3,0
14,000,STATE - MANIPUR,64,643,6430,"Trusts, funds and other financial vehicles",8,8,0,0,0,0,8,8,0,0,0,0,0,0,0,0,0,0
14,000,STATE - MANIPUR,64,649,6491,Financial leasing,1,1,0,0,0,0,1,1,0,0,0,0,0,0,0,0,0,0
14,000,STATE - MANIPUR,64,649,6492,Other credit granting,12,12,0,0,0,0,12,12,0,0,0,0,0,0,0,0,0,0
14,000,STATE - MANIPUR,64,649,6499,"Other financial service activities, except insurance and pension funding",2,0,2,0,0,0,2,0,2,2,0,2,0,0,0,2,0,2
14,000,STATE - MANIPUR,65,651,6511,Life insurance,929,734,195,293,247,46,636,487,149,80,60,20,7,7,0,73,53,20
14,000,STATE - MANIPUR,65,651,6512,Non-life insurance,85,62,23,35,33,2,50,29,21,0,0,0,0,0,0,0,0,0
14,000,STATE - MANIPUR,66,662,6622,Activities of insurance agents and brokers,13,6,7,0,0,0,13,6,7,5,3,2,2,0,2,3,3,0
14,000,STATE - MANIPUR,66,662,6629,Other activities auxiliary to insurance and pension funding,7,3,4,0,0,0,7,3,4,0,0,0,0,0,0,0,0,0
14,000,STATE - MANIPUR,66,663,6630,Fund management activities,80,41,39,14,10,4,66,31,35,13,13,0,2,2,0,11,11,0
14,000,STATE - MANIPUR,68,681,6810,Real estate activities with own or leased property,2,2,0,2,2,0,0,0,0,0,0,0,0,0,0,0,0,0
14,000,STATE - MANIPUR,68,682,6820,Real estate activities on a fee or contract basis,12,6,6,3,1,2,9,5,4,0,0,0,0,0,0,0,0,0
14,000,STATE - MANIPUR,69,691,6910,Legal activities,1114,856,258,285,213,72,829,643,186,92,75,17,18,10,8,74,65,9
14,000,STATE - MANIPUR,69,692,6920,"Accounting, bookkeeping and auditing activities; tax consultancy",35,23,12,10,8,2,25,15,10,6,6,0,0,0,0,6,6,0
14,000,STATE - MANIPUR,70,701,7010,Activities of head offices,2,0,2,0,0,0,2,0,2,0,0,0,0,0,0,0,0,0
14,000,STATE - MANIPUR,71,711,7110,Architectural and engineering activities and related technical,19,14,5,8,8,0,11,6,5,3,3,0,2,2,0,1,1,0
14,000,STATE - MANIPUR,71,712,7120,Technical testing and analysis,5,5,0,3,3,0,2,2,0,0,0,0,0,0,0,0,0,0
14,000,STATE - MANIPUR,72,721,7210,Research and experimental development on natural sciences and,24,21,3,9,9,0,15,12,3,2,0,2,0,0,0,2,0,2
14,000,STATE - MANIPUR,72,722,7220,Research and experimental development on social sciences and,11,8,3,0,0,0,11,8,3,1,0,1,0,0,0,1,0,1
14,000,STATE - MANIPUR,73,731,7310,Advertising,69,64,5,18,18,0,51,46,5,12,12,0,0,0,0,12,12,0
14,000,STATE - MANIPUR,73,732,7320,Market research and public opinion polling,12,9,3,0,0,0,12,9,3,0,0,0,0,0,0,0,0,0
14,000,STATE - MANIPUR,74,741,7410,Specialized design activities,65,22,43,26,8,18,39,14,25,25,8,17,14,2,12,11,6,5
14,000,STATE - MANIPUR,74,742,7420,Photographic activities,289,287,2,101,99,2,188,188,0,49,47,2,9,7,2,40,40,0
14,000,STATE - MANIPUR,74,749,7490,"Other professional, scientific and technical activities n.e.c.",33,25,8,10,8,2,23,17,6,8,3,5,2,0,2,6,3,3
14,000,STATE - MANIPUR,75,750,7500,Veterinary activities,1374,1156,218,739,647,92,635,509,126,25,16,9,11,5,6,14,11,3
14,000,STATE - MANIPUR,77,771,7710,Renting and leasing of motor vehicles,84,82,2,29,27,2,55,55,0,4,4,0,1,1,0,3,3,0
14,000,STATE - MANIPUR,77,772,7729,Renting and leasing of other personal and household goods n.e.c.,73,63,10,20,20,0,53,43,10,22,20,2,6,6,0,16,14,2
14,000,STATE - MANIPUR,77,773,7730,"Renting and leasing of other machinery, equipment and tangible goods",2,2,0,2,2,0,0,0,0,0,0,0,0,0,0,0,0,0
14,000,STATE - MANIPUR,77,774,7740,Leasing of nonfinancial intangible assets,2,0,2,0,0,0,2,0,2,0,0,0,0,0,0,0,0,0
14,000,STATE - MANIPUR,78,781,7810,Activities of employment placement agencies,3,0,3,0,0,0,3,0,3,0,0,0,0,0,0,0,0,0
14,000,STATE - MANIPUR,78,782,7820,Temporary employment agency activities,2,0,2,0,0,0,2,0,2,0,0,0,0,0,0,0,0,0
14,000,STATE - MANIPUR,79,791,7911,Travel agency activities,76,68,8,10,8,2,66,60,6,8,8,0,6,6,0,2,2,0
14,000,STATE - MANIPUR,79,791,7912,Tour operator activities,24,19,5,8,8,0,16,11,5,0,0,0,0,0,0,0,0,0
14,000,STATE - MANIPUR,79,799,7990,Other reservation service and related activities,9,9,0,6,6,0,3,3,0,0,0,0,0,0,0,0,0,0
14,000,STATE - MANIPUR,80,801,8010,Private security activities,274,253,21,142,132,10,132,121,11,30,18,12,14,8,6,16,10,6
14,000,STATE - MANIPUR,80,802,8020,Security systems service activities,37,29,8,16,14,2,21,15,6,13,13,0,11,11,0,2,2,0
14,000,STATE - MANIPUR,80,803,8030,Investigation activities,2,0,2,0,0,0,2,0,2,0,0,0,0,0,0,0,0,0
14,000,STATE - MANIPUR,81,811,8110,Combined facilities support activities,5,2,3,3,2,1,2,0,2,0,0,0,0,0,0,0,0,0
14,000,STATE - MANIPUR,81,812,8121,General cleaning of buildings,17,14,3,7,6,1,10,8,2,6,0,6,4,0,4,2,0,2
14,000,STATE - MANIPUR,81,812,8129,Other building and industrial cleaning activities,24,18,6,6,6,0,18,12,6,14,6,8,14,6,8,0,0,0
14,000,STATE - MANIPUR,82,821,8211,Combined office administrative service activities,8,8,0,8,8,0,0,0,0,0,0,0,0,0,0,0,0,0
14,000,STATE - MANIPUR,82,821,8219,"Photocopying, document preparation and other specialized office",73,62,11,6,6,0,67,56,11,26,17,9,23,17,6,3,0,3
14,000,STATE - MANIPUR,82,822,8220,Activities of call centres,160,94,66,66,31,35,94,63,31,33,14,19,25,11,14,8,3,5
14,000,STATE - MANIPUR,82,823,8230,Organization of conventions and trade shows,2,2,0,0,0,0,2,2,0,0,0,0,0,0,0,0,0,0
14,000,STATE - MANIPUR,82,829,8291,Activities of collection agencies and credit bureaus,18,18,0,2,2,0,16,16,0,2,0,2,2,0,2,0,0,0
14,000,STATE - MANIPUR,82,829,8292,Packaging activities,25,17,8,18,12,6,7,5,2,1,1,0,0,0,0,1,1,0
14,000,STATE - MANIPUR,82,829,8299,Other business support service activities n.e.c.,9307,7067,2240,3994,3017,977,5313,4050,1263,1763,1224,539,858,533,325,905,691,214
14,000,STATE - MANIPUR,84,841,8411,General public administration activities,25021,19573,5448,11151,9185,1966,13870,10388,3482,872,610,262,385,277,108,487,333,154
14,000,STATE - MANIPUR,84,841,8412,"Regulation of the activities of providing health care, education, cultural",226,161,65,103,83,20,123,78,45,4,2,2,4,2,2,0,0,0
14,000,STATE - MANIPUR,84,841,8413,Regulation of and contribution to more efficient operation of,29,19,10,10,4,6,19,15,4,0,0,0,0,0,0,0,0,0
14,000,STATE - MANIPUR,84,842,8421,Foreign affairs,53,52,1,24,24,0,29,28,1,7,6,1,0,0,0,7,6,1
14,000,STATE - MANIPUR,84,842,8422,Defence activities,43110,42097,1013,30986,30387,599,12124,11710,414,966,746,220,586,509,77,380,237,143
14,000,STATE - MANIPUR,84,842,8423,Public order and safety activities,7682,7426,256,5079,4934,145,2603,2492,111,141,125,16,96,94,2,45,31,14
14,000,STATE - MANIPUR,84,843,8430,Compulsory social security activities,14918,13984,934,8485,8135,350,6433,5849,584,371,356,15,243,231,12,128,125,3
14,000,STATE - MANIPUR,85,851,8510,Primary education,26515,14509,12006,15588,9370,6218,10927,5139,5788,2191,1083,1108,1452,750,702,739,333,406
14,000,STATE - MANIPUR,85,852,8521,General secondary education,11645,6877,4768,5440,3704,1736,6205,3173,3032,725,368,357,398,247,151,327,121,206
14,000,STATE - MANIPUR,85,852,8522,Technical and vocational secondary education,70,36,34,36,17,19,34,19,15,14,4,10,12,2,10,2,2,0
14,000,STATE - MANIPUR,85,853,8530,Higher education,4447,2686,1761,1420,944,476,3027,1742,1285,228,95,133,60,32,28,168,63,105
14,000,STATE - MANIPUR,85,854,8541,Sports and recreation education,89,68,21,30,18,12,59,50,9,2,0,2,0,0,0,2,0,2
14,000,STATE - MANIPUR,85,854,8542,Cultural education,93,77,16,21,19,2,72,58,14,18,9,9,4,0,4,14,9,5
14,000,STATE - MANIPUR,85,854,8549,Other education n.e.c.,4586,2602,1984,2420,1450,970,2166,1152,1014,2013,1108,905,1236,749,487,777,359,418
14,000,STATE - MANIPUR,85,855,8550,Educational support services,2935,2075,860,1385,987,398,1550,1088,462,194,98,96,109,44,65,85,54,31
14,000,STATE - MANIPUR,86,861,8610,Hospital activities,6971,3196,3775,2816,1252,1564,4155,1944,2211,376,116,260,163,66,97,213,50,163
14,000,STATE - MANIPUR,86,862,8620,Medical and dental practice activities,1122,706,416,340,238,102,782,468,314,98,61,37,58,39,19,40,22,18
14,000,STATE - MANIPUR,86,869,8690,Other human health activities,9958,1844,8114,4931,768,4163,5027,1076,3951,822,112,710,447,51,396,375,61,314
14,000,STATE - MANIPUR,87,872,8720,"Residential care activities for mental retardation, mental health and",15,6,9,14,6,8,1,0,1,0,0,0,0,0,0,0,0,0
14,000,STATE - MANIPUR,87,873,8730,Residential care activities for the elderly and disabled,3,3,0,2,2,0,1,1,0,2,0,2,2,0,2,0,0,0
14,000,STATE - MANIPUR,87,879,8790,Other residential care activities n.e.c.,15,8,7,8,8,0,7,0,7,0,0,0,0,0,0,0,0,0
14,000,STATE - MANIPUR,88,881,8810,Social work activities without accommodation for the elderly and,548,345,203,226,154,72,322,191,131,76,49,27,48,40,8,28,9,19
14,000,STATE - MANIPUR,88,889,8890,Other social work activities without accommodation n.e.c.,4005,2164,1841,2114,1174,940,1891,990,901,595,355,240,320,208,112,275,147,128
14,000,STATE - MANIPUR,90,900,9000,"Dramatic arts, music and other arts activities",1612,1359,253,664,591,73,948,768,180,532,382,150,221,161,60,311,221,90
14,000,STATE - MANIPUR,91,910,9101,Library and archives activities,106,46,60,20,14,6,86,32,54,6,0,6,2,0,2,4,0,4
14,000,STATE - MANIPUR,91,910,9102,Museums activities and operation of historical sites and buildings,9,6,3,0,0,0,9,6,3,9,3,6,0,0,0,9,3,6
14,000,STATE - MANIPUR,91,910,9103,Botanical and zoological gardens and nature reserves activities,8,8,0,0,0,0,8,8,0,6,6,0,6,6,0,0,0,0
14,000,STATE - MANIPUR,92,920,9200,Gambling and betting activities,7,3,4,0,0,0,7,3,4,7,6,1,6,6,0,1,0,1
14,000,STATE - MANIPUR,93,931,9311,Operation of sports facilities,88,73,15,26,22,4,62,51,11,27,22,5,10,10,0,17,12,5
14,000,STATE - MANIPUR,93,931,9312,Activities of sports clubs,50,46,4,32,30,2,18,16,2,18,18,0,16,16,0,2,2,0
14,000,STATE - MANIPUR,93,931,9319,Other sports activities,358,269,89,84,70,14,274,199,75,84,69,15,50,46,4,34,23,11
14,000,STATE - MANIPUR,93,932,9321,Activities of amusement parks and theme parks,2,0,2,0,0,0,2,0,2,0,0,0,0,0,0,0,0,0
14,000,STATE - MANIPUR,93,932,9329,Other amusement and recreation activities n.e.c.,450,351,99,206,170,36,244,181,63,232,153,79,120,87,33,112,66,46
14,000,STATE - MANIPUR,94,941,9411,Activities of business and employers membership organizations,10,6,4,5,5,0,5,1,4,23,17,6,22,16,6,1,1,0
14,000,STATE - MANIPUR,94,941,9412,Activities of professional membership organizations,2,0,2,2,0,2,0,0,0,0,0,0,0,0,0,0,0,0
14,000,STATE - MANIPUR,94,942,9420,Activities of trade unions,5,5,0,2,2,0,3,3,0,3,1,2,2,0,2,1,1,0
14,000,STATE - MANIPUR,94,949,9491,Activities of religious organizations,2977,2577,400,2050,1786,264,927,791,136,476,378,98,289,239,50,187,139,48
14,000,STATE - MANIPUR,94,949,9492,Activities of political organizations,954,725,229,553,418,135,401,307,94,163,144,19,100,88,12,63,56,7
14,000,STATE - MANIPUR,94,949,9499,Activities of other membership organizations n.e.c.,428,329,99,208,187,21,220,142,78,52,45,7,32,30,2,20,15,5
14,000,STATE - MANIPUR,95,951,9511,Repair of computers and peripheral equipment,121,103,18,42,38,4,79,65,14,14,14,0,4,4,0,10,10,0
14,000,STATE - MANIPUR,95,951,9512,Repair of communication equipment,166,161,5,76,76,0,90,85,5,24,24,0,14,14,0,10,10,0
14,000,STATE - MANIPUR,95,952,9521,Repair of consumer electronics,264,202,62,86,61,25,178,141,37,62,19,43,31,13,18,31,6,25
14,000,STATE - MANIPUR,95,952,9522,Repair of household appliances and home and garden equipment,100,76,24,6,6,0,94,70,24,70,54,16,28,16,12,42,38,4
14,000,STATE - MANIPUR,95,952,9523,Repair of footwear and leather goods,72,72,0,30,30,0,42,42,0,8,8,0,8,8,0,0,0,0
14,000,STATE - MANIPUR,95,952,9529,"Repair of personal and household goods, n.e.c.",1494,1199,295,628,529,99,866,670,196,402,211,191,193,93,100,209,118,91
14,000,STATE - MANIPUR,96,960,9601,Washing and (dry-) cleaning of textile and fur products,90,54,36,14,10,4,76,44,32,50,20,30,14,2,12,36,18,18
14,000,STATE - MANIPUR,96,960,9602,Hairdressing and other beauty treatment,1230,409,821,497,193,304,733,216,517,332,73,259,151,26,125,181,47,134
14,000,STATE - MANIPUR,96,960,9603,Funeral and related activities,1,1,0,0,0,0,1,1,0,0,0,0,0,0,0,0,0,0
14,000,STATE - MANIPUR,96,960,9609,Other personal service activities n.e.c.,2373,1924,449,1234,992,242,1139,932,207,458,343,115,183,124,59,275,219,56
14,000,STATE - MANIPUR,97,970,9700,Activities of households as employers of domestic personnel,1241,358,883,792,159,633,449,199,250,1144,264,880,704,130,574,440,134,306
14,000,STATE - MANIPUR,98,981,9810,Undifferentiated goods-producing activities of private households for own,5,3,2,2,0,2,3,3,0,11,9,2,9,7,2,2,2,0
14,000,STATE - MANIPUR,98,982,9820,Undifferentiated service-producing activities of private households for own,20,0,20,18,0,18,2,0,2,0,0,0,0,0,0,0,0,0
15,000,STATE - MIZORAM,01,011,0111,"Growing of cereals (except rice), leguminous crops and oil seeds",130,80,50,16,8,8,114,72,42,10,4,6,1,0,1,9,4,5
15,000,STATE - MIZORAM,01,011,0112,Growing of rice,1908,1154,754,283,160,123,1625,994,631,280,146,134,82,39,43,198,107,91
15,000,STATE - MIZORAM,01,011,0113,"Growing of vegetables and melons, roots and tubers",282,139,143,51,28,23,231,111,120,97,30,67,20,7,13,77,23,54
15,000,STATE - MIZORAM,01,011,0114,Growing of sugar cane,3,2,1,2,1,1,1,1,0,5,0,5,3,0,3,2,0,2
15,000,STATE - MIZORAM,01,011,0116,Growing of fibre crops,5,4,1,0,0,0,5,4,1,0,0,0,0,0,0,0,0,0
15,000,STATE - MIZORAM,01,011,0119,Growing of other non-perennial crop,17,10,7,3,2,1,14,8,6,9,0,9,0,0,0,9,0,9
15,000,STATE - MIZORAM,01,012,0121,Growing of grapes,7,4,3,0,0,0,7,4,3,1,0,1,0,0,0,1,0,1
15,000,STATE - MIZORAM,01,012,0122,Growing of tropical and subtropical fruits,34,22,12,5,4,1,29,18,11,13,10,3,4,3,1,9,7,2
15,000,STATE - MIZORAM,01,012,0123,Growing of citrus fruits,23,19,4,11,11,0,12,8,4,9,7,2,5,3,2,4,4,0
15,000,STATE - MIZORAM,01,012,0125,Growing of other tree and bush fruits and nuts,49,34,15,23,18,5,26,16,10,6,2,4,2,0,2,4,2,2
15,000,STATE - MIZORAM,01,012,0126,Growing of oleaginous fruits,10,8,2,1,1,0,9,7,2,0,0,0,0,0,0,0,0,0
15,000,STATE - MIZORAM,01,012,0127,Growing of beverage crops,121,82,39,34,26,8,87,56,31,75,33,42,58,22,36,17,11,6
15,000,STATE - MIZORAM,01,012,0128,"Growing of spices, aromatic, drug and pharmaceutical crops",6,4,2,2,1,1,4,3,1,6,2,4,3,2,1,3,0,3
15,000,STATE - MIZORAM,01,012,0129,Growing of other perennial crops,53,44,9,17,15,2,36,29,7,22,7,15,5,1,4,17,6,11
15,000,STATE - MIZORAM,01,013,0130,Plant propagation,43,29,14,11,8,3,32,21,11,14,5,9,3,1,2,11,4,7
15,000,STATE - MIZORAM,01,014,0141,Raising of cattle and buffaloes,1188,796,392,383,268,115,805,528,277,159,71,88,38,10,28,121,61,60
15,000,STATE - MIZORAM,01,014,0142,Raising of horses and other equines,2,1,1,2,1,1,0,0,0,0,0,0,0,0,0,0,0,0
15,000,STATE - MIZORAM,01,014,0144,Raising of sheep and goats,9,5,4,3,3,0,6,2,4,7,4,3,1,1,0,6,3,3
15,000,STATE - MIZORAM,01,014,0145,Raising of swine/pigs,1151,386,765,123,52,71,1028,334,694,904,151,753,153,17,136,751,134,617
15,000,STATE - MIZORAM,01,014,0146,Raising of poultry,271,105,166,36,22,14,235,83,152,316,64,252,43,22,21,273,42,231
15,000,STATE - MIZORAM,01,014,0149,Raising of other animals,449,258,191,40,29,11,409,229,180,157,30,127,23,4,19,134,26,108
15,000,STATE - MIZORAM,01,015,0150,Mixed farming,391,264,127,42,31,11,349,233,116,109,61,48,9,2,7,100,59,41
15,000,STATE - MIZORAM,01,016,0161,Support activities for crop production,676,503,173,75,59,16,601,444,157,43,27,16,12,11,1,31,16,15
15,000,STATE - MIZORAM,01,016,0163,Post-harvest crop activities,94,64,30,9,6,3,85,58,27,17,4,13,4,0,4,13,4,9
15,000,STATE - MIZORAM,01,017,0170,"Hunting, trapping and related service activities",1,1,0,0,0,0,1,1,0,1,1,0,0,0,0,1,1,0
15,000,STATE - MIZORAM,02,021,0210,Silviculture and other forestry activities,161,119,42,20,18,2,141,101,40,10,6,4,1,0,1,9,6,3
15,000,STATE - MIZORAM,02,022,0220,Logging,244,223,21,161,150,11,83,73,10,100,72,28,65,41,24,35,31,4
15,000,STATE - MIZORAM,02,023,0230,Gathering of non-wood forest products,16,14,2,5,5,0,11,9,2,1,1,0,0,0,0,1,1,0
15,000,STATE - MIZORAM,02,024,0240,Support services to forestry,1902,1588,314,607,586,21,1295,1002,293,50,34,16,20,13,7,30,21,9
15,000,STATE - MIZORAM,03,031,0311,Marine fishing,106,93,13,21,21,0,85,72,13,37,33,4,29,25,4,8,8,0
15,000,STATE - MIZORAM,03,031,0312,Freash water fishing,78,66,12,29,26,3,49,40,9,7,6,1,4,3,1,3,3,0
15,000,STATE - MIZORAM,03,032,0321,Marine aquaculture,7,5,2,1,1,0,6,4,2,0,0,0,0,0,0,0,0,0
15,000,STATE - MIZORAM,03,032,0322,Freshwater aquaculture,29,23,6,3,3,0,26,20,6,4,3,1,4,3,1,0,0,0
15,000,STATE - MIZORAM,05,051,0510,Mining of hard coal,1,1,0,0,0,0,1,1,0,0,0,0,0,0,0,0,0,0
15,000,STATE - MIZORAM,06,061,0610,Extraction of crude petroleum,124,102,22,0,0,0,124,102,22,12,6,6,0,0,0,12,6,6
15,000,STATE - MIZORAM,06,062,0620,Extraction of natural gas,2,2,0,2,2,0,0,0,0,0,0,0,0,0,0,0,0,0
15,000,STATE - MIZORAM,08,081,0810,"Quarrying of stone, sand and clay",737,641,96,93,75,18,644,566,78,147,119,28,12,8,4,135,111,24
15,000,STATE - MIZORAM,08,089,0899,Other mining and quarrying n.e.c.,261,229,32,58,45,13,203,184,19,70,59,11,6,6,0,64,53,11
15,000,STATE - MIZORAM,09,091,0910,Support activities for petroleum and natural gas mining,8,7,1,4,4,0,4,3,1,0,0,0,0,0,0,0,0,0
15,000,STATE - MIZORAM,09,099,0990,Support activities for other mining and quarrying,30,20,10,0,0,0,30,20,10,2,1,1,0,0,0,2,1,1
15,000,STATE - MIZORAM,10,101,1010,Processing and preserving of meat,60,26,34,7,6,1,53,20,33,103,19,84,0,0,0,103,19,84
15,000,STATE - MIZORAM,10,102,1020,"Processing and preserving of fish, crustaceans and molluscs and",1,1,0,1,1,0,0,0,0,1,1,0,1,1,0,0,0,0
15,000,STATE - MIZORAM,10,103,1030,Processing and preserving of fruit and vegetables,81,43,38,15,10,5,66,33,33,30,21,9,3,2,1,27,19,8
15,000,STATE - MIZORAM,10,104,1040,Manufacture of vegetable and animal oils and fats,2,2,0,0,0,0,2,2,0,0,0,0,0,0,0,0,0,0
15,000,STATE - MIZORAM,10,105,1050,Manufacture of dairy products,166,104,62,18,12,6,148,92,56,53,17,36,4,1,3,49,16,33
15,000,STATE - MIZORAM,10,106,1061,Manufacture of grain mill products,175,126,49,78,46,32,97,80,17,40,21,19,21,12,9,19,9,10
15,000,STATE - MIZORAM,10,106,1062,Manufacture of starches and starch products,2,0,2,2,0,2,0,0,0,0,0,0,0,0,0,0,0,0
15,000,STATE - MIZORAM,10,107,1071,Manufacture of bakery products,360,270,90,28,23,5,332,247,85,20,6,14,1,0,1,19,6,13
15,000,STATE - MIZORAM,10,107,1072,Manufacture of sugar,4,4,0,2,2,0,2,2,0,3,1,2,1,1,0,2,0,2
15,000,STATE - MIZORAM,10,107,1073,"Manufacture of cocoa, chocolate and sugar confectionery",8,3,5,1,0,1,7,3,4,7,0,7,1,0,1,6,0,6
15,000,STATE - MIZORAM,10,107,1074,"Manufacture of macaroni, noodles, couscous and similar farinaceous",91,47,44,18,13,5,73,34,39,5,2,3,3,0,3,2,2,0
15,000,STATE - MIZORAM,10,107,1075,Manufacture of prepared meals and dishes,208,65,143,32,15,17,176,50,126,125,24,101,33,8,25,92,16,76
15,000,STATE - MIZORAM,10,107,1079,Manufacture of other food products n.e.c.,114,35,79,27,11,16,87,24,63,48,15,33,11,1,10,37,14,23
15,000,STATE - MIZORAM,11,110,1101,"Distilling, rectifying and blending of spirits; ethyl alcohol production",1,0,1,0,0,0,1,0,1,0,0,0,0,0,0,0,0,0
15,000,STATE - MIZORAM,11,110,1102,Manufacture of wines,3,1,2,0,0,0,3,1,2,0,0,0,0,0,0,0,0,0
15,000,STATE - MIZORAM,11,110,1103,Manufacture of malt liquors and malt,1,1,0,0,0,0,1,1,0,0,0,0,0,0,0,0,0,0
15,000,STATE - MIZORAM,11,110,1104,Manufacture of soft drinks; production of mineral waters and other,4,4,0,3,3,0,1,1,0,4,2,2,0,0,0,4,2,2
15,000,STATE - MIZORAM,12,120,1200,Manufacture of tobacco products,30,15,15,3,0,3,27,15,12,17,0,17,2,0,2,15,0,15
15,000,STATE - MIZORAM,13,131,1311,Preparation and spinning of textile fibres,426,234,192,41,33,8,385,201,184,175,117,58,11,8,3,164,109,55
15,000,STATE - MIZORAM,13,131,1312,Weaving of textiles,846,200,646,11,1,10,835,199,636,163,9,154,30,0,30,133,9,124
15,000,STATE - MIZORAM,13,131,1313,Finishing of textiles,578,155,423,11,5,6,567,150,417,97,6,91,7,1,6,90,5,85
15,000,STATE - MIZORAM,13,139,1391,Manufacture of knitted and crocheted fabrics,10,2,8,0,0,0,10,2,8,11,0,11,2,0,2,9,0,9
15,000,STATE - MIZORAM,13,139,1392,"Manufacture of made-up textile articles, except apparel",11,8,3,2,1,1,9,7,2,3,0,3,0,0,0,3,0,3
15,000,STATE - MIZORAM,13,139,1393,Manufacture of carpets and rugs,2,2,0,0,0,0,2,2,0,2,0,2,0,0,0,2,0,2
15,000,STATE - MIZORAM,13,139,1394,"Manufacture of cordage, rope, twine and netting",2,0,2,0,0,0,2,0,2,2,0,2,0,0,0,2,0,2
15,000,STATE - MIZORAM,13,139,1399,Manufacture of other textiles n.e.c.,26,6,20,3,0,3,23,6,17,8,0,8,2,0,2,6,0,6
15,000,STATE - MIZORAM,14,141,1410,"Manufacture of wearing apparel, except fur apparel",2278,477,1801,220,54,166,2058,423,1635,649,47,602,90,12,78,559,35,524
15,000,STATE - MIZORAM,14,142,1420,Manufacture of articles of fur,2,0,2,0,0,0,2,0,2,0,0,0,0,0,0,0,0,0
15,000,STATE - MIZORAM,14,143,1430,Manufacture of knitted and crocheted apparel,27,3,24,1,0,1,26,3,23,3,0,3,0,0,0,3,0,3
15,000,STATE - MIZORAM,15,151,1511,Tanning and dressing of leather; dressing and dyeing of fur,4,0,4,0,0,0,4,0,4,0,0,0,0,0,0,0,0,0
15,000,STATE - MIZORAM,15,151,1512,"Manufacture of luggage, handbags and the like, saddlery and harness",28,28,0,0,0,0,28,28,0,0,0,0,0,0,0,0,0,0
15,000,STATE - MIZORAM,15,152,1520,Manufacture of footwear,117,46,71,7,5,2,110,41,69,36,13,23,5,4,1,31,9,22
15,000,STATE - MIZORAM,16,161,1610,Saw milling and planing of wood,42,41,1,26,26,0,16,15,1,5,5,0,4,4,0,1,1,0
15,000,STATE - MIZORAM,16,162,1622,Manufacture of builders carpentry and joinery,5,5,0,1,1,0,4,4,0,0,0,0,0,0,0,0,0,0
15,000,STATE - MIZORAM,16,162,1623,Manufacture of wooden containers,69,48,21,34,28,6,35,20,15,38,30,8,19,16,3,19,14,5
15,000,STATE - MIZORAM,16,162,1629,"Manufacture of other products of wood; manufacture of articles of cork,",515,356,159,103,76,27,412,280,132,104,59,45,50,26,24,54,33,21
15,000,STATE - MIZORAM,17,170,1702,Manufacture of corrugated paper and paperboard and containers of,2,2,0,0,0,0,2,2,0,0,0,0,0,0,0,0,0,0
15,000,STATE - MIZORAM,17,170,1709,Manufacture of other articles of paper and paperboard,20,11,9,7,6,1,13,5,8,6,4,2,0,0,0,6,4,2
15,000,STATE - MIZORAM,18,181,1811,Printing,139,91,48,4,3,1,135,88,47,18,11,7,0,0,0,18,11,7
15,000,STATE - MIZORAM,18,181,1812,Service activities related to printing,203,110,93,4,2,2,199,108,91,10,4,6,0,0,0,10,4,6
15,000,STATE - MIZORAM,19,191,1910,Manufacture of coke oven products,4,2,2,4,2,2,0,0,0,0,0,0,0,0,0,0,0,0
15,000,STATE - MIZORAM,19,192,1920,Manufacture of refined petroleum products,30,28,2,12,12,0,18,16,2,8,2,6,0,0,0,8,2,6
15,000,STATE - MIZORAM,20,201,2011,Manufacture of basic chemicals,11,11,0,0,0,0,11,11,0,2,2,0,0,0,0,2,2,0
15,000,STATE - MIZORAM,20,201,2012,Manufacture of fertilizers and nitrogen compounds,0,0,0,0,0,0,0,0,0,1,1,0,0,0,0,1,1,0
15,000,STATE - MIZORAM,20,202,2022,"Manufacture of paints, varnishes and similar coatings, printing ink and",25,15,10,3,2,1,22,13,9,10,6,4,3,3,0,7,3,4
15,000,STATE - MIZORAM,20,202,2023,"Manufacture of soap and detergents, cleaning and polishing preparations,",89,51,38,26,19,7,63,32,31,27,7,20,0,0,0,27,7,20
15,000,STATE - MIZORAM,20,202,2029,Manufacture of other chemical products n.e.c.,2,2,0,0,0,0,2,2,0,0,0,0,0,0,0,0,0,0
15,000,STATE - MIZORAM,21,210,2100,"Manufacture of pharmaceuticals, medicinal chemical and botanical",4,4,0,0,0,0,4,4,0,0,0,0,0,0,0,0,0,0
15,000,STATE - MIZORAM,22,221,2211,Manufacture of rubber tyres and tubes; retreading and rebuilding of,95,87,8,6,5,1,89,82,7,2,2,0,0,0,0,2,2,0
15,000,STATE - MIZORAM,22,221,2219,Manufacture of other rubber products,8,8,0,0,0,0,8,8,0,0,0,0,0,0,0,0,0,0
15,000,STATE - MIZORAM,22,222,2220,Manufacture of plastics products,8,2,6,0,0,0,8,2,6,8,6,2,0,0,0,8,6,2
15,000,STATE - MIZORAM,23,231,2310,Manufacture of glass and glass products,2,2,0,0,0,0,2,2,0,0,0,0,0,0,0,0,0,0
15,000,STATE - MIZORAM,23,239,2391,Manufacture of refractory products,23,17,6,1,1,0,22,16,6,6,6,0,2,2,0,4,4,0
15,000,STATE - MIZORAM,23,239,2392,Manufacture of clay building materials,34,23,11,12,8,4,22,15,7,54,42,12,0,0,0,54,42,12
15,000,STATE - MIZORAM,23,239,2393,Manufacture of other porcelain and ceramic products,8,8,0,4,4,0,4,4,0,1,1,0,1,1,0,0,0,0
15,000,STATE - MIZORAM,23,239,2394,"Manufacture of cement, lime and plaster",14,10,4,0,0,0,14,10,4,0,0,0,0,0,0,0,0,0
15,000,STATE - MIZORAM,23,239,2396,"Cutting, shaping and finishing of stone",5,4,1,0,0,0,5,4,1,1,1,0,0,0,0,1,1,0
15,000,STATE - MIZORAM,24,241,2410,Manufacture of basic iron and steel,78,71,7,4,3,1,74,68,6,6,6,0,1,1,0,5,5,0
15,000,STATE - MIZORAM,24,242,2420,Manufacture of basic precious and other non-ferrous metals,20,18,2,8,8,0,12,10,2,0,0,0,0,0,0,0,0,0
15,000,STATE - MIZORAM,24,243,2431,Casting of iron and steel,6,6,0,0,0,0,6,6,0,4,2,2,1,1,0,3,1,2
15,000,STATE - MIZORAM,24,243,2432,Casting of non-ferrous metals,1,1,0,0,0,0,1,1,0,0,0,0,0,0,0,0,0,0
15,000,STATE - MIZORAM,25,251,2511,Manufacture of structural metal products,95,94,1,3,2,1,92,92,0,6,2,4,1,0,1,5,2,3
15,000,STATE - MIZORAM,25,251,2512,"Manufacture of tanks, reservoirs and containers of metal",11,10,1,2,1,1,9,9,0,0,0,0,0,0,0,0,0,0
15,000,STATE - MIZORAM,25,252,2520,Manufacture of weapons and ammunition,1,1,0,1,1,0,0,0,0,0,0,0,0,0,0,0,0,0
15,000,STATE - MIZORAM,25,259,2591,"Forging, pressing, stamping and roll-forming of metal; powder",2,2,0,0,0,0,2,2,0,0,0,0,0,0,0,0,0,0
15,000,STATE - MIZORAM,25,259,2593,"Manufacture of cutlery, hand tools and general hardware",289,272,17,48,47,1,241,225,16,44,29,15,8,6,2,36,23,13
15,000,STATE - MIZORAM,25,259,2599,Manufacture of other fabricated metal products n.e.c.,105,102,3,35,32,3,70,70,0,8,6,2,1,1,0,7,5,2
15,000,STATE - MIZORAM,26,261,2610,Manufacture of electronic components,8,8,0,1,1,0,7,7,0,0,0,0,0,0,0,0,0,0
15,000,STATE - MIZORAM,26,263,2630,Manufacture of communication equipment,4,4,0,1,1,0,3,3,0,0,0,0,0,0,0,0,0,0
15,000,STATE - MIZORAM,26,264,2640,Manufacture of consumer electronics,2,0,2,0,0,0,2,0,2,0,0,0,0,0,0,0,0,0
15,000,STATE - MIZORAM,27,271,2710,"Manufacture of electric motors, generators, transformers and electricity",5,5,0,1,1,0,4,4,0,0,0,0,0,0,0,0,0,0
15,000,STATE - MIZORAM,27,273,2733,Manufacture of wiring devices,1,1,0,0,0,0,1,1,0,0,0,0,0,0,0,0,0,0
15,000,STATE - MIZORAM,27,274,2740,Manufacture of electric lighting equipment,3,3,0,0,0,0,3,3,0,0,0,0,0,0,0,0,0,0
15,000,STATE - MIZORAM,27,275,2750,Manufacture of domestic appliances,5,5,0,1,1,0,4,4,0,0,0,0,0,0,0,0,0,0
15,000,STATE - MIZORAM,28,281,2814,"Manufacture of bearings, gears, gearing and driving elements",1,1,0,1,1,0,0,0,0,0,0,0,0,0,0,0,0,0
15,000,STATE - MIZORAM,28,281,2819,Manufacture of other general-purpose machinery,1,1,0,1,1,0,0,0,0,0,0,0,0,0,0,0,0,0
15,000,STATE - MIZORAM,28,282,2821,Manufacture of agricultural and forestry machinery,4,4,0,0,0,0,4,4,0,1,1,0,0,0,0,1,1,0
15,000,STATE - MIZORAM,28,282,2822,Manufacture of metal-forming machinery and machine tools,3,3,0,1,1,0,2,2,0,0,0,0,0,0,0,0,0,0
15,000,STATE - MIZORAM,28,282,2825,"Manufacture of machinery for food, beverage and tobacco processing",17,10,7,13,10,3,4,0,4,3,0,3,0,0,0,3,0,3
15,000,STATE - MIZORAM,28,282,2826,"Manufacture of machinery for textile, apparel and leather production",5,2,3,0,0,0,5,2,3,0,0,0,0,0,0,0,0,0
15,000,STATE - MIZORAM,29,292,2920,Manufacture of bodies (coachwork) for motor vehicles; manufacture of trailers and semi-trailers,2,2,0,0,0,0,2,2,0,0,0,0,0,0,0,0,0,0
15,000,STATE - MIZORAM,30,301,3011,Building of ships and floating structures,3,3,0,0,0,0,3,3,0,1,1,0,1,1,0,0,0,0
15,000,STATE - MIZORAM,30,302,3020,Manufacture of railway locomotives and rolling stock,4,4,0,2,2,0,2,2,0,0,0,0,0,0,0,0,0,0
15,000,STATE - MIZORAM,30,309,3092,Manufacture of bicycles and invalid carriages,1,1,0,0,0,0,1,1,0,0,0,0,0,0,0,0,0,0
15,000,STATE - MIZORAM,30,309,3099,Manufacture of other transport equipment n.e.c.,88,88,0,15,15,0,73,73,0,24,22,2,2,2,0,22,20,2
15,000,STATE - MIZORAM,31,310,3100,Manufacture of furniture,4149,4043,106,1005,987,18,3144,3056,88,562,529,33,84,79,5,478,450,28
15,000,STATE - MIZORAM,32,321,3211,Manufacture of jewellery and related articles,58,47,11,10,9,1,48,38,10,4,3,1,1,0,1,3,3,0
15,000,STATE - MIZORAM,32,323,3230,Manufacture of sports goods,1,1,0,0,0,0,1,1,0,0,0,0,0,0,0,0,0,0
15,000,STATE - MIZORAM,32,329,3290,Other manufacturing n.e.c.,141,97,44,15,14,1,126,83,43,11,4,7,3,2,1,8,2,6
15,000,STATE - MIZORAM,33,331,3311,Repair of fabricated metal products,11,10,1,1,1,0,10,9,1,0,0,0,0,0,0,0,0,0
15,000,STATE - MIZORAM,33,331,3312,Repair of machinery,21,19,2,1,1,0,20,18,2,1,1,0,0,0,0,1,1,0
15,000,STATE - MIZORAM,33,331,3313,Repair of electronic and optical equipment,36,35,1,1,1,0,35,34,1,3,3,0,0,0,0,3,3,0
15,000,STATE - MIZORAM,33,331,3314,Repair of electrical equipment,113,110,3,27,27,0,86,83,3,12,12,0,3,3,0,9,9,0
15,000,STATE - MIZORAM,33,331,3315,"Repair of transport equipment, except motor vehicles",19,17,2,1,1,0,18,16,2,5,5,0,0,0,0,5,5,0
15,000,STATE - MIZORAM,33,331,3319,Repair of other equipment,31,31,0,6,6,0,25,25,0,3,3,0,0,0,0,3,3,0
15,000,STATE - MIZORAM,33,332,3320,Installation of industrial machinery and equipment,4,4,0,0,0,0,4,4,0,0,0,0,0,0,0,0,0,0
15,000,STATE - MIZORAM,35,351,3510,"Electric power generation, transmission and distribution",3987,3201,786,746,688,58,3241,2513,728,71,51,20,8,8,0,63,43,20
15,000,STATE - MIZORAM,35,352,3520,Manufacture of gas; distribution of gaseous fuels through mains,25,20,5,4,4,0,21,16,5,2,2,0,0,0,0,2,2,0
15,000,STATE - MIZORAM,35,353,3530,Steam and air conditioning supply,13,12,1,1,1,0,12,11,1,0,0,0,0,0,0,0,0,0
15,000,STATE - MIZORAM,36,360,3600,"Water collection, treatment and supply",3108,2507,601,305,273,32,2803,2234,569,56,43,13,3,2,1,53,41,12
15,000,STATE - MIZORAM,37,370,3700,Sewerage,23,8,15,9,2,7,14,6,8,9,6,3,3,0,3,6,6,0
15,000,STATE - MIZORAM,38,381,3811,Collection of non-hazardous waste,47,35,12,12,8,4,35,27,8,11,11,0,1,1,0,10,10,0
15,000,STATE - MIZORAM,38,381,3812,Collection of hazardous waste,31,25,6,4,2,2,27,23,4,0,0,0,0,0,0,0,0,0
15,000,STATE - MIZORAM,38,382,3822,Treatment and disposal of hazardous waste,1,1,0,0,0,0,1,1,0,0,0,0,0,0,0,0,0,0
15,000,STATE - MIZORAM,39,390,3900,Remediation activities and other waste management services,17,14,3,0,0,0,17,14,3,0,0,0,0,0,0,0,0,0
15,000,STATE - MIZORAM,41,410,4100,Construction of buildings,7356,6883,473,668,638,30,6688,6245,443,3025,2744,281,180,154,26,2845,2590,255
15,000,STATE - MIZORAM,42,421,4210,Construction roads and railways,4906,3860,1046,825,735,90,4081,3125,956,467,392,75,117,95,22,350,297,53
15,000,STATE - MIZORAM,42,422,4220,Construction of utility projects,56,43,13,6,4,2,50,39,11,9,7,2,0,0,0,9,7,2
15,000,STATE - MIZORAM,42,429,4290,Construction of other civil engineering projects,758,642,116,72,68,4,686,574,112,324,270,54,44,35,9,280,235,45
15,000,STATE - MIZORAM,43,431,4311,Demolition,1,1,0,0,0,0,1,1,0,4,4,0,0,0,0,4,4,0
15,000,STATE - MIZORAM,43,431,4312,Site preparation,258,224,34,60,48,12,198,176,22,279,219,60,11,10,1,268,209,59
15,000,STATE - MIZORAM,43,432,4321,Electrical installation,191,161,30,14,13,1,177,148,29,42,32,10,6,4,2,36,28,8
15,000,STATE - MIZORAM,43,432,4322,"Plumbing, heat and air-conditioning installation",58,57,1,6,5,1,52,52,0,6,6,0,3,3,0,3,3,0
15,000,STATE - MIZORAM,43,432,4329,Other construction installation,1860,1443,417,127,108,19,1733,1335,398,1175,859,316,96,79,17,1079,780,299
15,000,STATE - MIZORAM,43,433,4330,Building completion and finishing,1251,1156,95,74,72,2,1177,1084,93,417,355,62,26,21,5,391,334,57
15,000,STATE - MIZORAM,43,439,4390,Other specialized construction activities,147,143,4,9,8,1,138,135,3,43,40,3,1,1,0,42,39,3
15,000,STATE - MIZORAM,45,451,4510,Sale of motor vehicles,66,54,12,0,0,0,66,54,12,7,6,1,0,0,0,7,6,1
15,000,STATE - MIZORAM,45,452,4520,Maintenance and repair of motor vehicles,1467,1398,69,60,56,4,1407,1342,65,189,182,7,5,5,0,184,177,7
15,000,STATE - MIZORAM,45,453,4530,Sale of motor vehicle parts and accessories,210,169,41,2,2,0,208,167,41,19,10,9,0,0,0,19,10,9
15,000,STATE - MIZORAM,45,454,4540,"Sale, maintenance and repair of motorcycles and related parts and",343,333,10,32,32,0,311,301,10,74,66,8,2,2,0,72,64,8
15,000,STATE - MIZORAM,46,461,4610,Wholesale on a fee or contract basis,67,25,42,6,2,4,61,23,38,28,4,24,2,0,2,26,4,22
15,000,STATE - MIZORAM,46,462,4620,Wholesale of agricultural raw materials and live animals,64,34,30,9,7,2,55,27,28,11,8,3,7,6,1,4,2,2
15,000,STATE - MIZORAM,46,463,4630,"Wholesale of food, beverages and tobacco",60,33,27,2,2,0,58,31,27,12,6,6,2,2,0,10,4,6
15,000,STATE - MIZORAM,46,464,4641,"Wholesale of textiles, clothing and footwear",84,50,34,1,1,0,83,49,34,8,2,6,1,0,1,7,2,5
15,000,STATE - MIZORAM,46,464,4649,Wholesale of other household goods,222,128,94,8,2,6,214,126,88,26,12,14,4,2,2,22,10,12
15,000,STATE - MIZORAM,46,465,4652,Wholesale of electronic and telecommunications equipment and parts,8,4,4,0,0,0,8,4,4,0,0,0,0,0,0,0,0,0
15,000,STATE - MIZORAM,46,465,4659,Wholesale of other machinery and equipment,66,52,14,0,0,0,66,52,14,10,6,4,0,0,0,10,6,4
15,000,STATE - MIZORAM,46,466,4661,"Wholesale of solid, liquid and gaseous fuels and related products",7,7,0,2,2,0,5,5,0,2,2,0,0,0,0,2,2,0
15,000,STATE - MIZORAM,46,466,4663,"Wholesale of construction materials, hardware, plumbing and heating",27,14,13,1,0,1,26,14,12,3,1,2,1,1,0,2,0,2
15,000,STATE - MIZORAM,46,466,4669,Wholesale of waste and scrap and other products n.e.c.,8,6,2,0,0,0,8,6,2,0,0,0,0,0,0,0,0,0
15,000,STATE - MIZORAM,46,469,4690,Non-specialized wholesale trade,268,141,127,14,9,5,254,132,122,28,12,16,1,0,1,27,12,15
15,000,STATE - MIZORAM,47,471,4711,"Retail sale in non-specialized stores with food, beverages or tobacco",2794,993,1801,376,161,215,2418,832,1586,417,112,305,46,8,38,371,104,267
15,000,STATE - MIZORAM,47,471,4719,Other retail sale in non-specialized stores,5132,1900,3232,895,347,548,4237,1553,2684,781,202,579,154,36,118,627,166,461
15,000,STATE - MIZORAM,47,472,4721,Retail sale of food in specialized stores,4938,1328,3610,568,195,373,4370,1133,3237,1358,191,1167,134,23,111,1224,168,1056
15,000,STATE - MIZORAM,47,472,4722,Retail sale of beverages in specialized stores,48,19,29,4,1,3,44,18,26,6,4,2,0,0,0,6,4,2
15,000,STATE - MIZORAM,47,472,4723,Retail sale of tobacco products in specialized stores,90,17,73,11,0,11,79,17,62,47,3,44,1,1,0,46,2,44
15,000,STATE - MIZORAM,47,473,4730,Retail sale of automotive fuel in specialized stores,116,91,25,8,4,4,108,87,21,8,5,3,2,1,1,6,4,2
15,000,STATE - MIZORAM,47,474,4741,"Retail sale of computers, peripheral units, software and",272,192,80,9,4,5,263,188,75,47,27,20,5,2,3,42,25,17
15,000,STATE - MIZORAM,47,474,4742,Retail sale of audio and video equipment in specialized stores,27,18,9,2,0,2,25,18,7,2,0,2,0,0,0,2,0,2
15,000,STATE - MIZORAM,47,475,4751,Retail sale of textiles in specialized stores,17,0,17,0,0,0,17,0,17,2,0,2,0,0,0,2,0,2
15,000,STATE - MIZORAM,47,475,4752,"Retail sale of hardware, paints and glass in specialized stores",802,545,257,40,33,7,762,512,250,112,70,42,13,10,3,99,60,39
15,000,STATE - MIZORAM,47,475,4753,"Retail sale of carpets, rugs, wall and floor coverings in specialized",4,4,0,1,1,0,3,3,0,0,0,0,0,0,0,0,0,0
15,000,STATE - MIZORAM,47,475,4759,"Retail sale of electrical household appliances, furniture, lighting",623,382,241,17,13,4,606,369,237,62,21,41,1,0,1,61,21,40
15,000,STATE - MIZORAM,47,476,4761,"Retail sale of books, newspapers and stationary in specialized stores",401,209,192,29,18,11,372,191,181,87,40,47,2,0,2,85,40,45
15,000,STATE - MIZORAM,47,476,4762,Retail sale of music and video recordings in specialized stores,28,19,9,0,0,0,28,19,9,4,2,2,0,0,0,4,2,2
15,000,STATE - MIZORAM,47,476,4763,Retail sale of sporting equipment in specialized stores,16,14,2,0,0,0,16,14,2,1,0,1,0,0,0,1,0,1
15,000,STATE - MIZORAM,47,476,4764,Retail sale of games and toys in specialized stores,46,18,28,0,0,0,46,18,28,3,0,3,0,0,0,3,0,3
15,000,STATE - MIZORAM,47,477,4771,"Retail sale of clothing, footwear and leather articles in specialized",4080,1263,2817,205,82,123,3875,1181,2694,750,130,620,40,10,30,710,120,590
15,000,STATE - MIZORAM,47,477,4772,"Retail sale of pharmaceutical and medical goods, cosmetic and toilet",1284,476,808,153,68,85,1131,408,723,176,45,131,23,8,15,153,37,116
15,000,STATE - MIZORAM,47,477,4773,Other retail sale of new goods in specialized stores,301,158,143,18,4,14,283,154,129,64,25,39,7,5,2,57,20,37
15,000,STATE - MIZORAM,47,477,4774,Retail sale of second-hand goods,441,92,349,3,0,3,438,92,346,63,6,57,3,0,3,60,6,54
15,000,STATE - MIZORAM,47,478,4781,"Retail sale via stalls and markets of food, beverages and tobacco",42,7,35,15,5,10,27,2,25,11,1,10,2,1,1,9,0,9
15,000,STATE - MIZORAM,47,478,4782,"Retail sale via stalls and markets of textiles, clothing and footwear",57,17,40,2,1,1,55,16,39,5,0,5,0,0,0,5,0,5
15,000,STATE - MIZORAM,47,478,4789,Retail sale via stalls and markets of other goods,1491,569,922,260,96,164,1231,473,758,243,67,176,44,9,35,199,58,141
15,000,STATE - MIZORAM,47,479,4791,Retail sale via mail order houses or via Internet,277,84,193,1,1,0,276,83,193,31,2,29,1,0,1,30,2,28
15,000,STATE - MIZORAM,47,479,4799,"Other retail sale not in stores, stalls or markets",339,94,245,30,11,19,309,83,226,68,5,63,10,0,10,58,5,53
15,000,STATE - MIZORAM,49,491,4911,Passenger rail transport,4,3,1,1,1,0,3,2,1,0,0,0,0,0,0,0,0,0
15,000,STATE - MIZORAM,49,492,4921,Urban or suburban passenger land transport,2098,2065,33,410,405,5,1688,1660,28,249,247,2,31,31,0,218,216,2
15,000,STATE - MIZORAM,49,492,4922,Other passenger land transport,7180,7058,122,940,932,8,6240,6126,114,618,605,13,85,85,0,533,520,13
15,000,STATE - MIZORAM,49,492,4923,Freight transport by road,1589,1566,23,358,355,3,1231,1211,20,160,159,1,39,39,0,121,120,1
15,000,STATE - MIZORAM,50,501,5011,Sea and coastal passenger water transport,1,1,0,1,1,0,0,0,0,0,0,0,0,0,0,0,0,0
15,000,STATE - MIZORAM,50,502,5021,Inland passenger water transport,21,20,1,13,12,1,8,8,0,3,3,0,3,3,0,0,0,0
15,000,STATE - MIZORAM,50,502,5022,Inland freight water transport,0,0,0,0,0,0,0,0,0,1,1,0,1,1,0,0,0,0
15,000,STATE - MIZORAM,51,511,5110,Passenger air transport,26,18,8,1,1,0,25,17,8,0,0,0,0,0,0,0,0,0
15,000,STATE - MIZORAM,51,512,5120,Freight air transport,57,34,23,2,2,0,55,32,23,2,2,0,0,0,0,2,2,0
15,000,STATE - MIZORAM,52,521,5210,Warehousing and storage,128,106,22,24,18,6,104,88,16,8,8,0,0,0,0,8,8,0
15,000,STATE - MIZORAM,52,522,5221,Service activities incidental to land transportation,768,710,58,96,95,1,672,615,57,77,67,10,6,6,0,71,61,10
15,000,STATE - MIZORAM,52,522,5223,Service activities incidental to air transportation,7,4,3,0,0,0,7,4,3,0,0,0,0,0,0,0,0,0
15,000,STATE - MIZORAM,52,522,5224,Cargo handling,2,2,0,1,1,0,1,1,0,1,1,0,0,0,0,1,1,0
15,000,STATE - MIZORAM,52,522,5229,Other transportation support activities,44,31,13,5,3,2,39,28,11,0,0,0,0,0,0,0,0,0
15,000,STATE - MIZORAM,53,531,5310,Postal activities,694,562,132,369,321,48,325,241,84,12,9,3,7,6,1,5,3,2
15,000,STATE - MIZORAM,53,532,5320,Courier activities,11,9,2,0,0,0,11,9,2,1,1,0,0,0,0,1,1,0
15,000,STATE - MIZORAM,55,551,5510,Short term accommodation activities,612,265,347,132,59,73,480,206,274,62,26,36,9,2,7,53,24,29
15,000,STATE - MIZORAM,55,559,5590,Other accommodation,138,67,71,24,13,11,114,54,60,23,9,14,5,1,4,18,8,10
15,000,STATE - MIZORAM,56,561,5610,Restaurants and mobile food service activities,516,199,317,59,15,44,457,184,273,98,21,77,15,0,15,83,21,62
15,000,STATE - MIZORAM,56,562,5621,Event catering,69,32,37,7,3,4,62,29,33,4,2,2,2,1,1,2,1,1
15,000,STATE - MIZORAM,56,562,5629,Other food service activities,64,20,44,11,3,8,53,17,36,21,1,20,9,1,8,12,0,12
15,000,STATE - MIZORAM,56,563,5630,Beverage serving activities,1205,379,826,225,58,167,980,321,659,240,49,191,39,10,29,201,39,162
15,000,STATE - MIZORAM,58,581,5811,Book publishing,156,99,57,4,4,0,152,95,57,16,9,7,1,0,1,15,9,6
15,000,STATE - MIZORAM,58,581,5812,Publishing of directories and mailing lists,0,0,0,0,0,0,0,0,0,2,0,2,0,0,0,2,0,2
15,000,STATE - MIZORAM,58,581,5813,"Publishing of newspapers, journals and periodicals",170,141,29,5,5,0,165,136,29,15,11,4,0,0,0,15,11,4
15,000,STATE - MIZORAM,58,581,5819,Other publishing activities,78,47,31,3,2,1,75,45,30,3,1,2,0,0,0,3,1,2
15,000,STATE - MIZORAM,59,591,5911,"Motion picture, video and television programme production activities",17,17,0,2,2,0,15,15,0,0,0,0,0,0,0,0,0,0
15,000,STATE - MIZORAM,59,591,5912,"Motion picture, video and television programme post-production",9,7,2,0,0,0,9,7,2,0,0,0,0,0,0,0,0,0
15,000,STATE - MIZORAM,59,591,5913,"Motion picture, video and television programme distribution activities",44,37,7,1,1,0,43,36,7,0,0,0,0,0,0,0,0,0
15,000,STATE - MIZORAM,59,591,5914,Motion picture projection activities,10,8,2,0,0,0,10,8,2,2,2,0,0,0,0,2,2,0
15,000,STATE - MIZORAM,59,592,5920,Sound recording and music publishing activitiesT,11,11,0,0,0,0,11,11,0,0,0,0,0,0,0,0,0,0
15,000,STATE - MIZORAM,60,601,6010,Radio broadcasting,154,99,55,0,0,0,154,99,55,2,2,0,0,0,0,2,2,0
15,000,STATE - MIZORAM,60,602,6020,Television programming and broadcasting activities,158,112,46,8,6,2,150,106,44,13,6,7,0,0,0,13,6,7
15,000,STATE - MIZORAM,61,611,6110,Wired telecommunications activities,477,424,53,72,68,4,405,356,49,28,23,5,5,4,1,23,19,4
15,000,STATE - MIZORAM,61,612,6120,Wireless telecommunications activities,171,139,32,13,12,1,158,127,31,25,13,12,1,1,0,24,12,12
15,000,STATE - MIZORAM,61,613,6130,Satellite telecommunications activities,71,45,26,9,9,0,62,36,26,6,0,6,0,0,0,6,0,6
15,000,STATE - MIZORAM,61,619,6190,Other telecommunications activities,363,310,53,25,25,0,338,285,53,11,7,4,1,1,0,10,6,4
15,000,STATE - MIZORAM,62,620,6201,Computer programming activities,2,2,0,0,0,0,2,2,0,0,0,0,0,0,0,0,0,0
15,000,STATE - MIZORAM,62,620,6202,Computer consultancy and computer facilities management activities,56,39,17,2,2,0,54,37,17,2,2,0,0,0,0,2,2,0
15,000,STATE - MIZORAM,62,620,6209,Other information technology and computer service activities,16,11,5,2,1,1,14,10,4,2,0,2,0,0,0,2,0,2
15,000,STATE - MIZORAM,63,631,6311,"Data processing, hosting and related activities",37,29,8,4,4,0,33,25,8,9,9,0,2,2,0,7,7,0
15,000,STATE - MIZORAM,63,631,6312,Web portals,2,0,2,0,0,0,2,0,2,0,0,0,0,0,0,0,0,0
15,000,STATE - MIZORAM,63,639,6399,Other information service activities n.e.c.,177,137,40,6,5,1,171,132,39,8,6,2,1,1,0,7,5,2
15,000,STATE - MIZORAM,64,641,6411,Central banking,3,3,0,0,0,0,3,3,0,0,0,0,0,0,0,0,0,0
15,000,STATE - MIZORAM,64,641,6419,Other monetary intermediation,1239,853,386,122,102,20,1117,751,366,22,17,5,0,0,0,22,17,5
15,000,STATE - MIZORAM,64,642,6420,Activities of holding companies,9,6,3,1,0,1,8,6,2,0,0,0,0,0,0,0,0,0
15,000,STATE - MIZORAM,64,649,6492,Other credit granting,6,3,3,1,0,1,5,3,2,1,0,1,0,0,0,1,0,1
15,000,STATE - MIZORAM,64,649,6499,"Other financial service activities, except insurance and pension funding",6,4,2,0,0,0,6,4,2,0,0,0,0,0,0,0,0,0
15,000,STATE - MIZORAM,65,651,6511,Life insurance,119,86,33,3,1,2,116,85,31,8,5,3,0,0,0,8,5,3
15,000,STATE - MIZORAM,65,651,6512,Non-life insurance,38,23,15,1,1,0,37,22,15,6,4,2,0,0,0,6,4,2
15,000,STATE - MIZORAM,66,662,6622,Activities of insurance agents and brokers,36,19,17,2,2,0,34,17,17,2,0,2,0,0,0,2,0,2
15,000,STATE - MIZORAM,66,662,6629,Other activities auxiliary to insurance and pension funding,7,7,0,1,1,0,6,6,0,0,0,0,0,0,0,0,0,0
15,000,STATE - MIZORAM,66,663,6630,Fund management activities,29,14,15,3,2,1,26,12,14,2,0,2,0,0,0,2,0,2
15,000,STATE - MIZORAM,68,681,6810,Real estate activities with own or leased property,15,13,2,0,0,0,15,13,2,0,0,0,0,0,0,0,0,0
15,000,STATE - MIZORAM,68,682,6820,Real estate activities on a fee or contract basis,18,5,13,2,0,2,16,5,11,3,0,3,0,0,0,3,0,3
15,000,STATE - MIZORAM,69,691,6910,Legal activities,209,145,64,5,3,2,204,142,62,5,5,0,0,0,0,5,5,0
15,000,STATE - MIZORAM,69,692,6920,"Accounting, bookkeeping and auditing activities; tax consultancy",14,8,6,0,0,0,14,8,6,0,0,0,0,0,0,0,0,0
15,000,STATE - MIZORAM,70,701,7010,Activities of head offices,4,4,0,0,0,0,4,4,0,0,0,0,0,0,0,0,0,0
15,000,STATE - MIZORAM,70,702,7020,Management consultancy activities,6,4,2,0,0,0,6,4,2,0,0,0,0,0,0,0,0,0
15,000,STATE - MIZORAM,71,711,7110,Architectural and engineering activities and related technical,32,28,4,1,1,0,31,27,4,0,0,0,0,0,0,0,0,0
15,000,STATE - MIZORAM,71,712,7120,Technical testing and analysis,4,4,0,0,0,0,4,4,0,0,0,0,0,0,0,0,0,0
15,000,STATE - MIZORAM,72,721,7210,Research and experimental development on natural sciences and,9,9,0,0,0,0,9,9,0,2,0,2,0,0,0,2,0,2
15,000,STATE - MIZORAM,73,731,7310,Advertising,9,9,0,0,0,0,9,9,0,0,0,0,0,0,0,0,0,0
15,000,STATE - MIZORAM,74,741,7410,Specialized design activities,31,9,22,3,2,1,28,7,21,13,2,11,0,0,0,13,2,11
15,000,STATE - MIZORAM,74,742,7420,Photographic activities,145,132,13,10,9,1,135,123,12,10,9,1,2,1,1,8,8,0
15,000,STATE - MIZORAM,74,749,7490,"Other professional, scientific and technical activities n.e.c.",6,3,3,0,0,0,6,3,3,1,1,0,0,0,0,1,1,0
15,000,STATE - MIZORAM,75,750,7500,Veterinary activities,943,786,157,154,147,7,789,639,150,14,11,3,3,3,0,11,8,3
15,000,STATE - MIZORAM,77,771,7710,Renting and leasing of motor vehicles,7,5,2,1,1,0,6,4,2,0,0,0,0,0,0,0,0,0
15,000,STATE - MIZORAM,77,772,7729,Renting and leasing of other personal and household goods n.e.c.,5,4,1,0,0,0,5,4,1,4,4,0,0,0,0,4,4,0
15,000,STATE - MIZORAM,79,791,7911,Travel agency activities,55,39,16,0,0,0,55,39,16,2,0,2,0,0,0,2,0,2
15,000,STATE - MIZORAM,79,791,7912,Tour operator activities,20,15,5,7,4,3,13,11,2,2,0,2,0,0,0,2,0,2
15,000,STATE - MIZORAM,79,799,7990,Other reservation service and related activities,7,3,4,0,0,0,7,3,4,0,0,0,0,0,0,0,0,0
15,000,STATE - MIZORAM,80,801,8010,Private security activities,44,38,6,11,11,0,33,27,6,6,5,1,0,0,0,6,5,1
15,000,STATE - MIZORAM,80,802,8020,Security systems service activities,12,12,0,4,4,0,8,8,0,3,3,0,3,3,0,0,0,0
15,000,STATE - MIZORAM,81,811,8110,Combined facilities support activities,7,1,6,1,1,0,6,0,6,0,0,0,0,0,0,0,0,0
15,000,STATE - MIZORAM,81,812,8121,General cleaning of buildings,14,0,14,0,0,0,14,0,14,0,0,0,0,0,0,0,0,0
15,000,STATE - MIZORAM,81,812,8129,Other building and industrial cleaning activities,25,15,10,0,0,0,25,15,10,9,4,5,1,0,1,8,4,4
15,000,STATE - MIZORAM,81,813,8130,Landscape care and maintenance service activities,1,0,1,0,0,0,1,0,1,2,0,2,0,0,0,2,0,2
15,000,STATE - MIZORAM,82,821,8211,Combined office administrative service activities,8,3,5,2,1,1,6,2,4,0,0,0,0,0,0,0,0,0
15,000,STATE - MIZORAM,82,821,8219,"Photocopying, document preparation and other specialized office",74,46,28,4,4,0,70,42,28,3,2,1,1,0,1,2,2,0
15,000,STATE - MIZORAM,82,822,8220,Activities of call centres,41,20,21,1,0,1,40,20,20,1,1,0,1,1,0,0,0,0
15,000,STATE - MIZORAM,82,823,8230,Organization of conventions and trade shows,2,2,0,0,0,0,2,2,0,0,0,0,0,0,0,0,0,0
15,000,STATE - MIZORAM,82,829,8291,Activities of collection agencies and credit bureaus,10,5,5,0,0,0,10,5,5,0,0,0,0,0,0,0,0,0
15,000,STATE - MIZORAM,82,829,8292,Packaging activities,8,3,5,1,0,1,7,3,4,6,4,2,0,0,0,6,4,2
15,000,STATE - MIZORAM,82,829,8299,Other business support service activities n.e.c.,3791,2375,1416,307,201,106,3484,2174,1310,421,214,207,40,24,16,381,190,191
15,000,STATE - MIZORAM,84,841,8411,General public administration activities,17845,12910,4935,2014,1763,251,15831,11147,4684,304,197,107,49,36,13,255,161,94
15,000,STATE - MIZORAM,84,841,8412,"Regulation of the activities of providing health care, education, cultural",277,191,86,26,25,1,251,166,85,0,0,0,0,0,0,0,0,0
15,000,STATE - MIZORAM,84,841,8413,Regulation of and contribution to more efficient operation of,40,26,14,2,2,0,38,24,14,2,0,2,0,0,0,2,0,2
15,000,STATE - MIZORAM,84,842,8421,Foreign affairs,14,14,0,1,1,0,13,13,0,0,0,0,0,0,0,0,0,0
15,000,STATE - MIZORAM,84,842,8422,Defence activities,9436,9108,328,2136,2106,30,7300,7002,298,108,88,20,51,41,10,57,47,10
15,000,STATE - MIZORAM,84,842,8423,Public order and safety activities,4533,4207,326,874,861,13,3659,3346,313,42,34,8,18,16,2,24,18,6
15,000,STATE - MIZORAM,84,843,8430,Compulsory social security activities,4191,3793,398,513,490,23,3678,3303,375,131,114,17,6,4,2,125,110,15
15,000,STATE - MIZORAM,85,851,8510,Primary education,12523,6848,5675,5684,3798,1886,6839,3050,3789,491,206,285,201,102,99,290,104,186
15,000,STATE - MIZORAM,85,852,8521,General secondary education,9806,6379,3427,3662,2763,899,6144,3616,2528,230,120,110,85,51,34,145,69,76
15,000,STATE - MIZORAM,85,852,8522,Technical and vocational secondary education,27,20,7,4,1,3,23,19,4,0,0,0,0,0,0,0,0,0
15,000,STATE - MIZORAM,85,853,8530,Higher education,1980,1191,789,56,38,18,1924,1153,771,38,18,20,1,0,1,37,18,19
15,000,STATE - MIZORAM,85,854,8541,Sports and recreation education,17,15,2,5,4,1,12,11,1,3,3,0,1,1,0,2,2,0
15,000,STATE - MIZORAM,85,854,8542,Cultural education,31,24,7,5,5,0,26,19,7,0,0,0,0,0,0,0,0,0
15,000,STATE - MIZORAM,85,854,8549,Other education n.e.c.,613,369,244,160,116,44,453,253,200,200,88,112,59,27,32,141,61,80
15,000,STATE - MIZORAM,85,855,8550,Educational support services,2080,1393,687,519,415,104,1561,978,583,121,26,95,41,10,31,80,16,64
15,000,STATE - MIZORAM,86,861,8610,Hospital activities,3956,1890,2066,858,476,382,3098,1414,1684,95,27,68,17,5,12,78,22,56
15,000,STATE - MIZORAM,86,862,8620,Medical and dental practice activities,396,233,163,20,15,5,376,218,158,11,6,5,0,0,0,11,6,5
15,000,STATE - MIZORAM,86,869,8690,Other human health activities,3490,1076,2414,1096,310,786,2394,766,1628,185,40,145,79,13,66,106,27,79
15,000,STATE - MIZORAM,87,872,8720,"Residential care activities for mental retardation, mental health and",2,0,2,0,0,0,2,0,2,5,0,5,0,0,0,5,0,5
15,000,STATE - MIZORAM,87,873,8730,Residential care activities for the elderly and disabled,3,2,1,1,0,1,2,2,0,4,0,4,0,0,0,4,0,4
15,000,STATE - MIZORAM,87,879,8790,Other residential care activities n.e.c.,18,10,8,3,0,3,15,10,5,1,0,1,1,0,1,0,0,0
15,000,STATE - MIZORAM,88,881,8810,Social work activities without accommodation for the elderly and,64,34,30,8,2,6,56,32,24,22,4,18,0,0,0,22,4,18
15,000,STATE - MIZORAM,88,889,8890,Other social work activities without accommodation n.e.c.,726,299,427,198,41,157,528,258,270,111,77,34,9,0,9,102,77,25
15,000,STATE - MIZORAM,90,900,9000,"Dramatic arts, music and other arts activities",364,326,38,11,8,3,353,318,35,51,43,8,1,1,0,50,42,8
15,000,STATE - MIZORAM,91,910,9101,Library and archives activities,40,27,13,0,0,0,40,27,13,0,0,0,0,0,0,0,0,0
15,000,STATE - MIZORAM,91,910,9102,Museums activities and operation of historical sites and buildings,4,4,0,0,0,0,4,4,0,0,0,0,0,0,0,0,0,0
15,000,STATE - MIZORAM,92,920,9200,Gambling and betting activities,6,2,4,0,0,0,6,2,4,5,2,3,1,0,1,4,2,2
15,000,STATE - MIZORAM,93,931,9311,Operation of sports facilities,40,32,8,2,2,0,38,30,8,0,0,0,0,0,0,0,0,0
15,000,STATE - MIZORAM,93,931,9312,Activities of sports clubs,26,24,2,1,1,0,25,23,2,5,4,1,2,2,0,3,2,1
15,000,STATE - MIZORAM,93,931,9319,Other sports activities,97,74,23,4,4,0,93,70,23,7,7,0,1,1,0,6,6,0
15,000,STATE - MIZORAM,93,932,9321,Activities of amusement parks and theme parks,1,1,0,0,0,0,1,1,0,0,0,0,0,0,0,0,0,0
15,000,STATE - MIZORAM,93,932,9329,Other amusement and recreation activities n.e.c.,44,28,16,5,4,1,39,24,15,6,4,2,0,0,0,6,4,2
15,000,STATE - MIZORAM,94,941,9411,Activities of business and employers membership organizations,21,17,4,2,2,0,19,15,4,2,2,0,0,0,0,2,2,0
15,000,STATE - MIZORAM,94,941,9412,Activities of professional membership organizations,1,1,0,0,0,0,1,1,0,1,1,0,0,0,0,1,1,0
15,000,STATE - MIZORAM,94,942,9420,Activities of trade unions,7,6,1,2,2,0,5,4,1,1,1,0,1,1,0,0,0,0
15,000,STATE - MIZORAM,94,949,9491,Activities of religious organizations,1670,1321,349,506,403,103,1164,918,246,83,59,24,14,9,5,69,50,19
15,000,STATE - MIZORAM,94,949,9492,Activities of political organizations,913,862,51,321,314,7,592,548,44,176,164,12,25,24,1,151,140,11
15,000,STATE - MIZORAM,94,949,9499,Activities of other membership organizations n.e.c.,114,83,31,24,22,2,90,61,29,4,2,2,1,1,0,3,1,2
15,000,STATE - MIZORAM,95,951,9511,Repair of computers and peripheral equipment,54,49,5,4,4,0,50,45,5,6,4,2,0,0,0,6,4,2
15,000,STATE - MIZORAM,95,951,9512,Repair of communication equipment,86,82,4,9,9,0,77,73,4,24,24,0,0,0,0,24,24,0
15,000,STATE - MIZORAM,95,952,9521,Repair of consumer electronics,110,77,33,21,14,7,89,63,26,19,9,10,9,3,6,10,6,4
15,000,STATE - MIZORAM,95,952,9522,Repair of household appliances and home and garden equipment,75,59,16,8,5,3,67,54,13,7,3,4,2,2,0,5,1,4
15,000,STATE - MIZORAM,95,952,9523,Repair of footwear and leather goods,67,62,5,9,8,1,58,54,4,7,7,0,0,0,0,7,7,0
15,000,STATE - MIZORAM,95,952,9529,"Repair of personal and household goods, n.e.c.",780,323,457,99,46,53,681,277,404,153,24,129,20,5,15,133,19,114
15,000,STATE - MIZORAM,96,960,9601,Washing and (dry-) cleaning of textile and fur products,45,23,22,0,0,0,45,23,22,25,5,20,0,0,0,25,5,20
15,000,STATE - MIZORAM,96,960,9602,Hairdressing and other beauty treatment,1131,312,819,73,34,39,1058,278,780,269,53,216,33,17,16,236,36,200
15,000,STATE - MIZORAM,96,960,9603,Funeral and related activities,1,1,0,1,1,0,0,0,0,2,2,0,0,0,0,2,2,0
15,000,STATE - MIZORAM,96,960,9609,Other personal service activities n.e.c.,1572,1301,271,310,266,44,1262,1035,227,191,132,59,37,18,19,154,114,40
15,000,STATE - MIZORAM,97,970,9700,Activities of households as employers of domestic personnel,1215,299,916,122,41,81,1093,258,835,533,124,409,113,16,97,420,108,312
15,000,STATE - MIZORAM,98,981,9810,Undifferentiated goods-producing activities of private households for own,10,7,3,2,1,1,8,6,2,3,2,1,2,1,1,1,1,0
15,000,STATE - MIZORAM,99,990,9900,Activities of extraterritorial organizations and bodies,2,0,2,0,0,0,2,0,2,0,0,0,0,0,0,0,0,0
13,000,STATE - NAGALAND,01,011,0111,"Growing of cereals (except rice), leguminous crops and oil seeds",13,8,5,12,8,4,1,0,1,13,9,4,9,6,3,4,3,1
13,000,STATE - NAGALAND,01,011,0112,Growing of rice,769,390,379,381,171,210,388,219,169,435,190,245,264,125,139,171,65,106
13,000,STATE - NAGALAND,01,011,0113,"Growing of vegetables and melons, roots and tubers",237,104,133,158,68,90,79,36,43,403,80,323,282,66,216,121,14,107
13,000,STATE - NAGALAND,01,011,0114,Growing of sugar cane,6,5,1,4,4,0,2,1,1,2,2,0,2,2,0,0,0,0
13,000,STATE - NAGALAND,01,011,0116,Growing of fibre crops,2,2,0,2,2,0,0,0,0,0,0,0,0,0,0,0,0,0
13,000,STATE - NAGALAND,01,011,0119,Growing of other non-perennial crop,38,12,26,22,9,13,16,3,13,68,12,56,55,11,44,13,1,12
13,000,STATE - NAGALAND,01,012,0122,Growing of tropical and subtropical fruits,103,66,37,92,58,34,11,8,3,28,11,17,17,8,9,11,3,8
13,000,STATE - NAGALAND,01,012,0123,Growing of citrus fruits,93,80,13,89,76,13,4,4,0,53,22,31,48,20,28,5,2,3
13,000,STATE - NAGALAND,01,012,0124,Growing of pome fruits and stone fruits,40,33,7,40,33,7,0,0,0,10,3,7,10,3,7,0,0,0
13,000,STATE - NAGALAND,01,012,0125,Growing of other tree and bush fruits and nuts,73,55,18,69,52,17,4,3,1,55,21,34,43,20,23,12,1,11
13,000,STATE - NAGALAND,01,012,0126,Growing of oleaginous fruits,32,20,12,16,12,4,16,8,8,0,0,0,0,0,0,0,0,0
13,000,STATE - NAGALAND,01,012,0127,Growing of beverage crops,833,670,163,728,596,132,105,74,31,245,151,94,226,139,87,19,12,7
13,000,STATE - NAGALAND,01,012,0128,"Growing of spices, aromatic, drug and pharmaceutical crops",27,20,7,22,17,5,5,3,2,12,6,6,10,6,4,2,0,2
13,000,STATE - NAGALAND,01,012,0129,Growing of other perennial crops,490,350,140,410,294,116,80,56,24,174,132,42,166,130,36,8,2,6
13,000,STATE - NAGALAND,01,013,0130,Plant propagation,82,56,26,58,42,16,24,14,10,72,30,42,61,26,35,11,4,7
13,000,STATE - NAGALAND,01,014,0141,Raising of cattle and buffaloes,652,380,272,540,325,215,112,55,57,660,312,348,554,267,287,106,45,61
13,000,STATE - NAGALAND,01,014,0142,Raising of horses and other equines,13,11,2,10,10,0,3,1,2,9,4,5,5,4,1,4,0,4
13,000,STATE - NAGALAND,01,014,0144,Raising of sheep and goats,64,33,31,56,26,30,8,7,1,41,18,23,38,17,21,3,1,2
13,000,STATE - NAGALAND,01,014,0145,Raising of swine/pigs,2718,478,2240,1769,356,1413,949,122,827,2622,705,1917,1753,545,1208,869,160,709
13,000,STATE - NAGALAND,01,014,0146,Raising of poultry,756,246,510,430,161,269,326,85,241,1061,318,743,622,241,381,439,77,362
13,000,STATE - NAGALAND,01,014,0149,Raising of other animals,819,451,368,525,351,174,294,100,194,769,401,368,655,384,271,114,17,97
13,000,STATE - NAGALAND,01,015,0150,Mixed farming,78,42,36,39,22,17,39,20,19,104,62,42,89,57,32,15,5,10
13,000,STATE - NAGALAND,01,016,0161,Support activities for crop production,952,766,186,384,330,54,568,436,132,92,49,43,52,28,24,40,21,19
13,000,STATE - NAGALAND,01,016,0162,Support activities for animal production,21,8,13,16,4,12,5,4,1,0,0,0,0,0,0,0,0,0
13,000,STATE - NAGALAND,01,016,0163,Post-harvest crop activities,335,267,68,141,124,17,194,143,51,11,8,3,10,7,3,1,1,0
13,000,STATE - NAGALAND,01,017,0170,"Hunting, trapping and related service activities",4,4,0,4,4,0,0,0,0,21,19,2,20,18,2,1,1,0
13,000,STATE - NAGALAND,02,021,0210,Silviculture and other forestry activities,258,187,71,112,92,20,146,95,51,30,11,19,20,9,11,10,2,8
13,000,STATE - NAGALAND,02,022,0220,Logging,1113,1072,41,888,857,31,225,215,10,1552,1271,281,1405,1155,250,147,116,31
13,000,STATE - NAGALAND,02,023,0230,Gathering of non-wood forest products,14,8,6,9,5,4,5,3,2,22,11,11,20,10,10,2,1,1
13,000,STATE - NAGALAND,02,024,0240,Support services to forestry,1580,1346,234,616,554,62,964,792,172,76,61,15,53,45,8,23,16,7
13,000,STATE - NAGALAND,03,031,0311,Marine fishing,84,77,7,56,53,3,28,24,4,31,31,0,31,31,0,0,0,0
13,000,STATE - NAGALAND,03,031,0312,Freash water fishing,248,238,10,229,223,6,19,15,4,95,94,1,91,91,0,4,3,1
13,000,STATE - NAGALAND,03,032,0321,Marine aquaculture,3,1,2,2,0,2,1,1,0,0,0,0,0,0,0,0,0,0
13,000,STATE - NAGALAND,03,032,0322,Freshwater aquaculture,105,83,22,30,30,0,75,53,22,8,6,2,5,3,2,3,3,0
13,000,STATE - NAGALAND,05,051,0510,Mining of hard coal,240,227,13,63,57,6,177,170,7,188,178,10,84,83,1,104,95,9
13,000,STATE - NAGALAND,06,061,0610,Extraction of crude petroleum,40,38,2,20,20,0,20,18,2,2,2,0,2,2,0,0,0,0
13,000,STATE - NAGALAND,06,062,0620,Extraction of natural gas,8,6,2,0,0,0,8,6,2,0,0,0,0,0,0,0,0,0
13,000,STATE - NAGALAND,08,081,0810,"Quarrying of stone, sand and clay",468,454,14,362,359,3,106,95,11,275,230,45,126,121,5,149,109,40
13,000,STATE - NAGALAND,08,089,0891,Mining of chemical and fertilizer minerals,1,1,0,1,1,0,0,0,0,0,0,0,0,0,0,0,0,0
13,000,STATE - NAGALAND,08,089,0892,Extraction and agglomeration of peat,32,31,1,17,17,0,15,14,1,21,17,4,7,7,0,14,10,4
13,000,STATE - NAGALAND,08,089,0899,Other mining and quarrying n.e.c.,248,244,4,184,182,2,64,62,2,126,104,22,63,59,4,63,45,18
13,000,STATE - NAGALAND,09,091,0910,Support activities for petroleum and natural gas mining,16,10,6,4,4,0,12,6,6,0,0,0,0,0,0,0,0,0
13,000,STATE - NAGALAND,09,099,0990,Support activities for other mining and quarrying,34,32,2,10,10,0,24,22,2,2,2,0,0,0,0,2,2,0
13,000,STATE - NAGALAND,10,101,1010,Processing and preserving of meat,330,98,232,236,75,161,94,23,71,721,175,546,477,143,334,244,32,212
13,000,STATE - NAGALAND,10,102,1020,"Processing and preserving of fish, crustaceans and molluscs and",1,1,0,0,0,0,1,1,0,8,8,0,8,8,0,0,0,0
13,000,STATE - NAGALAND,10,103,1030,Processing and preserving of fruit and vegetables,111,47,64,70,30,40,41,17,24,316,75,241,231,56,175,85,19,66
13,000,STATE - NAGALAND,10,104,1040,Manufacture of vegetable and animal oils and fats,2,2,0,2,2,0,0,0,0,0,0,0,0,0,0,0,0,0
13,000,STATE - NAGALAND,10,105,1050,Manufacture of dairy products,157,57,100,129,43,86,28,14,14,458,214,244,366,188,178,92,26,66
13,000,STATE - NAGALAND,10,106,1061,Manufacture of grain mill products,395,244,151,340,209,131,55,35,20,220,98,122,169,77,92,51,21,30
13,000,STATE - NAGALAND,10,106,1062,Manufacture of starches and starch products,2,2,0,2,2,0,0,0,0,1,1,0,1,1,0,0,0,0
13,000,STATE - NAGALAND,10,107,1071,Manufacture of bakery products,118,74,44,68,46,22,50,28,22,80,6,74,26,2,24,54,4,50
13,000,STATE - NAGALAND,10,107,1072,Manufacture of sugar,4,2,2,2,0,2,2,2,0,0,0,0,0,0,0,0,0,0
13,000,STATE - NAGALAND,10,107,1073,"Manufacture of cocoa, chocolate and sugar confectionery",4,4,0,2,2,0,2,2,0,8,2,6,6,2,4,2,0,2
13,000,STATE - NAGALAND,10,107,1074,"Manufacture of macaroni, noodles, couscous and similar farinaceous",6,2,4,4,2,2,2,0,2,3,1,2,2,0,2,1,1,0
13,000,STATE - NAGALAND,10,107,1075,Manufacture of prepared meals and dishes,263,103,160,162,60,102,101,43,58,580,187,393,477,159,318,103,28,75
13,000,STATE - NAGALAND,10,107,1079,Manufacture of other food products n.e.c.,84,37,47,53,22,31,31,15,16,73,27,46,40,12,28,33,15,18
13,000,STATE - NAGALAND,10,108,1080,Manufacture of prepared animal feeds,0,0,0,0,0,0,0,0,0,2,2,0,0,0,0,2,2,0
13,000,STATE - NAGALAND,11,110,1101,"Distilling, rectifying and blending of spirits; ethyl alcohol production",4,0,4,0,0,0,4,0,4,2,0,2,0,0,0,2,0,2
13,000,STATE - NAGALAND,11,110,1103,Manufacture of malt liquors and malt,0,0,0,0,0,0,0,0,0,4,0,4,4,0,4,0,0,0
13,000,STATE - NAGALAND,11,110,1104,Manufacture of soft drinks; production of mineral waters and other,12,2,10,4,2,2,8,0,8,8,0,8,5,0,5,3,0,3
13,000,STATE - NAGALAND,12,120,1200,Manufacture of tobacco products,31,17,14,17,11,6,14,6,8,23,6,17,16,5,11,7,1,6
13,000,STATE - NAGALAND,13,131,1311,Preparation and spinning of textile fibres,330,189,141,225,144,81,105,45,60,349,148,201,233,98,135,116,50,66
13,000,STATE - NAGALAND,13,131,1312,Weaving of textiles,3158,85,3073,2301,54,2247,857,31,826,4594,106,4488,3358,85,3273,1236,21,1215
13,000,STATE - NAGALAND,13,131,1313,Finishing of textiles,678,18,660,531,9,522,147,9,138,861,17,844,598,12,586,263,5,258
13,000,STATE - NAGALAND,13,139,1391,Manufacture of knitted and crocheted fabrics,104,6,98,84,5,79,20,1,19,433,6,427,308,3,305,125,3,122
13,000,STATE - NAGALAND,13,139,1392,"Manufacture of made-up textile articles, except apparel",6,6,0,6,6,0,0,0,0,12,3,9,7,2,5,5,1,4
13,000,STATE - NAGALAND,13,139,1393,Manufacture of carpets and rugs,7,2,5,6,2,4,1,0,1,54,30,24,48,30,18,6,0,6
13,000,STATE - NAGALAND,13,139,1394,"Manufacture of cordage, rope, twine and netting",10,6,4,9,5,4,1,1,0,129,112,17,123,107,16,6,5,1
13,000,STATE - NAGALAND,13,139,1399,Manufacture of other textiles n.e.c.,31,0,31,28,0,28,3,0,3,144,10,134,116,10,106,28,0,28
13,000,STATE - NAGALAND,14,141,1410,"Manufacture of wearing apparel, except fur apparel",450,69,381,273,33,240,177,36,141,576,19,557,361,14,347,215,5,210
13,000,STATE - NAGALAND,14,142,1420,Manufacture of articles of fur,9,3,6,5,3,2,4,0,4,6,0,6,6,0,6,0,0,0
13,000,STATE - NAGALAND,14,143,1430,Manufacture of knitted and crocheted apparel,44,2,42,36,2,34,8,0,8,146,4,142,103,4,99,43,0,43
13,000,STATE - NAGALAND,15,151,1511,Tanning and dressing of leather; dressing and dyeing of fur,2,0,2,2,0,2,0,0,0,0,0,0,0,0,0,0,0,0
13,000,STATE - NAGALAND,15,151,1512,"Manufacture of luggage, handbags and the like, saddlery and harness",6,4,2,2,2,0,4,2,2,2,0,2,2,0,2,0,0,0
13,000,STATE - NAGALAND,15,152,1520,Manufacture of footwear,98,28,70,60,13,47,38,15,23,163,18,145,105,10,95,58,8,50
13,000,STATE - NAGALAND,16,161,1610,Saw milling and planing of wood,445,423,22,311,296,15,134,127,7,139,123,16,103,95,8,36,28,8
13,000,STATE - NAGALAND,16,162,1621,"Manufacture of veneer sheets; manufacture of plywood, laminboard,",158,126,32,127,95,32,31,31,0,62,45,17,37,26,11,25,19,6
13,000,STATE - NAGALAND,16,162,1622,Manufacture of builders carpentry and joinery,15,15,0,10,10,0,5,5,0,5,5,0,5,5,0,0,0,0
13,000,STATE - NAGALAND,16,162,1623,Manufacture of wooden containers,635,526,109,571,473,98,64,53,11,933,711,222,826,623,203,107,88,19
13,000,STATE - NAGALAND,16,162,1629,"Manufacture of other products of wood; manufacture of articles of cork,",929,761,168,708,569,139,221,192,29,1314,821,493,1158,699,459,156,122,34
13,000,STATE - NAGALAND,17,170,1701,"Manufacture of pulp, paper and paperboard",47,38,9,5,2,3,42,36,6,20,6,14,16,5,11,4,1,3
13,000,STATE - NAGALAND,17,170,1702,Manufacture of corrugated paper and paperboard and containers of,4,4,0,0,0,0,4,4,0,12,2,10,9,1,8,3,1,2
13,000,STATE - NAGALAND,17,170,1709,Manufacture of other articles of paper and paperboard,92,58,34,30,12,18,62,46,16,147,25,122,140,25,115,7,0,7
13,000,STATE - NAGALAND,18,181,1811,Printing,102,74,28,28,23,5,74,51,23,9,7,2,7,6,1,2,1,1
13,000,STATE - NAGALAND,18,181,1812,Service activities related to printing,127,78,49,35,25,10,92,53,39,15,12,3,6,4,2,9,8,1
13,000,STATE - NAGALAND,19,191,1910,Manufacture of coke oven products,8,8,0,7,7,0,1,1,0,2,0,2,0,0,0,2,0,2
13,000,STATE - NAGALAND,19,192,1920,Manufacture of refined petroleum products,10,10,0,2,2,0,8,8,0,9,4,5,4,2,2,5,2,3
13,000,STATE - NAGALAND,20,202,2022,"Manufacture of paints, varnishes and similar coatings, printing ink and",16,9,7,14,9,5,2,0,2,30,13,17,22,9,13,8,4,4
13,000,STATE - NAGALAND,20,202,2023,"Manufacture of soap and detergents, cleaning and polishing preparations,",22,14,8,12,8,4,10,6,4,22,0,22,16,0,16,6,0,6
13,000,STATE - NAGALAND,20,202,2029,Manufacture of other chemical products n.e.c.,2,0,2,0,0,0,2,0,2,0,0,0,0,0,0,0,0,0
13,000,STATE - NAGALAND,21,210,2100,"Manufacture of pharmaceuticals, medicinal chemical and botanical",3,3,0,1,1,0,2,2,0,2,0,2,0,0,0,2,0,2
13,000,STATE - NAGALAND,22,221,2211,Manufacture of rubber tyres and tubes; retreading and rebuilding of,37,37,0,12,12,0,25,25,0,7,7,0,4,4,0,3,3,0
13,000,STATE - NAGALAND,22,221,2219,Manufacture of other rubber products,7,7,0,4,4,0,3,3,0,4,2,2,2,2,0,2,0,2
13,000,STATE - NAGALAND,22,222,2220,Manufacture of plastics products,33,16,17,27,12,15,6,4,2,31,14,17,26,13,13,5,1,4
13,000,STATE - NAGALAND,23,231,2310,Manufacture of glass and glass products,0,0,0,0,0,0,0,0,0,1,0,1,0,0,0,1,0,1
13,000,STATE - NAGALAND,23,239,2391,Manufacture of refractory products,33,26,7,15,11,4,18,15,3,13,8,5,5,5,0,8,3,5
13,000,STATE - NAGALAND,23,239,2392,Manufacture of clay building materials,124,86,38,109,71,38,15,15,0,10,4,6,10,4,6,0,0,0
13,000,STATE - NAGALAND,23,239,2393,Manufacture of other porcelain and ceramic products,32,14,18,27,12,15,5,2,3,42,14,28,37,13,24,5,1,4
13,000,STATE - NAGALAND,23,239,2394,"Manufacture of cement, lime and plaster",21,21,0,18,18,0,3,3,0,2,2,0,0,0,0,2,2,0
13,000,STATE - NAGALAND,23,239,2395,"Manufacture of articles of concrete, cement and plaster",30,26,4,30,26,4,0,0,0,2,0,2,2,0,2,0,0,0
13,000,STATE - NAGALAND,23,239,2396,"Cutting, shaping and finishing of stone",4,4,0,4,4,0,0,0,0,4,4,0,4,4,0,0,0,0
13,000,STATE - NAGALAND,23,239,2399,Manufacture of other non-metallic mineral products n.e.c.,3,2,1,3,2,1,0,0,0,0,0,0,0,0,0,0,0,0
13,000,STATE - NAGALAND,24,241,2410,Manufacture of basic iron and steel,53,51,2,27,27,0,26,24,2,9,8,1,8,8,0,1,0,1
13,000,STATE - NAGALAND,24,242,2420,Manufacture of basic precious and other non-ferrous metals,6,6,0,2,2,0,4,4,0,1,1,0,1,1,0,0,0,0
13,000,STATE - NAGALAND,24,243,2431,Casting of iron and steel,6,4,2,2,0,2,4,4,0,4,2,2,4,2,2,0,0,0
13,000,STATE - NAGALAND,24,243,2432,Casting of non-ferrous metals,0,0,0,0,0,0,0,0,0,3,2,1,3,2,1,0,0,0
13,000,STATE - NAGALAND,25,251,2511,Manufacture of structural metal products,28,28,0,18,18,0,10,10,0,7,7,0,5,5,0,2,2,0
13,000,STATE - NAGALAND,25,259,2592,Machining; treatment and coating of metals,4,4,0,2,2,0,2,2,0,0,0,0,0,0,0,0,0,0
13,000,STATE - NAGALAND,25,259,2593,"Manufacture of cutlery, hand tools and general hardware",206,204,2,148,148,0,58,56,2,53,52,1,41,41,0,12,11,1
13,000,STATE - NAGALAND,25,259,2599,Manufacture of other fabricated metal products n.e.c.,36,36,0,18,18,0,18,18,0,4,0,4,4,0,4,0,0,0
13,000,STATE - NAGALAND,26,263,2630,Manufacture of communication equipment,3,3,0,3,3,0,0,0,0,4,4,0,2,2,0,2,2,0
13,000,STATE - NAGALAND,26,264,2640,Manufacture of consumer electronics,4,4,0,2,2,0,2,2,0,0,0,0,0,0,0,0,0,0
13,000,STATE - NAGALAND,27,271,2710,"Manufacture of electric motors, generators, transformers and electricity",2,2,0,0,0,0,2,2,0,0,0,0,0,0,0,0,0,0
13,000,STATE - NAGALAND,27,275,2750,Manufacture of domestic appliances,4,4,0,2,2,0,2,2,0,0,0,0,0,0,0,0,0,0
13,000,STATE - NAGALAND,28,281,2811,"Manufacture of engines and turbines, except aircraft, vehicle and cycle",2,2,0,0,0,0,2,2,0,0,0,0,0,0,0,0,0,0
13,000,STATE - NAGALAND,28,281,2817,Manufacture of office machinery and equipment,2,2,0,0,0,0,2,2,0,0,0,0,0,0,0,0,0,0
13,000,STATE - NAGALAND,28,281,2819,Manufacture of other general-purpose machinery,4,4,0,4,4,0,0,0,0,2,2,0,2,2,0,0,0,0
13,000,STATE - NAGALAND,28,282,2821,Manufacture of agricultural and forestry machinery,1,1,0,1,1,0,0,0,0,2,0,2,2,0,2,0,0,0
13,000,STATE - NAGALAND,28,282,2822,Manufacture of metal-forming machinery and machine tools,1,1,0,0,0,0,1,1,0,1,1,0,0,0,0,1,1,0
13,000,STATE - NAGALAND,28,282,2825,"Manufacture of machinery for food, beverage and tobacco processing",0,0,0,0,0,0,0,0,0,3,1,2,2,0,2,1,1,0
13,000,STATE - NAGALAND,28,282,2826,"Manufacture of machinery for textile, apparel and leather production",45,5,40,38,2,36,7,3,4,43,1,42,34,0,34,9,1,8
13,000,STATE - NAGALAND,28,282,2829,Manufacture of other special-purpose machinery,2,2,0,0,0,0,2,2,0,0,0,0,0,0,0,0,0,0
13,000,STATE - NAGALAND,29,291,2910,Manufacture of motor vehicles,2,2,0,2,2,0,0,0,0,0,0,0,0,0,0,0,0,0
13,000,STATE - NAGALAND,30,301,3011,Building of ships and floating structures,0,0,0,0,0,0,0,0,0,2,2,0,2,2,0,0,0,0
13,000,STATE - NAGALAND,30,309,3099,Manufacture of other transport equipment n.e.c.,72,70,2,48,46,2,24,24,0,55,53,2,37,35,2,18,18,0
13,000,STATE - NAGALAND,31,310,3100,Manufacture of furniture,2662,2611,51,1815,1783,32,847,828,19,1220,1165,55,895,856,39,325,309,16
13,000,STATE - NAGALAND,32,321,3211,Manufacture of jewellery and related articles,13,6,7,6,4,2,7,2,5,11,9,2,7,7,0,4,2,2
13,000,STATE - NAGALAND,32,322,3220,Manufacture of musical instruments,0,0,0,0,0,0,0,0,0,1,0,1,0,0,0,1,0,1
13,000,STATE - NAGALAND,32,324,3240,Manufacture of games and toys,19,2,17,10,0,10,9,2,7,77,7,70,73,7,66,4,0,4
13,000,STATE - NAGALAND,32,329,3290,Other manufacturing n.e.c.,161,125,36,99,72,27,62,53,9,106,45,61,82,38,44,24,7,17
13,000,STATE - NAGALAND,33,331,3311,Repair of fabricated metal products,10,8,2,10,8,2,0,0,0,13,10,3,9,7,2,4,3,1
13,000,STATE - NAGALAND,33,331,3312,Repair of machinery,4,4,0,4,4,0,0,0,0,2,2,0,2,2,0,0,0,0
13,000,STATE - NAGALAND,33,331,3313,Repair of electronic and optical equipment,30,28,2,12,10,2,18,18,0,5,5,0,1,1,0,4,4,0
13,000,STATE - NAGALAND,33,331,3314,Repair of electrical equipment,53,49,4,38,34,4,15,15,0,21,19,2,17,17,0,4,2,2
13,000,STATE - NAGALAND,33,331,3315,"Repair of transport equipment, except motor vehicles",8,8,0,6,6,0,2,2,0,4,4,0,2,2,0,2,2,0
13,000,STATE - NAGALAND,33,331,3319,Repair of other equipment,6,6,0,2,2,0,4,4,0,0,0,0,0,0,0,0,0,0
13,000,STATE - NAGALAND,33,332,3320,Installation of industrial machinery and equipment,6,4,2,2,2,0,4,2,2,0,0,0,0,0,0,0,0,0
13,000,STATE - NAGALAND,35,351,3510,"Electric power generation, transmission and distribution",3453,2952,501,1724,1574,150,1729,1378,351,79,72,7,52,45,7,27,27,0
13,000,STATE - NAGALAND,35,352,3520,Manufacture of gas; distribution of gaseous fuels through mains,12,8,4,5,4,1,7,4,3,2,2,0,2,2,0,0,0,0
13,000,STATE - NAGALAND,35,353,3530,Steam and air conditioning supply,13,8,5,8,3,5,5,5,0,0,0,0,0,0,0,0,0,0
13,000,STATE - NAGALAND,36,360,3600,"Water collection, treatment and supply",2573,2048,525,1395,1269,126,1178,779,399,104,70,34,79,55,24,25,15,10
13,000,STATE - NAGALAND,37,370,3700,Sewerage,12,10,2,4,2,2,8,8,0,0,0,0,0,0,0,0,0,0
13,000,STATE - NAGALAND,38,381,3811,Collection of non-hazardous waste,18,16,2,18,16,2,0,0,0,54,34,20,23,16,7,31,18,13
13,000,STATE - NAGALAND,38,381,3812,Collection of hazardous waste,31,22,9,15,13,2,16,9,7,20,17,3,18,15,3,2,2,0
13,000,STATE - NAGALAND,38,382,3821,Treatment and disposal of non-hazardous waste,2,2,0,2,2,0,0,0,0,0,0,0,0,0,0,0,0,0
13,000,STATE - NAGALAND,38,382,3822,Treatment and disposal of hazardous waste,3,3,0,1,1,0,2,2,0,0,0,0,0,0,0,0,0,0
13,000,STATE - NAGALAND,39,390,3900,Remediation activities and other waste management services,15,13,2,8,6,2,7,7,0,6,3,3,0,0,0,6,3,3
13,000,STATE - NAGALAND,41,410,4100,Construction of buildings,3668,3401,267,1928,1816,112,1740,1585,155,1078,1014,64,596,549,47,482,465,17
13,000,STATE - NAGALAND,42,421,4210,Construction roads and railways,8105,6406,1699,4160,3560,600,3945,2846,1099,1136,828,308,1021,734,287,115,94,21
13,000,STATE - NAGALAND,42,422,4220,Construction of utility projects,111,86,25,35,31,4,76,55,21,5,4,1,3,2,1,2,2,0
13,000,STATE - NAGALAND,42,429,4290,Construction of other civil engineering projects,323,299,24,156,147,9,167,152,15,102,84,18,57,46,11,45,38,7
13,000,STATE - NAGALAND,43,431,4312,Site preparation,76,74,2,32,32,0,44,42,2,42,36,6,21,19,2,21,17,4
13,000,STATE - NAGALAND,43,432,4321,Electrical installation,71,71,0,35,35,0,36,36,0,13,13,0,11,11,0,2,2,0
13,000,STATE - NAGALAND,43,432,4322,"Plumbing, heat and air-conditioning installation",62,60,2,39,39,0,23,21,2,2,2,0,2,2,0,0,0,0
13,000,STATE - NAGALAND,43,432,4329,Other construction installation,228,209,19,117,108,9,111,101,10,194,149,45,117,83,34,77,66,11
13,000,STATE - NAGALAND,43,433,4330,Building completion and finishing,410,384,26,253,245,8,157,139,18,115,110,5,72,71,1,43,39,4
13,000,STATE - NAGALAND,43,439,4390,Other specialized construction activities,30,30,0,19,19,0,11,11,0,3,3,0,2,2,0,1,1,0
13,000,STATE - NAGALAND,45,451,4510,Sale of motor vehicles,63,57,6,22,20,2,41,37,4,10,6,4,6,4,2,4,2,2
13,000,STATE - NAGALAND,45,452,4520,Maintenance and repair of motor vehicles,744,725,19,251,251,0,493,474,19,128,120,8,67,64,3,61,56,5
13,000,STATE - NAGALAND,45,453,4530,Sale of motor vehicle parts and accessories,136,131,5,38,36,2,98,95,3,19,18,1,10,9,1,9,9,0
13,000,STATE - NAGALAND,45,454,4540,"Sale, maintenance and repair of motorcycles and related parts and",90,89,1,46,46,0,44,43,1,28,27,1,13,13,0,15,14,1
13,000,STATE - NAGALAND,46,461,4610,Wholesale on a fee or contract basis,37,33,4,16,16,0,21,17,4,14,7,7,3,2,1,11,5,6
13,000,STATE - NAGALAND,46,462,4620,Wholesale of agricultural raw materials and live animals,103,93,10,59,59,0,44,34,10,52,32,20,44,30,14,8,2,6
13,000,STATE - NAGALAND,46,463,4630,"Wholesale of food, beverages and tobacco",106,85,21,53,39,14,53,46,7,34,17,17,29,16,13,5,1,4
13,000,STATE - NAGALAND,46,464,4641,"Wholesale of textiles, clothing and footwear",40,21,19,16,10,6,24,11,13,14,8,6,2,0,2,12,8,4
13,000,STATE - NAGALAND,46,464,4649,Wholesale of other household goods,87,65,22,27,21,6,60,44,16,12,6,6,6,4,2,6,2,4
13,000,STATE - NAGALAND,46,465,4652,Wholesale of electronic and telecommunications equipment and parts,4,2,2,0,0,0,4,2,2,2,2,0,2,2,0,0,0,0
13,000,STATE - NAGALAND,46,465,4659,Wholesale of other machinery and equipment,53,52,1,29,28,1,24,24,0,7,5,2,4,2,2,3,3,0
13,000,STATE - NAGALAND,46,466,4661,"Wholesale of solid, liquid and gaseous fuels and related products",153,148,5,106,104,2,47,44,3,26,26,0,18,18,0,8,8,0
13,000,STATE - NAGALAND,46,466,4663,"Wholesale of construction materials, hardware, plumbing and heating",209,200,9,105,104,1,104,96,8,31,31,0,21,21,0,10,10,0
13,000,STATE - NAGALAND,46,466,4669,Wholesale of waste and scrap and other products n.e.c.,20,13,7,11,9,2,9,4,5,8,5,3,8,5,3,0,0,0
13,000,STATE - NAGALAND,46,469,4690,Non-specialized wholesale trade,127,102,25,57,46,11,70,56,14,13,4,9,5,2,3,8,2,6
13,000,STATE - NAGALAND,47,471,4711,"Retail sale in non-specialized stores with food, beverages or tobacco",3743,1991,1752,1946,1069,877,1797,922,875,912,359,553,556,228,328,356,131,225
13,000,STATE - NAGALAND,47,471,4719,Other retail sale in non-specialized stores,3898,2222,1676,2143,1208,935,1755,1014,741,1117,459,658,782,331,451,335,128,207
13,000,STATE - NAGALAND,47,472,4721,Retail sale of food in specialized stores,3528,1704,1824,1861,864,997,1667,840,827,2457,789,1668,1912,644,1268,545,145,400
13,000,STATE - NAGALAND,47,472,4722,Retail sale of beverages in specialized stores,169,46,123,49,13,36,120,33,87,43,27,16,32,20,12,11,7,4
13,000,STATE - NAGALAND,47,472,4723,Retail sale of tobacco products in specialized stores,775,342,433,339,168,171,436,174,262,172,66,106,81,31,50,91,35,56
13,000,STATE - NAGALAND,47,473,4730,Retail sale of automotive fuel in specialized stores,76,66,10,45,37,8,31,29,2,9,7,2,5,5,0,4,2,2
13,000,STATE - NAGALAND,47,474,4741,"Retail sale of computers, peripheral units, software and",225,169,56,70,52,18,155,117,38,64,39,25,24,11,13,40,28,12
13,000,STATE - NAGALAND,47,474,4742,Retail sale of audio and video equipment in specialized stores,25,19,6,8,8,0,17,11,6,2,2,0,0,0,0,2,2,0
13,000,STATE - NAGALAND,47,475,4751,Retail sale of textiles in specialized stores,8,4,4,4,2,2,4,2,2,2,0,2,0,0,0,2,0,2
13,000,STATE - NAGALAND,47,475,4752,"Retail sale of hardware, paints and glass in specialized stores",744,669,75,346,320,26,398,349,49,273,197,76,203,152,51,70,45,25
13,000,STATE - NAGALAND,47,475,4753,"Retail sale of carpets, rugs, wall and floor coverings in specialized",4,2,2,0,0,0,4,2,2,0,0,0,0,0,0,0,0,0
13,000,STATE - NAGALAND,47,475,4759,"Retail sale of electrical household appliances, furniture, lighting",304,243,61,108,88,20,196,155,41,231,127,104,192,109,83,39,18,21
13,000,STATE - NAGALAND,47,476,4761,"Retail sale of books, newspapers and stationary in specialized stores",286,179,107,119,75,44,167,104,63,104,52,52,63,35,28,41,17,24
13,000,STATE - NAGALAND,47,476,4762,Retail sale of music and video recordings in specialized stores,11,11,0,0,0,0,11,11,0,3,3,0,0,0,0,3,3,0
13,000,STATE - NAGALAND,47,476,4763,Retail sale of sporting equipment in specialized stores,8,5,3,2,2,0,6,3,3,1,1,0,0,0,0,1,1,0
13,000,STATE - NAGALAND,47,476,4764,Retail sale of games and toys in specialized stores,13,9,4,5,5,0,8,4,4,5,3,2,4,2,2,1,1,0
13,000,STATE - NAGALAND,47,477,4771,"Retail sale of clothing, footwear and leather articles in specialized",2254,669,1585,800,258,542,1454,411,1043,757,139,618,370,69,301,387,70,317
13,000,STATE - NAGALAND,47,477,4772,"Retail sale of pharmaceutical and medical goods, cosmetic and toilet",683,372,311,265,145,120,418,227,191,208,61,147,112,36,76,96,25,71
13,000,STATE - NAGALAND,47,477,4773,Other retail sale of new goods in specialized stores,483,341,142,259,196,63,224,145,79,330,200,130,234,151,83,96,49,47
13,000,STATE - NAGALAND,47,477,4774,Retail sale of second-hand goods,163,33,130,48,16,32,115,17,98,154,14,140,91,11,80,63,3,60
13,000,STATE - NAGALAND,47,478,4781,"Retail sale via stalls and markets of food, beverages and tobacco",10,4,6,6,4,2,4,0,4,0,0,0,0,0,0,0,0,0
13,000,STATE - NAGALAND,47,478,4782,"Retail sale via stalls and markets of textiles, clothing and footwear",48,10,38,14,3,11,34,7,27,28,6,22,15,2,13,13,4,9
13,000,STATE - NAGALAND,47,478,4789,Retail sale via stalls and markets of other goods,349,157,192,176,81,95,173,76,97,124,48,76,97,42,55,27,6,21
13,000,STATE - NAGALAND,47,479,4791,Retail sale via mail order houses or via Internet,10,10,0,2,2,0,8,8,0,2,0,2,0,0,0,2,0,2
13,000,STATE - NAGALAND,47,479,4799,"Other retail sale not in stores, stalls or markets",69,29,40,30,14,16,39,15,24,29,8,21,18,6,12,11,2,9
13,000,STATE - NAGALAND,49,491,4911,Passenger rail transport,38,32,6,14,12,2,24,20,4,3,3,0,0,0,0,3,3,0
13,000,STATE - NAGALAND,49,491,4912,Freight rail transport,8,6,2,6,4,2,2,2,0,0,0,0,0,0,0,0,0,0
13,000,STATE - NAGALAND,49,492,4921,Urban or suburban passenger land transport,1537,1506,31,915,904,11,622,602,20,200,198,2,129,127,2,71,71,0
13,000,STATE - NAGALAND,49,492,4922,Other passenger land transport,5210,5133,77,2916,2889,27,2294,2244,50,614,609,5,392,390,2,222,219,3
13,000,STATE - NAGALAND,49,492,4923,Freight transport by road,1557,1540,17,891,878,13,666,662,4,191,187,4,130,127,3,61,60,1
13,000,STATE - NAGALAND,49,493,4930,Transport via pipeline,2,2,0,2,2,0,0,0,0,0,0,0,0,0,0,0,0,0
13,000,STATE - NAGALAND,50,502,5021,Inland passenger water transport,3,3,0,0,0,0,3,3,0,2,2,0,2,2,0,0,0,0
13,000,STATE - NAGALAND,51,511,5110,Passenger air transport,27,23,4,10,8,2,17,15,2,5,4,1,3,2,1,2,2,0
13,000,STATE - NAGALAND,51,512,5120,Freight air transport,51,24,27,19,10,9,32,14,18,3,0,3,2,0,2,1,0,1
13,000,STATE - NAGALAND,52,521,5210,Warehousing and storage,31,27,4,15,13,2,16,14,2,2,2,0,0,0,0,2,2,0
13,000,STATE - NAGALAND,52,522,5221,Service activities incidental to land transportation,679,616,63,280,264,16,399,352,47,70,63,7,46,44,2,24,19,5
13,000,STATE - NAGALAND,52,522,5223,Service activities incidental to air transportation,3,3,0,0,0,0,3,3,0,0,0,0,0,0,0,0,0,0
13,000,STATE - NAGALAND,52,522,5224,Cargo handling,10,10,0,2,2,0,8,8,0,0,0,0,0,0,0,0,0,0
13,000,STATE - NAGALAND,52,522,5229,Other transportation support activities,64,55,9,28,25,3,36,30,6,3,3,0,2,2,0,1,1,0
13,000,STATE - NAGALAND,53,531,5310,Postal activities,613,477,136,427,352,75,186,125,61,12,10,2,9,7,2,3,3,0
13,000,STATE - NAGALAND,53,532,5320,Courier activities,13,13,0,8,8,0,5,5,0,0,0,0,0,0,0,0,0,0
13,000,STATE - NAGALAND,55,551,5510,Short term accommodation activities,1064,577,487,379,212,167,685,365,320,148,50,98,68,23,45,80,27,53
13,000,STATE - NAGALAND,55,559,5590,Other accommodation,422,144,278,200,62,138,222,82,140,55,13,42,17,2,15,38,11,27
13,000,STATE - NAGALAND,56,561,5610,Restaurants and mobile food service activities,155,72,83,39,18,21,116,54,62,23,10,13,14,8,6,9,2,7
13,000,STATE - NAGALAND,56,562,5621,Event catering,66,28,38,29,15,14,37,13,24,20,3,17,16,2,14,4,1,3
13,000,STATE - NAGALAND,56,562,5629,Other food service activities,22,7,15,11,4,7,11,3,8,4,0,4,4,0,4,0,0,0
13,000,STATE - NAGALAND,56,563,5630,Beverage serving activities,398,192,206,143,79,64,255,113,142,101,29,72,53,16,37,48,13,35
13,000,STATE - NAGALAND,58,581,5811,Book publishing,98,62,36,27,19,8,71,43,28,8,8,0,4,4,0,4,4,0
13,000,STATE - NAGALAND,58,581,5813,"Publishing of newspapers, journals and periodicals",68,43,25,14,10,4,54,33,21,7,4,3,2,0,2,5,4,1
13,000,STATE - NAGALAND,58,581,5819,Other publishing activities,24,16,8,10,6,4,14,10,4,0,0,0,0,0,0,0,0,0
13,000,STATE - NAGALAND,59,591,5911,"Motion picture, video and television programme production activities",14,8,6,0,0,0,14,8,6,0,0,0,0,0,0,0,0,0
13,000,STATE - NAGALAND,59,591,5912,"Motion picture, video and television programme post-production",1,1,0,0,0,0,1,1,0,0,0,0,0,0,0,0,0,0
13,000,STATE - NAGALAND,59,591,5913,"Motion picture, video and television programme distribution activities",8,6,2,5,3,2,3,3,0,6,6,0,0,0,0,6,6,0
13,000,STATE - NAGALAND,59,591,5914,Motion picture projection activities,1,1,0,0,0,0,1,1,0,0,0,0,0,0,0,0,0,0
13,000,STATE - NAGALAND,59,592,5920,Sound recording and music publishing activitiesT,4,4,0,0,0,0,4,4,0,0,0,0,0,0,0,0,0,0
13,000,STATE - NAGALAND,60,601,6010,Radio broadcasting,106,65,41,19,17,2,87,48,39,8,6,2,2,2,0,6,4,2
13,000,STATE - NAGALAND,60,602,6020,Television programming and broadcasting activities,108,79,29,46,40,6,62,39,23,4,0,4,4,0,4,0,0,0
13,000,STATE - NAGALAND,61,611,6110,Wired telecommunications activities,383,299,84,141,125,16,242,174,68,54,35,19,22,16,6,32,19,13
13,000,STATE - NAGALAND,61,612,6120,Wireless telecommunications activities,220,176,44,93,89,4,127,87,40,17,11,6,9,5,4,8,6,2
13,000,STATE - NAGALAND,61,613,6130,Satellite telecommunications activities,93,77,16,37,31,6,56,46,10,11,9,2,4,2,2,7,7,0
13,000,STATE - NAGALAND,61,619,6190,Other telecommunications activities,415,324,91,122,110,12,293,214,79,38,36,2,13,11,2,25,25,0
13,000,STATE - NAGALAND,62,620,6202,Computer consultancy and computer facilities management activities,52,39,13,20,18,2,32,21,11,6,2,4,0,0,0,6,2,4
13,000,STATE - NAGALAND,62,620,6209,Other information technology and computer service activities,18,10,8,6,4,2,12,6,6,0,0,0,0,0,0,0,0,0
13,000,STATE - NAGALAND,63,631,6311,"Data processing, hosting and related activities",34,21,13,12,8,4,22,13,9,12,10,2,7,5,2,5,5,0
13,000,STATE - NAGALAND,63,631,6312,Web portals,2,0,2,0,0,0,2,0,2,0,0,0,0,0,0,0,0,0
13,000,STATE - NAGALAND,63,639,6399,Other information service activities n.e.c.,281,204,77,84,67,17,197,137,60,13,9,4,5,3,2,8,6,2
13,000,STATE - NAGALAND,64,641,6411,Central banking,4,4,0,0,0,0,4,4,0,0,0,0,0,0,0,0,0,0
13,000,STATE - NAGALAND,64,641,6419,Other monetary intermediation,853,602,251,265,187,78,588,415,173,23,9,14,10,2,8,13,7,6
13,000,STATE - NAGALAND,64,642,6420,Activities of holding companies,8,4,4,4,2,2,4,2,2,0,0,0,0,0,0,0,0,0
13,000,STATE - NAGALAND,64,643,6430,"Trusts, funds and other financial vehicles",10,4,6,8,4,4,2,0,2,2,2,0,0,0,0,2,2,0
13,000,STATE - NAGALAND,64,649,6499,"Other financial service activities, except insurance and pension funding",8,2,6,6,0,6,2,2,0,4,0,4,4,0,4,0,0,0
13,000,STATE - NAGALAND,65,651,6511,Life insurance,219,138,81,101,75,26,118,63,55,26,13,13,10,7,3,16,6,10
13,000,STATE - NAGALAND,65,651,6512,Non-life insurance,46,29,17,13,6,7,33,23,10,0,0,0,0,0,0,0,0,0
13,000,STATE - NAGALAND,66,662,6622,Activities of insurance agents and brokers,16,14,2,8,8,0,8,6,2,0,0,0,0,0,0,0,0,0
13,000,STATE - NAGALAND,66,662,6629,Other activities auxiliary to insurance and pension funding,6,2,4,4,0,4,2,2,0,0,0,0,0,0,0,0,0,0
13,000,STATE - NAGALAND,66,663,6630,Fund management activities,10,4,6,2,0,2,8,4,4,0,0,0,0,0,0,0,0,0
13,000,STATE - NAGALAND,68,681,6810,Real estate activities with own or leased property,20,16,4,10,10,0,10,6,4,10,8,2,6,6,0,4,2,2
13,000,STATE - NAGALAND,68,682,6820,Real estate activities on a fee or contract basis,27,21,6,9,7,2,18,14,4,3,3,0,3,3,0,0,0,0
13,000,STATE - NAGALAND,69,691,6910,Legal activities,296,201,95,103,70,33,193,131,62,16,8,8,0,0,0,16,8,8
13,000,STATE - NAGALAND,69,692,6920,"Accounting, bookkeeping and auditing activities; tax consultancy",25,19,6,4,2,2,21,17,4,0,0,0,0,0,0,0,0,0
13,000,STATE - NAGALAND,70,702,7020,Management consultancy activities,1,1,0,0,0,0,1,1,0,0,0,0,0,0,0,0,0,0
13,000,STATE - NAGALAND,71,711,7110,Architectural and engineering activities and related technical,18,18,0,11,11,0,7,7,0,0,0,0,0,0,0,0,0,0
13,000,STATE - NAGALAND,72,721,7210,Research and experimental development on natural sciences and,4,4,0,3,3,0,1,1,0,0,0,0,0,0,0,0,0,0
13,000,STATE - NAGALAND,72,722,7220,Research and experimental development on social sciences and,3,1,2,0,0,0,3,1,2,0,0,0,0,0,0,0,0,0
13,000,STATE - NAGALAND,73,731,7310,Advertising,7,4,3,0,0,0,7,4,3,2,0,2,0,0,0,2,0,2
13,000,STATE - NAGALAND,73,732,7320,Market research and public opinion polling,4,2,2,0,0,0,4,2,2,2,2,0,0,0,0,2,2,0
13,000,STATE - NAGALAND,74,741,7410,Specialized design activities,40,16,24,10,4,6,30,12,18,15,1,14,5,0,5,10,1,9
13,000,STATE - NAGALAND,74,742,7420,Photographic activities,63,50,13,12,9,3,51,41,10,13,11,2,6,6,0,7,5,2
13,000,STATE - NAGALAND,74,749,7490,"Other professional, scientific and technical activities n.e.c.",14,8,6,8,6,2,6,2,4,3,3,0,2,2,0,1,1,0
13,000,STATE - NAGALAND,75,750,7500,Veterinary activities,1299,1058,241,581,516,65,718,542,176,18,16,2,6,4,2,12,12,0
13,000,STATE - NAGALAND,77,771,7710,Renting and leasing of motor vehicles,8,8,0,0,0,0,8,8,0,4,2,2,2,2,0,2,0,2
13,000,STATE - NAGALAND,77,772,7729,Renting and leasing of other personal and household goods n.e.c.,12,8,4,6,4,2,6,4,2,6,6,0,2,2,0,4,4,0
13,000,STATE - NAGALAND,79,791,7911,Travel agency activities,8,6,2,0,0,0,8,6,2,0,0,0,0,0,0,0,0,0
13,000,STATE - NAGALAND,79,791,7912,Tour operator activities,5,3,2,0,0,0,5,3,2,1,1,0,0,0,0,1,1,0
13,000,STATE - NAGALAND,80,801,8010,Private security activities,39,38,1,21,21,0,18,17,1,12,12,0,10,10,0,2,2,0
13,000,STATE - NAGALAND,80,802,8020,Security systems service activities,8,8,0,7,7,0,1,1,0,1,1,0,0,0,0,1,1,0
13,000,STATE - NAGALAND,81,811,8110,Combined facilities support activities,9,6,3,4,1,3,5,5,0,0,0,0,0,0,0,0,0,0
13,000,STATE - NAGALAND,81,812,8121,General cleaning of buildings,8,1,7,2,0,2,6,1,5,0,0,0,0,0,0,0,0,0
13,000,STATE - NAGALAND,81,812,8129,Other building and industrial cleaning activities,11,3,8,9,3,6,2,0,2,2,0,2,2,0,2,0,0,0
13,000,STATE - NAGALAND,81,813,8130,Landscape care and maintenance service activities,1,1,0,0,0,0,1,1,0,0,0,0,0,0,0,0,0,0
13,000,STATE - NAGALAND,82,821,8219,"Photocopying, document preparation and other specialized office",69,47,22,27,20,7,42,27,15,9,7,2,2,2,0,7,5,2
13,000,STATE - NAGALAND,82,822,8220,Activities of call centres,45,14,31,22,6,16,23,8,15,18,6,12,8,4,4,10,2,8
13,000,STATE - NAGALAND,82,823,8230,Organization of conventions and trade shows,0,0,0,0,0,0,0,0,0,1,0,1,1,0,1,0,0,0
13,000,STATE - NAGALAND,82,829,8291,Activities of collection agencies and credit bureaus,4,4,0,2,2,0,2,2,0,0,0,0,0,0,0,0,0,0
13,000,STATE - NAGALAND,82,829,8292,Packaging activities,2,0,2,0,0,0,2,0,2,0,0,0,0,0,0,0,0,0
13,000,STATE - NAGALAND,82,829,8299,Other business support service activities n.e.c.,1889,1360,529,789,538,251,1100,822,278,447,209,238,239,115,124,208,94,114
13,000,STATE - NAGALAND,84,841,8411,General public administration activities,24837,18856,5981,10258,8602,1656,14579,10254,4325,684,506,178,417,337,80,267,169,98
13,000,STATE - NAGALAND,84,841,8412,"Regulation of the activities of providing health care, education, cultural",164,138,26,86,73,13,78,65,13,11,8,3,8,5,3,3,3,0
13,000,STATE - NAGALAND,84,841,8413,Regulation of and contribution to more efficient operation of,31,23,8,8,6,2,23,17,6,2,0,2,2,0,2,0,0,0
13,000,STATE - NAGALAND,84,842,8421,Foreign affairs,45,39,6,20,20,0,25,19,6,2,2,0,2,2,0,0,0,0
13,000,STATE - NAGALAND,84,842,8422,Defence activities,11812,11096,716,5828,5686,142,5984,5410,574,121,114,7,62,57,5,59,57,2
13,000,STATE - NAGALAND,84,842,8423,Public order and safety activities,2427,2204,223,1118,1065,53,1309,1139,170,46,42,4,27,25,2,19,17,2
13,000,STATE - NAGALAND,84,843,8430,Compulsory social security activities,13719,12432,1287,6675,6367,308,7044,6065,979,293,274,19,198,191,7,95,83,12
13,000,STATE - NAGALAND,85,851,8510,Primary education,17060,9303,7757,11325,6730,4595,5735,2573,3162,1336,580,756,1008,483,525,328,97,231
13,000,STATE - NAGALAND,85,852,8521,General secondary education,8138,4633,3505,4884,3150,1734,3254,1483,1771,380,177,203,260,138,122,120,39,81
13,000,STATE - NAGALAND,85,852,8522,Technical and vocational secondary education,50,25,25,19,18,1,31,7,24,2,0,2,2,0,2,0,0,0
13,000,STATE - NAGALAND,85,853,8530,Higher education,1992,1032,960,702,422,280,1290,610,680,65,25,40,40,16,24,25,9,16
13,000,STATE - NAGALAND,85,854,8541,Sports and recreation education,19,10,9,8,7,1,11,3,8,6,4,2,2,2,0,4,2,2
13,000,STATE - NAGALAND,85,854,8542,Cultural education,32,15,17,14,7,7,18,8,10,15,6,9,6,6,0,9,0,9
13,000,STATE - NAGALAND,85,854,8549,Other education n.e.c.,3061,1460,1601,2165,1063,1102,896,397,499,2152,914,1238,1545,685,860,607,229,378
13,000,STATE - NAGALAND,85,855,8550,Educational support services,3066,2059,1007,1646,1182,464,1420,877,543,153,93,60,113,70,43,40,23,17
13,000,STATE - NAGALAND,86,861,8610,Hospital activities,6313,3240,3073,3121,1692,1429,3192,1548,1644,219,70,149,124,41,83,95,29,66
13,000,STATE - NAGALAND,86,862,8620,Medical and dental practice activities,475,318,157,187,129,58,288,189,99,15,10,5,6,5,1,9,5,4
13,000,STATE - NAGALAND,86,869,8690,Other human health activities,4578,1278,3300,2480,582,1898,2098,696,1402,296,46,250,208,29,179,88,17,71
13,000,STATE - NAGALAND,87,871,8710,Nursing care facilities,2,2,0,0,0,0,2,2,0,0,0,0,0,0,0,0,0,0
13,000,STATE - NAGALAND,87,872,8720,"Residential care activities for mental retardation, mental health and",3,2,1,0,0,0,3,2,1,2,2,0,2,2,0,0,0,0
13,000,STATE - NAGALAND,87,879,8790,Other residential care activities n.e.c.,2,0,2,2,0,2,0,0,0,1,1,0,1,1,0,0,0,0
13,000,STATE - NAGALAND,88,881,8810,Social work activities without accommodation for the elderly and,354,258,96,227,169,58,127,89,38,77,48,29,51,34,17,26,14,12
13,000,STATE - NAGALAND,88,889,8890,Other social work activities without accommodation n.e.c.,2198,1401,797,1170,714,456,1028,687,341,383,247,136,255,159,96,128,88,40
13,000,STATE - NAGALAND,90,900,9000,"Dramatic arts, music and other arts activities",229,196,33,90,82,8,139,114,25,59,56,3,31,30,1,28,26,2
13,000,STATE - NAGALAND,91,910,9101,Library and archives activities,28,13,15,7,6,1,21,7,14,6,0,6,6,0,6,0,0,0
13,000,STATE - NAGALAND,91,910,9102,Museums activities and operation of historical sites and buildings,8,5,3,0,0,0,8,5,3,0,0,0,0,0,0,0,0,0
13,000,STATE - NAGALAND,91,910,9103,Botanical and zoological gardens and nature reserves activities,1,1,0,0,0,0,1,1,0,2,2,0,2,2,0,0,0,0
13,000,STATE - NAGALAND,92,920,9200,Gambling and betting activities,27,17,10,9,7,2,18,10,8,2,2,0,0,0,0,2,2,0
13,000,STATE - NAGALAND,93,931,9311,Operation of sports facilities,29,24,5,3,2,1,26,22,4,3,3,0,3,3,0,0,0,0
13,000,STATE - NAGALAND,93,931,9312,Activities of sports clubs,6,6,0,2,2,0,4,4,0,4,2,2,2,2,0,2,0,2
13,000,STATE - NAGALAND,93,931,9319,Other sports activities,110,76,34,34,27,7,76,49,27,19,14,5,10,8,2,9,6,3
13,000,STATE - NAGALAND,93,932,9321,Activities of amusement parks and theme parks,0,0,0,0,0,0,0,0,0,1,1,0,1,1,0,0,0,0
13,000,STATE - NAGALAND,93,932,9329,Other amusement and recreation activities n.e.c.,54,41,13,18,15,3,36,26,10,9,7,2,4,4,0,5,3,2
13,000,STATE - NAGALAND,94,941,9411,Activities of business and employers membership organizations,30,18,12,14,10,4,16,8,8,4,0,4,4,0,4,0,0,0
13,000,STATE - NAGALAND,94,941,9412,Activities of professional membership organizations,20,18,2,20,18,2,0,0,0,3,0,3,2,0,2,1,0,1
13,000,STATE - NAGALAND,94,942,9420,Activities of trade unions,26,20,6,12,6,6,14,14,0,5,3,2,5,3,2,0,0,0
13,000,STATE - NAGALAND,94,949,9491,Activities of religious organizations,5395,3740,1655,3841,2651,1190,1554,1089,465,589,291,298,415,216,199,174,75,99
13,000,STATE - NAGALAND,94,949,9492,Activities of political organizations,1650,1541,109,978,922,56,672,619,53,260,244,16,163,156,7,97,88,9
13,000,STATE - NAGALAND,94,949,9499,Activities of other membership organizations n.e.c.,274,240,34,149,130,19,125,110,15,52,41,11,38,30,8,14,11,3
13,000,STATE - NAGALAND,95,951,9511,Repair of computers and peripheral equipment,57,44,13,24,16,8,33,28,5,7,5,2,2,0,2,5,5,0
13,000,STATE - NAGALAND,95,951,9512,Repair of communication equipment,12,12,0,6,6,0,6,6,0,3,3,0,3,3,0,0,0,0
13,000,STATE - NAGALAND,95,952,9521,Repair of consumer electronics,51,39,12,21,15,6,30,24,6,27,15,12,22,11,11,5,4,1
13,000,STATE - NAGALAND,95,952,9522,Repair of household appliances and home and garden equipment,15,12,3,7,7,0,8,5,3,49,29,20,40,24,16,9,5,4
13,000,STATE - NAGALAND,95,952,9523,Repair of footwear and leather goods,1,1,0,0,0,0,1,1,0,1,1,0,0,0,0,1,1,0
13,000,STATE - NAGALAND,95,952,9529,"Repair of personal and household goods, n.e.c.",94,71,23,56,40,16,38,31,7,141,69,72,93,60,33,48,9,39
13,000,STATE - NAGALAND,96,960,9601,Washing and (dry-) cleaning of textile and fur products,19,7,12,10,4,6,9,3,6,14,2,12,11,2,9,3,0,3
13,000,STATE - NAGALAND,96,960,9602,Hairdressing and other beauty treatment,372,84,288,172,70,102,200,14,186,147,36,111,95,31,64,52,5,47
13,000,STATE - NAGALAND,96,960,9603,Funeral and related activities,0,0,0,0,0,0,0,0,0,1,1,0,0,0,0,1,1,0
13,000,STATE - NAGALAND,96,960,9609,Other personal service activities n.e.c.,1127,731,396,783,501,282,344,230,114,288,124,164,217,90,127,71,34,37
13,000,STATE - NAGALAND,97,970,9700,Activities of households as employers of domestic personnel,783,255,528,417,125,292,366,130,236,629,159,470,415,84,331,214,75,139
13,000,STATE - NAGALAND,98,981,9810,Undifferentiated goods-producing activities of private households for own,2,0,2,2,0,2,0,0,0,0,0,0,0,0,0,0,0,0
13,000,STATE - NAGALAND,99,990,9900,Activities of extraterritorial organizations and bodies,6,2,4,4,2,2,2,0,2,0,0,0,0,0,0,0,0,0
21,000,STATE - ODISHA,01,011,0111,"Growing of cereals (except rice), leguminous crops and oil seeds",33,31,2,21,19,2,12,12,0,57,32,25,45,26,19,12,6,6
21,000,STATE - ODISHA,01,011,0112,Growing of rice,40,28,12,34,22,12,6,6,0,37,26,11,32,21,11,5,5,0
21,000,STATE - ODISHA,01,011,0113,"Growing of vegetables and melons, roots and tubers",136,108,28,76,50,26,60,58,2,143,66,77,133,60,73,10,6,4
21,000,STATE - ODISHA,01,011,0114,Growing of sugar cane,0,0,0,0,0,0,0,0,0,4,0,4,4,0,4,0,0,0
21,000,STATE - ODISHA,01,011,0115,Growing of tobacco,4,0,4,4,0,4,0,0,0,0,0,0,0,0,0,0,0,0
21,000,STATE - ODISHA,01,011,0116,Growing of fibre crops,26,12,14,18,4,14,8,8,0,67,16,51,39,6,33,28,10,18
21,000,STATE - ODISHA,01,011,0119,Growing of other non-perennial crop,14,12,2,12,12,0,2,0,2,15,4,11,13,4,9,2,0,2
21,000,STATE - ODISHA,01,012,0122,Growing of tropical and subtropical fruits,16,10,6,16,10,6,0,0,0,16,10,6,14,8,6,2,2,0
21,000,STATE - ODISHA,01,012,0123,Growing of citrus fruits,2,2,0,2,2,0,0,0,0,0,0,0,0,0,0,0,0,0
21,000,STATE - ODISHA,01,012,0124,Growing of pome fruits and stone fruits,2,2,0,2,2,0,0,0,0,4,4,0,4,4,0,0,0,0
21,000,STATE - ODISHA,01,012,0125,Growing of other tree and bush fruits and nuts,105,65,40,79,57,22,26,8,18,156,77,79,148,77,71,8,0,8
21,000,STATE - ODISHA,01,012,0126,Growing of oleaginous fruits,14,6,8,14,6,8,0,0,0,10,6,4,10,6,4,0,0,0
21,000,STATE - ODISHA,01,012,0127,Growing of beverage crops,43,25,18,35,19,16,8,6,2,26,10,16,26,10,16,0,0,0
21,000,STATE - ODISHA,01,012,0128,"Growing of spices, aromatic, drug and pharmaceutical crops",12,6,6,6,0,6,6,6,0,4,2,2,4,2,2,0,0,0
21,000,STATE - ODISHA,01,012,0129,Growing of other perennial crops,28,28,0,24,24,0,4,4,0,34,19,15,34,19,15,0,0,0
21,000,STATE - ODISHA,01,013,0130,Plant propagation,285,209,76,245,181,64,40,28,12,166,102,64,156,96,60,10,6,4
21,000,STATE - ODISHA,01,014,0141,Raising of cattle and buffaloes,4649,3605,1044,4446,3444,1002,203,161,42,5552,3739,1813,5456,3669,1787,96,70,26
21,000,STATE - ODISHA,01,014,0143,Raising and breeding of camels and camelids,4,2,2,4,2,2,0,0,0,2,0,2,2,0,2,0,0,0
21,000,STATE - ODISHA,01,014,0144,Raising of sheep and goats,2586,1568,1018,2513,1537,976,73,31,42,2250,1095,1155,2213,1074,1139,37,21,16
21,000,STATE - ODISHA,01,014,0145,Raising of swine/pigs,34,20,14,22,16,6,12,4,8,24,14,10,22,12,10,2,2,0
21,000,STATE - ODISHA,01,014,0146,Raising of poultry,551,424,127,485,366,119,66,58,8,275,111,164,269,105,164,6,6,0
21,000,STATE - ODISHA,01,014,0149,Raising of other animals,480,375,105,445,348,97,35,27,8,430,263,167,424,259,165,6,4,2
21,000,STATE - ODISHA,01,015,0150,Mixed farming,54,42,12,50,40,10,4,2,2,6,6,0,6,6,0,0,0,0
21,000,STATE - ODISHA,01,016,0161,Support activities for crop production,8752,6513,2239,6921,5083,1838,1831,1430,401,12987,5917,7070,12260,5510,6750,727,407,320
21,000,STATE - ODISHA,01,016,0162,Support activities for animal production,677,514,163,646,495,151,31,19,12,676,416,260,652,402,250,24,14,10
21,000,STATE - ODISHA,01,016,0163,Post-harvest crop activities,327,228,99,289,199,90,38,29,9,450,225,225,422,211,211,28,14,14
21,000,STATE - ODISHA,01,016,0164,Seed processing for propagation,6,2,4,6,2,4,0,0,0,2,2,0,2,2,0,0,0,0
21,000,STATE - ODISHA,01,017,0170,"Hunting, trapping and related service activities",11,9,2,11,9,2,0,0,0,8,6,2,8,6,2,0,0,0
21,000,STATE - ODISHA,02,021,0210,Silviculture and other forestry activities,894,606,288,817,557,260,77,49,28,1551,697,854,1501,682,819,50,15,35
21,000,STATE - ODISHA,02,022,0220,Logging,4898,3224,1674,4430,2948,1482,468,276,192,6326,2483,3843,5971,2391,3580,355,92,263
21,000,STATE - ODISHA,02,023,0230,Gathering of non-wood forest products,2061,1112,949,1972,1058,914,89,54,35,9317,1795,7522,9240,1776,7464,77,19,58
21,000,STATE - ODISHA,02,024,0240,Support services to forestry,1461,1296,165,1166,1044,122,295,252,43,419,263,156,400,250,150,19,13,6
21,000,STATE - ODISHA,03,031,0311,Marine fishing,1130,1012,118,1120,1002,118,10,10,0,616,348,268,614,346,268,2,2,0
21,000,STATE - ODISHA,03,031,0312,Freash water fishing,995,878,117,952,847,105,43,31,12,318,227,91,305,215,90,13,12,1
21,000,STATE - ODISHA,03,032,0321,Marine aquaculture,74,68,6,68,62,6,6,6,0,62,38,24,62,38,24,0,0,0
21,000,STATE - ODISHA,03,032,0322,Freshwater aquaculture,159,140,19,145,134,11,14,6,8,80,62,18,74,58,16,6,4,2
21,000,STATE - ODISHA,05,051,0510,Mining of hard coal,3511,3089,422,2115,1843,272,1396,1246,150,503,379,124,443,335,108,60,44,16
21,000,STATE - ODISHA,05,052,0520,Mining of lignite,52,48,4,52,48,4,0,0,0,8,6,2,8,6,2,0,0,0
21,000,STATE - ODISHA,06,061,0610,Extraction of crude petroleum,12,10,2,8,6,2,4,4,0,6,4,2,6,4,2,0,0,0
21,000,STATE - ODISHA,06,062,0620,Extraction of natural gas,2,2,0,2,2,0,0,0,0,0,0,0,0,0,0,0,0,0
21,000,STATE - ODISHA,07,071,0710,Mining of iron ores,12834,9660,3174,10930,8218,2712,1904,1442,462,3289,2177,1112,2995,1981,1014,294,196,98
21,000,STATE - ODISHA,07,072,0721,Mining of uranium and thorium ores,2,0,2,0,0,0,2,0,2,0,0,0,0,0,0,0,0,0
21,000,STATE - ODISHA,07,072,0729,Mining of other non-ferrous metal ores,2484,1822,662,2332,1716,616,152,106,46,505,336,169,475,322,153,30,14,16
21,000,STATE - ODISHA,08,081,0810,"Quarrying of stone, sand and clay",23297,16655,6642,21329,15223,6106,1968,1432,536,10662,6189,4473,10354,5995,4359,308,194,114
21,000,STATE - ODISHA,08,089,0891,Mining of chemical and fertilizer minerals,6,4,2,0,0,0,6,4,2,0,0,0,0,0,0,0,0,0
21,000,STATE - ODISHA,08,089,0892,Extraction and agglomeration of peat,30,30,0,22,22,0,8,8,0,12,8,4,8,6,2,4,2,2
21,000,STATE - ODISHA,08,089,0893,Extraction of salt,2,2,0,2,2,0,0,0,0,0,0,0,0,0,0,0,0,0
21,000,STATE - ODISHA,08,089,0899,Other mining and quarrying n.e.c.,6716,5237,1479,5765,4490,1275,951,747,204,2651,1755,896,2461,1639,822,190,116,74
21,000,STATE - ODISHA,09,091,0910,Support activities for petroleum and natural gas mining,8,6,2,6,4,2,2,2,0,2,0,2,2,0,2,0,0,0
21,000,STATE - ODISHA,09,099,0990,Support activities for other mining and quarrying,2262,1786,476,1746,1402,344,516,384,132,822,532,290,738,486,252,84,46,38
21,000,STATE - ODISHA,10,101,1010,Processing and preserving of meat,148,110,38,108,76,32,40,34,6,113,66,47,105,60,45,8,6,2
21,000,STATE - ODISHA,10,102,1020,"Processing and preserving of fish, crustaceans and molluscs and",158,98,60,133,81,52,25,17,8,54,27,27,54,27,27,0,0,0
21,000,STATE - ODISHA,10,103,1030,Processing and preserving of fruit and vegetables,125,62,63,95,44,51,30,18,12,134,51,83,92,33,59,42,18,24
21,000,STATE - ODISHA,10,104,1040,Manufacture of vegetable and animal oils and fats,129,110,19,123,106,17,6,4,2,29,16,13,29,16,13,0,0,0
21,000,STATE - ODISHA,10,105,1050,Manufacture of dairy products,651,424,227,544,351,193,107,73,34,1014,513,501,981,498,483,33,15,18
21,000,STATE - ODISHA,10,106,1061,Manufacture of grain mill products,4907,3810,1097,4017,3125,892,890,685,205,4092,1881,2211,3745,1695,2050,347,186,161
21,000,STATE - ODISHA,10,106,1062,Manufacture of starches and starch products,6,6,0,6,6,0,0,0,0,3,3,0,3,3,0,0,0,0
21,000,STATE - ODISHA,10,107,1071,Manufacture of bakery products,223,191,32,131,109,22,92,82,10,55,43,12,43,31,12,12,12,0
21,000,STATE - ODISHA,10,107,1072,Manufacture of sugar,49,41,8,43,35,8,6,6,0,28,20,8,28,20,8,0,0,0
21,000,STATE - ODISHA,10,107,1073,"Manufacture of cocoa, chocolate and sugar confectionery",176,154,22,145,125,20,31,29,2,80,59,21,66,48,18,14,11,3
21,000,STATE - ODISHA,10,107,1074,"Manufacture of macaroni, noodles, couscous and similar farinaceous",6,2,4,4,2,2,2,0,2,2,0,2,2,0,2,0,0,0
21,000,STATE - ODISHA,10,107,1075,Manufacture of prepared meals and dishes,633,493,140,545,435,110,88,58,30,401,192,209,347,156,191,54,36,18
21,000,STATE - ODISHA,10,107,1079,Manufacture of other food products n.e.c.,1862,777,1085,1492,623,869,370,154,216,1130,264,866,1082,245,837,48,19,29
21,000,STATE - ODISHA,10,108,1080,Manufacture of prepared animal feeds,28,26,2,24,22,2,4,4,0,28,13,15,26,13,13,2,0,2
21,000,STATE - ODISHA,11,110,1101,"Distilling, rectifying and blending of spirits; ethyl alcohol production",404,112,292,252,80,172,152,32,120,208,31,177,182,27,155,26,4,22
21,000,STATE - ODISHA,11,110,1102,Manufacture of wines,104,66,38,75,55,20,29,11,18,64,12,52,54,12,42,10,0,10
21,000,STATE - ODISHA,11,110,1103,Manufacture of malt liquors and malt,36,8,28,30,8,22,6,0,6,39,8,31,35,8,27,4,0,4
21,000,STATE - ODISHA,11,110,1104,Manufacture of soft drinks; production of mineral waters and other,147,105,42,111,83,28,36,22,14,45,32,13,37,28,9,8,4,4
21,000,STATE - ODISHA,12,120,1200,Manufacture of tobacco products,14569,1238,13331,13254,966,12288,1315,272,1043,13149,647,12502,12132,561,11571,1017,86,931
21,000,STATE - ODISHA,13,131,1311,Preparation and spinning of textile fibres,5662,4133,1529,4748,3475,1273,914,658,256,6603,3746,2857,5924,3347,2577,679,399,280
21,000,STATE - ODISHA,13,131,1312,Weaving of textiles,2693,1971,722,2552,1852,700,141,119,22,725,323,402,669,291,378,56,32,24
21,000,STATE - ODISHA,13,131,1313,Finishing of textiles,142,98,44,106,70,36,36,28,8,60,36,24,48,34,14,12,2,10
21,000,STATE - ODISHA,13,139,1391,Manufacture of knitted and crocheted fabrics,4,2,2,2,2,0,2,0,2,12,2,10,12,2,10,0,0,0
21,000,STATE - ODISHA,13,139,1392,"Manufacture of made-up textile articles, except apparel",16,16,0,12,12,0,4,4,0,5,4,1,5,4,1,0,0,0
21,000,STATE - ODISHA,13,139,1393,Manufacture of carpets and rugs,50,46,4,46,44,2,4,2,2,22,14,8,22,14,8,0,0,0
21,000,STATE - ODISHA,13,139,1394,"Manufacture of cordage, rope, twine and netting",455,298,157,369,256,113,86,42,44,673,162,511,669,162,507,4,0,4
21,000,STATE - ODISHA,13,139,1399,Manufacture of other textiles n.e.c.,82,64,18,64,50,14,18,14,4,28,20,8,24,16,8,4,4,0
21,000,STATE - ODISHA,14,141,1410,"Manufacture of wearing apparel, except fur apparel",3362,2406,956,2440,1888,552,922,518,404,1367,588,779,1084,500,584,283,88,195
21,000,STATE - ODISHA,14,142,1420,Manufacture of articles of fur,44,38,6,14,14,0,30,24,6,36,10,26,8,2,6,28,8,20
21,000,STATE - ODISHA,15,151,1512,"Manufacture of luggage, handbags and the like, saddlery and harness",4,4,0,0,0,0,4,4,0,2,2,0,2,2,0,0,0,0
21,000,STATE - ODISHA,15,152,1520,Manufacture of footwear,97,79,18,69,55,14,28,24,4,37,30,7,23,16,7,14,14,0
21,000,STATE - ODISHA,16,161,1610,Saw milling and planing of wood,519,493,26,452,430,22,67,63,4,319,293,26,301,275,26,18,18,0
21,000,STATE - ODISHA,16,162,1621,"Manufacture of veneer sheets; manufacture of plywood, laminboard,",143,143,0,55,55,0,88,88,0,27,25,2,27,25,2,0,0,0
21,000,STATE - ODISHA,16,162,1622,Manufacture of builders carpentry and joinery,2738,2705,33,2190,2165,25,548,540,8,961,926,35,824,797,27,137,129,8
21,000,STATE - ODISHA,16,162,1623,Manufacture of wooden containers,13812,3731,10081,13581,3675,9906,231,56,175,46594,4990,41604,46288,4966,41322,306,24,282
21,000,STATE - ODISHA,16,162,1629,"Manufacture of other products of wood; manufacture of articles of cork,",9257,3336,5921,9042,3230,5812,215,106,109,26601,4694,21907,26421,4644,21777,180,50,130
21,000,STATE - ODISHA,17,170,1701,"Manufacture of pulp, paper and paperboard",428,378,50,228,212,16,200,166,34,121,81,40,81,61,20,40,20,20
21,000,STATE - ODISHA,17,170,1702,Manufacture of corrugated paper and paperboard and containers of,104,78,26,36,28,8,68,50,18,57,34,23,20,6,14,37,28,9
21,000,STATE - ODISHA,17,170,1709,Manufacture of other articles of paper and paperboard,244,216,28,132,124,8,112,92,20,32,20,12,26,16,10,6,4,2
21,000,STATE - ODISHA,18,181,1811,Printing,75,65,10,31,31,0,44,34,10,10,4,6,6,2,4,4,2,2
21,000,STATE - ODISHA,18,181,1812,Service activities related to printing,133,115,18,51,47,4,82,68,14,13,11,2,9,9,0,4,2,2
21,000,STATE - ODISHA,19,191,1910,Manufacture of coke oven products,176,138,38,114,88,26,62,50,12,80,38,42,76,34,42,4,4,0
21,000,STATE - ODISHA,19,192,1920,Manufacture of refined petroleum products,124,110,14,82,74,8,42,36,6,11,6,5,11,6,5,0,0,0
21,000,STATE - ODISHA,20,201,2011,Manufacture of basic chemicals,58,50,8,48,40,8,10,10,0,11,6,5,5,4,1,6,2,4
21,000,STATE - ODISHA,20,201,2012,Manufacture of fertilizers and nitrogen compounds,196,182,14,53,51,2,143,131,12,26,22,4,12,12,0,14,10,4
21,000,STATE - ODISHA,20,201,2013,Manufacture of plastics and synthetic rubber in primary forms,18,18,0,4,4,0,14,14,0,6,6,0,6,6,0,0,0,0
21,000,STATE - ODISHA,20,202,2021,Manufacture of pesticides and other agrochemical products,12,6,6,6,4,2,6,2,4,0,0,0,0,0,0,0,0,0
21,000,STATE - ODISHA,20,202,2022,"Manufacture of paints, varnishes and similar coatings, printing ink and",129,107,22,78,66,12,51,41,10,99,60,39,91,56,35,8,4,4
21,000,STATE - ODISHA,20,202,2023,"Manufacture of soap and detergents, cleaning and polishing preparations,",148,106,42,107,77,30,41,29,12,85,36,49,75,34,41,10,2,8
21,000,STATE - ODISHA,20,202,2029,Manufacture of other chemical products n.e.c.,358,324,34,308,274,34,50,50,0,10,8,2,4,4,0,6,4,2
21,000,STATE - ODISHA,21,210,2100,"Manufacture of pharmaceuticals, medicinal chemical and botanical",162,137,25,142,117,25,20,20,0,33,24,9,33,24,9,0,0,0
21,000,STATE - ODISHA,22,221,2211,Manufacture of rubber tyres and tubes; retreading and rebuilding of,219,207,12,154,146,8,65,61,4,25,25,0,19,19,0,6,6,0
21,000,STATE - ODISHA,22,221,2219,Manufacture of other rubber products,58,36,22,22,18,4,36,18,18,26,18,8,22,14,8,4,4,0
21,000,STATE - ODISHA,22,222,2220,Manufacture of plastics products,123,93,30,79,57,22,44,36,8,40,30,10,36,28,8,4,2,2
21,000,STATE - ODISHA,23,231,2310,Manufacture of glass and glass products,26,18,8,24,18,6,2,0,2,50,14,36,44,12,32,6,2,4
21,000,STATE - ODISHA,23,239,2391,Manufacture of refractory products,2063,1543,520,1731,1285,446,332,258,74,1665,930,735,1583,896,687,82,34,48
21,000,STATE - ODISHA,23,239,2392,Manufacture of clay building materials,12333,8072,4261,10552,6898,3654,1781,1174,607,13602,7215,6387,12628,6710,5918,974,505,469
21,000,STATE - ODISHA,23,239,2393,Manufacture of other porcelain and ceramic products,329,269,60,292,240,52,37,29,8,348,169,179,341,164,177,7,5,2
21,000,STATE - ODISHA,23,239,2394,"Manufacture of cement, lime and plaster",2876,2482,394,1582,1422,160,1294,1060,234,674,560,114,514,434,80,160,126,34
21,000,STATE - ODISHA,23,239,2395,"Manufacture of articles of concrete, cement and plaster",314,300,14,260,250,10,54,50,4,139,112,27,131,104,27,8,8,0
21,000,STATE - ODISHA,23,239,2396,"Cutting, shaping and finishing of stone",837,693,144,771,643,128,66,50,16,484,331,153,460,311,149,24,20,4
21,000,STATE - ODISHA,23,239,2399,Manufacture of other non-metallic mineral products n.e.c.,115,103,12,109,99,10,6,4,2,28,28,0,28,28,0,0,0,0
21,000,STATE - ODISHA,24,241,2410,Manufacture of basic iron and steel,18332,16182,2150,10773,9403,1370,7559,6779,780,2772,2184,588,2314,1808,506,458,376,82
21,000,STATE - ODISHA,24,242,2420,Manufacture of basic precious and other non-ferrous metals,3726,3258,468,2028,1776,252,1698,1482,216,442,326,116,390,282,108,52,44,8
21,000,STATE - ODISHA,24,243,2431,Casting of iron and steel,84,66,18,58,44,14,26,22,4,12,10,2,12,10,2,0,0,0
21,000,STATE - ODISHA,24,243,2432,Casting of non-ferrous metals,8,8,0,0,0,0,8,8,0,2,2,0,2,2,0,0,0,0
21,000,STATE - ODISHA,25,251,2511,Manufacture of structural metal products,212,200,12,183,171,12,29,29,0,72,60,12,67,55,12,5,5,0
21,000,STATE - ODISHA,25,251,2512,"Manufacture of tanks, reservoirs and containers of metal",41,37,4,19,17,2,22,20,2,26,3,23,20,3,17,6,0,6
21,000,STATE - ODISHA,25,251,2513,"Manufacture of steam generators, except central heating hot water",4,4,0,4,4,0,0,0,0,4,4,0,4,4,0,0,0,0
21,000,STATE - ODISHA,25,252,2520,Manufacture of weapons and ammunition,10,10,0,10,10,0,0,0,0,0,0,0,0,0,0,0,0,0
21,000,STATE - ODISHA,25,259,2591,"Forging, pressing, stamping and roll-forming of metal; powder",4,4,0,4,4,0,0,0,0,0,0,0,0,0,0,0,0,0
21,000,STATE - ODISHA,25,259,2592,Machining; treatment and coating of metals,4,4,0,4,4,0,0,0,0,0,0,0,0,0,0,0,0,0
21,000,STATE - ODISHA,25,259,2593,"Manufacture of cutlery, hand tools and general hardware",3624,3061,563,3170,2644,526,454,417,37,1570,945,625,1496,888,608,74,57,17
21,000,STATE - ODISHA,25,259,2599,Manufacture of other fabricated metal products n.e.c.,1625,1538,87,1066,1009,57,559,529,30,333,289,44,253,219,34,80,70,10
21,000,STATE - ODISHA,26,261,2610,Manufacture of electronic components,18,18,0,16,16,0,2,2,0,0,0,0,0,0,0,0,0,0
21,000,STATE - ODISHA,26,262,2620,Manufacture of computers and peripheral equipment,14,10,4,12,10,2,2,0,2,4,4,0,2,2,0,2,2,0
21,000,STATE - ODISHA,26,263,2630,Manufacture of communication equipment,16,12,4,10,8,2,6,4,2,2,2,0,2,2,0,0,0,0
21,000,STATE - ODISHA,26,264,2640,Manufacture of consumer electronics,7,5,2,5,3,2,2,2,0,6,6,0,6,6,0,0,0,0
21,000,STATE - ODISHA,26,265,2651,"Manufacture of measuring, testing, navigating and control equipment",806,756,50,70,62,8,736,694,42,24,24,0,14,14,0,10,10,0
21,000,STATE - ODISHA,26,265,2652,Manufacture of watches and clocks,16,16,0,4,4,0,12,12,0,2,2,0,0,0,0,2,2,0
21,000,STATE - ODISHA,27,271,2710,"Manufacture of electric motors, generators, transformers and electricity",286,278,8,164,164,0,122,114,8,52,50,2,46,44,2,6,6,0
21,000,STATE - ODISHA,27,272,2720,Manufacture of batteries and accumulators,8,8,0,6,6,0,2,2,0,2,2,0,2,2,0,0,0,0
21,000,STATE - ODISHA,27,273,2732,Manufacture of other electronic and electric wires and cables,12,12,0,8,8,0,4,4,0,2,2,0,2,2,0,0,0,0
21,000,STATE - ODISHA,27,273,2733,Manufacture of wiring devices,6,6,0,6,6,0,0,0,0,2,2,0,2,2,0,0,0,0
21,000,STATE - ODISHA,27,274,2740,Manufacture of electric lighting equipment,20,14,6,2,2,0,18,12,6,6,6,0,4,4,0,2,2,0
21,000,STATE - ODISHA,27,275,2750,Manufacture of domestic appliances,52,26,26,28,12,16,24,14,10,50,8,42,46,6,40,4,2,2
21,000,STATE - ODISHA,28,281,2811,"Manufacture of engines and turbines, except aircraft, vehicle and cycle",4,4,0,0,0,0,4,4,0,0,0,0,0,0,0,0,0,0
21,000,STATE - ODISHA,28,281,2813,"Manufacture of other pumps, compressors, taps and valves",8,8,0,6,6,0,2,2,0,2,2,0,2,2,0,0,0,0
21,000,STATE - ODISHA,28,281,2816,Manufacture of lifting and handling equipment,0,0,0,0,0,0,0,0,0,2,2,0,0,0,0,2,2,0
21,000,STATE - ODISHA,28,281,2818,Manufacture of power-driven hand tools,2,2,0,2,2,0,0,0,0,0,0,0,0,0,0,0,0,0
21,000,STATE - ODISHA,28,281,2819,Manufacture of other general-purpose machinery,304,246,58,248,194,54,56,52,4,74,58,16,70,56,14,4,2,2
21,000,STATE - ODISHA,28,282,2821,Manufacture of agricultural and forestry machinery,24,21,3,20,17,3,4,4,0,33,7,26,31,7,24,2,0,2
21,000,STATE - ODISHA,28,282,2822,Manufacture of metal-forming machinery and machine tools,16,16,0,8,8,0,8,8,0,0,0,0,0,0,0,0,0,0
21,000,STATE - ODISHA,28,282,2823,Manufacture of machinery for metallurgy,2,2,0,0,0,0,2,2,0,0,0,0,0,0,0,0,0,0
21,000,STATE - ODISHA,28,282,2824,"Manufacture of machinery for mining, quarrying and construction",225,201,24,125,117,8,100,84,16,71,56,15,65,50,15,6,6,0
21,000,STATE - ODISHA,28,282,2825,"Manufacture of machinery for food, beverage and tobacco processing",38,24,14,34,22,12,4,2,2,10,6,4,10,6,4,0,0,0
21,000,STATE - ODISHA,28,282,2826,"Manufacture of machinery for textile, apparel and leather production",26,20,6,20,14,6,6,6,0,2,2,0,2,2,0,0,0,0
21,000,STATE - ODISHA,28,282,2829,Manufacture of other special-purpose machinery,18,14,4,4,2,2,14,12,2,0,0,0,0,0,0,0,0,0
21,000,STATE - ODISHA,29,291,2910,Manufacture of motor vehicles,12,12,0,8,8,0,4,4,0,10,4,6,8,4,4,2,0,2
21,000,STATE - ODISHA,29,292,2920,Manufacture of bodies (coachwork) for motor vehicles; manufacture of trailers and semi-trailers,24,24,0,16,16,0,8,8,0,6,4,2,4,4,0,2,0,2
21,000,STATE - ODISHA,29,293,2930,Manufacture of parts and accessories for motor vehicles,29,26,3,15,14,1,14,12,2,7,3,4,7,3,4,0,0,0
21,000,STATE - ODISHA,30,301,3011,Building of ships and floating structures,30,28,2,30,28,2,0,0,0,14,10,4,12,8,4,2,2,0
21,000,STATE - ODISHA,30,301,3012,Building of pleasure and sporting boats,0,0,0,0,0,0,0,0,0,2,2,0,2,2,0,0,0,0
21,000,STATE - ODISHA,30,302,3020,Manufacture of railway locomotives and rolling stock,138,100,38,114,84,30,24,16,8,130,86,44,117,77,40,13,9,4
21,000,STATE - ODISHA,30,303,3030,Manufacture of air and spacecraft and related machinery,5,5,0,5,5,0,0,0,0,2,2,0,2,2,0,0,0,0
21,000,STATE - ODISHA,30,309,3091,Manufacture of motorcycles,8,8,0,8,8,0,0,0,0,2,2,0,2,2,0,0,0,0
21,000,STATE - ODISHA,30,309,3092,Manufacture of bicycles and invalid carriages,18,10,8,12,8,4,6,2,4,9,5,4,9,5,4,0,0,0
21,000,STATE - ODISHA,30,309,3099,Manufacture of other transport equipment n.e.c.,1341,1267,74,1088,1036,52,253,231,22,1020,813,207,874,675,199,146,138,8
21,000,STATE - ODISHA,31,310,3100,Manufacture of furniture,3222,3168,54,2476,2436,40,746,732,14,1160,1111,49,984,947,37,176,164,12
21,000,STATE - ODISHA,32,321,3211,Manufacture of jewellery and related articles,76,69,7,58,55,3,18,14,4,28,25,3,28,25,3,0,0,0
21,000,STATE - ODISHA,32,321,3212,Manufacture of imitation jewellery and related articles,0,0,0,0,0,0,0,0,0,2,2,0,2,2,0,0,0,0
21,000,STATE - ODISHA,32,322,3220,Manufacture of musical instruments,2,2,0,0,0,0,2,2,0,2,2,0,2,2,0,0,0,0
21,000,STATE - ODISHA,32,324,3240,Manufacture of games and toys,11,11,0,9,9,0,2,2,0,12,6,6,8,2,6,4,4,0
21,000,STATE - ODISHA,32,329,3290,Other manufacturing n.e.c.,9870,8378,1492,6578,5708,870,3292,2670,622,2838,2073,765,2330,1723,607,508,350,158
21,000,STATE - ODISHA,33,331,3311,Repair of fabricated metal products,593,577,16,382,370,12,211,207,4,146,138,8,116,110,6,30,28,2
21,000,STATE - ODISHA,33,331,3312,Repair of machinery,154,150,4,124,120,4,30,30,0,36,36,0,28,28,0,8,8,0
21,000,STATE - ODISHA,33,331,3313,Repair of electronic and optical equipment,21,17,4,13,11,2,8,6,2,10,8,2,10,8,2,0,0,0
21,000,STATE - ODISHA,33,331,3314,Repair of electrical equipment,520,505,15,290,279,11,230,226,4,142,142,0,99,99,0,43,43,0
21,000,STATE - ODISHA,33,331,3315,"Repair of transport equipment, except motor vehicles",33,31,2,15,15,0,18,16,2,18,18,0,8,8,0,10,10,0
21,000,STATE - ODISHA,33,331,3319,Repair of other equipment,37,37,0,29,29,0,8,8,0,15,15,0,9,9,0,6,6,0
21,000,STATE - ODISHA,33,332,3320,Installation of industrial machinery and equipment,6,6,0,4,4,0,2,2,0,0,0,0,0,0,0,0,0,0
21,000,STATE - ODISHA,35,351,3510,"Electric power generation, transmission and distribution",2677,2481,196,1706,1652,54,971,829,142,375,310,65,325,266,59,50,44,6
21,000,STATE - ODISHA,35,352,3520,Manufacture of gas; distribution of gaseous fuels through mains,61,61,0,35,35,0,26,26,0,2,2,0,0,0,0,2,2,0
21,000,STATE - ODISHA,35,353,3530,Steam and air conditioning supply,4,4,0,2,2,0,2,2,0,2,2,0,2,2,0,0,0,0
21,000,STATE - ODISHA,36,360,3600,"Water collection, treatment and supply",528,493,35,378,353,25,150,140,10,53,44,9,43,34,9,10,10,0
21,000,STATE - ODISHA,37,370,3700,Sewerage,22,18,4,10,8,2,12,10,2,10,4,6,0,0,0,10,4,6
21,000,STATE - ODISHA,38,381,3811,Collection of non-hazardous waste,346,202,144,38,28,10,308,174,134,117,52,65,35,20,15,82,32,50
21,000,STATE - ODISHA,38,381,3812,Collection of hazardous waste,156,86,70,18,16,2,138,70,68,44,24,20,24,12,12,20,12,8
21,000,STATE - ODISHA,38,382,3821,Treatment and disposal of non-hazardous waste,2,2,0,0,0,0,2,2,0,0,0,0,0,0,0,0,0,0
21,000,STATE - ODISHA,38,382,3822,Treatment and disposal of hazardous waste,10,8,2,0,0,0,10,8,2,0,0,0,0,0,0,0,0,0
21,000,STATE - ODISHA,39,390,3900,Remediation activities and other waste management services,3,3,0,2,2,0,1,1,0,2,0,2,2,0,2,0,0,0
21,000,STATE - ODISHA,41,410,4100,Construction of buildings,67151,52695,14456,46406,38143,8263,20745,14552,6193,37328,23585,13743,30262,19687,10575,7066,3898,3168
21,000,STATE - ODISHA,42,421,4210,Construction roads and railways,50137,37314,12823,42703,32249,10454,7434,5065,2369,61225,35582,25643,58139,33669,24470,3086,1913,1173
21,000,STATE - ODISHA,42,422,4220,Construction of utility projects,879,754,125,680,586,94,199,168,31,454,316,138,424,298,126,30,18,12
21,000,STATE - ODISHA,42,429,4290,Construction of other civil engineering projects,545,409,136,427,309,118,118,100,18,651,360,291,645,354,291,6,6,0
21,000,STATE - ODISHA,43,431,4312,Site preparation,199,163,36,159,133,26,40,30,10,130,68,62,126,64,62,4,4,0
21,000,STATE - ODISHA,43,432,4321,Electrical installation,587,575,12,323,313,10,264,262,2,166,164,2,116,114,2,50,50,0
21,000,STATE - ODISHA,43,432,4322,"Plumbing, heat and air-conditioning installation",569,561,8,383,381,2,186,180,6,152,148,4,98,98,0,54,50,4
21,000,STATE - ODISHA,43,432,4329,Other construction installation,46303,33866,12437,33113,24812,8301,13190,9054,4136,37507,21804,15703,33001,19103,13898,4506,2701,1805
21,000,STATE - ODISHA,43,433,4330,Building completion and finishing,1902,1803,99,757,721,36,1145,1082,63,700,638,62,431,381,50,269,257,12
21,000,STATE - ODISHA,43,439,4390,Other specialized construction activities,12,7,5,9,7,2,3,0,3,4,4,0,2,2,0,2,2,0
21,000,STATE - ODISHA,45,451,4510,Sale of motor vehicles,61,51,10,12,10,2,49,41,8,8,8,0,4,4,0,4,4,0
21,000,STATE - ODISHA,45,452,4520,Maintenance and repair of motor vehicles,1965,1929,36,1016,996,20,949,933,16,431,415,16,278,266,12,153,149,4
21,000,STATE - ODISHA,45,453,4530,Sale of motor vehicle parts and accessories,75,71,4,40,38,2,35,33,2,10,10,0,6,6,0,4,4,0
21,000,STATE - ODISHA,45,454,4540,"Sale, maintenance and repair of motorcycles and related parts and",724,706,18,453,451,2,271,255,16,206,202,4,160,158,2,46,44,2
21,000,STATE - ODISHA,46,461,4610,Wholesale on a fee or contract basis,135,123,12,93,85,8,42,38,4,41,34,7,35,30,5,6,4,2
21,000,STATE - ODISHA,46,462,4620,Wholesale of agricultural raw materials and live animals,240,213,27,202,177,25,38,36,2,59,48,11,55,44,11,4,4,0
21,000,STATE - ODISHA,46,463,4630,"Wholesale of food, beverages and tobacco",270,134,136,156,86,70,114,48,66,90,26,64,80,22,58,10,4,6
21,000,STATE - ODISHA,46,464,4641,"Wholesale of textiles, clothing and footwear",13,11,2,9,9,0,4,2,2,0,0,0,0,0,0,0,0,0
21,000,STATE - ODISHA,46,464,4649,Wholesale of other household goods,104,96,8,56,50,6,48,46,2,33,23,10,23,15,8,10,8,2
21,000,STATE - ODISHA,46,465,4651,"Wholesale of computers, computer peripheral equipment and software",4,4,0,2,2,0,2,2,0,0,0,0,0,0,0,0,0,0
21,000,STATE - ODISHA,46,465,4652,Wholesale of electronic and telecommunications equipment and parts,54,48,6,34,30,4,20,18,2,6,2,4,4,2,2,2,0,2
21,000,STATE - ODISHA,46,465,4653,"Wholesale of agricultural machinery, equipment and supplies",26,26,0,22,22,0,4,4,0,6,4,2,6,4,2,0,0,0
21,000,STATE - ODISHA,46,465,4659,Wholesale of other machinery and equipment,28,28,0,16,16,0,12,12,0,8,8,0,8,8,0,0,0,0
21,000,STATE - ODISHA,46,466,4661,"Wholesale of solid, liquid and gaseous fuels and related products",17,9,8,7,3,4,10,6,4,2,2,0,0,0,0,2,2,0
21,000,STATE - ODISHA,46,466,4663,"Wholesale of construction materials, hardware, plumbing and heating",56,40,16,40,26,14,16,14,2,64,40,24,54,32,22,10,8,2
21,000,STATE - ODISHA,46,466,4669,Wholesale of waste and scrap and other products n.e.c.,12,12,0,10,10,0,2,2,0,2,2,0,2,2,0,0,0,0
21,000,STATE - ODISHA,46,469,4690,Non-specialized wholesale trade,28,26,2,8,6,2,20,20,0,16,14,2,4,4,0,12,10,2
21,000,STATE - ODISHA,47,471,4711,"Retail sale in non-specialized stores with food, beverages or tobacco",492,440,52,378,336,42,114,104,10,119,83,36,95,63,32,24,20,4
21,000,STATE - ODISHA,47,471,4719,Other retail sale in non-specialized stores,1142,927,215,777,630,147,365,297,68,762,321,441,694,269,425,68,52,16
21,000,STATE - ODISHA,47,472,4721,Retail sale of food in specialized stores,11473,9272,2201,9048,7413,1635,2425,1859,566,3161,1829,1332,2780,1605,1175,381,224,157
21,000,STATE - ODISHA,47,472,4722,Retail sale of beverages in specialized stores,56,16,40,28,10,18,28,6,22,16,10,6,16,10,6,0,0,0
21,000,STATE - ODISHA,47,472,4723,Retail sale of tobacco products in specialized stores,1139,1071,68,815,765,50,324,306,18,179,155,24,153,129,24,26,26,0
21,000,STATE - ODISHA,47,473,4730,Retail sale of automotive fuel in specialized stores,319,301,18,191,179,12,128,122,6,52,50,2,40,38,2,12,12,0
21,000,STATE - ODISHA,47,474,4741,"Retail sale of computers, peripheral units, software and",50,46,4,14,14,0,36,32,4,18,12,6,8,6,2,10,6,4
21,000,STATE - ODISHA,47,474,4742,Retail sale of audio and video equipment in specialized stores,6,6,0,6,6,0,0,0,0,2,2,0,2,2,0,0,0,0
21,000,STATE - ODISHA,47,475,4751,Retail sale of textiles in specialized stores,176,148,28,92,88,4,84,60,24,33,25,8,17,17,0,16,8,8
21,000,STATE - ODISHA,47,475,4752,"Retail sale of hardware, paints and glass in specialized stores",1052,776,276,767,549,218,285,227,58,751,395,356,656,350,306,95,45,50
21,000,STATE - ODISHA,47,475,4753,"Retail sale of carpets, rugs, wall and floor coverings in specialized",10,6,4,6,4,2,4,2,2,4,4,0,2,2,0,2,2,0
21,000,STATE - ODISHA,47,475,4759,"Retail sale of electrical household appliances, furniture, lighting",227,204,23,111,96,15,116,108,8,88,62,26,63,37,26,25,25,0
21,000,STATE - ODISHA,47,476,4761,"Retail sale of books, newspapers and stationary in specialized stores",203,169,34,125,105,20,78,64,14,50,46,4,30,26,4,20,20,0
21,000,STATE - ODISHA,47,476,4762,Retail sale of music and video recordings in specialized stores,4,4,0,2,2,0,2,2,0,0,0,0,0,0,0,0,0,0
21,000,STATE - ODISHA,47,476,4764,Retail sale of games and toys in specialized stores,7,7,0,3,3,0,4,4,0,0,0,0,0,0,0,0,0,0
21,000,STATE - ODISHA,47,477,4771,"Retail sale of clothing, footwear and leather articles in specialized",579,509,70,391,361,30,188,148,40,131,106,25,95,78,17,36,28,8
21,000,STATE - ODISHA,47,477,4772,"Retail sale of pharmaceutical and medical goods, cosmetic and toilet",1264,1025,239,877,754,123,387,271,116,324,209,115,276,175,101,48,34,14
21,000,STATE - ODISHA,47,477,4773,Other retail sale of new goods in specialized stores,2232,1661,571,1714,1246,468,518,415,103,2038,980,1058,1882,904,978,156,76,80
21,000,STATE - ODISHA,47,477,4774,Retail sale of second-hand goods,10,6,4,4,4,0,6,2,4,13,8,5,8,6,2,5,2,3
21,000,STATE - ODISHA,47,478,4781,"Retail sale via stalls and markets of food, beverages and tobacco",135,117,18,104,92,12,31,25,6,46,26,20,42,22,20,4,4,0
21,000,STATE - ODISHA,47,478,4782,"Retail sale via stalls and markets of textiles, clothing and footwear",357,322,35,213,202,11,144,120,24,85,75,10,57,51,6,28,24,4
21,000,STATE - ODISHA,47,478,4789,Retail sale via stalls and markets of other goods,904,728,176,648,510,138,256,218,38,392,179,213,339,140,199,53,39,14
21,000,STATE - ODISHA,47,479,4791,Retail sale via mail order houses or via Internet,28,22,6,24,18,6,4,4,0,12,6,6,12,6,6,0,0,0
21,000,STATE - ODISHA,47,479,4799,"Other retail sale not in stores, stalls or markets",683,515,168,464,344,120,219,171,48,436,187,249,382,155,227,54,32,22
21,000,STATE - ODISHA,49,491,4911,Passenger rail transport,1132,1038,94,558,514,44,574,524,50,100,70,30,62,48,14,38,22,16
21,000,STATE - ODISHA,49,491,4912,Freight rail transport,2521,1989,532,1209,993,216,1312,996,316,422,318,104,304,226,78,118,92,26
21,000,STATE - ODISHA,49,492,4921,Urban or suburban passenger land transport,2492,2455,37,1599,1582,17,893,873,20,497,481,16,369,353,16,128,128,0
21,000,STATE - ODISHA,49,492,4922,Other passenger land transport,3206,3173,33,1892,1868,24,1314,1305,9,575,567,8,407,401,6,168,166,2
21,000,STATE - ODISHA,49,492,4923,Freight transport by road,32822,31498,1324,25272,24259,1013,7550,7239,311,9586,8487,1099,8309,7306,1003,1277,1181,96
21,000,STATE - ODISHA,49,493,4930,Transport via pipeline,2,0,2,0,0,0,2,0,2,0,0,0,0,0,0,0,0,0
21,000,STATE - ODISHA,50,501,5011,Sea and coastal passenger water transport,121,109,12,35,35,0,86,74,12,3,3,0,3,3,0,0,0,0
21,000,STATE - ODISHA,50,501,5012,Sea and coastal freight water transport,26,22,4,8,8,0,18,14,4,0,0,0,0,0,0,0,0,0
21,000,STATE - ODISHA,50,502,5021,Inland passenger water transport,47,41,6,33,33,0,14,8,6,16,14,2,16,14,2,0,0,0
21,000,STATE - ODISHA,51,511,5110,Passenger air transport,14,14,0,8,8,0,6,6,0,6,6,0,4,4,0,2,2,0
21,000,STATE - ODISHA,51,512,5120,Freight air transport,24,20,4,12,12,0,12,8,4,2,2,0,2,2,0,0,0,0
21,000,STATE - ODISHA,52,521,5210,Warehousing and storage,1966,1809,157,862,815,47,1104,994,110,536,450,86,322,260,62,214,190,24
21,000,STATE - ODISHA,52,522,5221,Service activities incidental to land transportation,7686,6838,848,4814,4315,499,2872,2523,349,2530,1861,669,2162,1587,575,368,274,94
21,000,STATE - ODISHA,52,522,5222,Service activities incidental to water transportation,4,4,0,2,2,0,2,2,0,0,0,0,0,0,0,0,0,0
21,000,STATE - ODISHA,52,522,5223,Service activities incidental to air transportation,65,61,4,36,34,2,29,27,2,2,2,0,2,2,0,0,0,0
21,000,STATE - ODISHA,52,522,5224,Cargo handling,24,20,4,2,2,0,22,18,4,0,0,0,0,0,0,0,0,0
21,000,STATE - ODISHA,52,522,5229,Other transportation support activities,1465,1319,146,1040,930,110,425,389,36,938,690,248,832,600,232,106,90,16
21,000,STATE - ODISHA,53,531,5310,Postal activities,2397,2274,123,1922,1848,74,475,426,49,63,57,6,61,57,4,2,0,2
21,000,STATE - ODISHA,53,532,5320,Courier activities,6,6,0,2,2,0,4,4,0,4,2,2,2,2,0,2,0,2
21,000,STATE - ODISHA,55,551,5510,Short term accommodation activities,3620,3073,547,2348,2016,332,1272,1057,215,819,635,184,592,462,130,227,173,54
21,000,STATE - ODISHA,55,559,5590,Other accommodation,822,330,492,714,274,440,108,56,52,72,31,41,56,23,33,16,8,8
21,000,STATE - ODISHA,56,561,5610,Restaurants and mobile food service activities,789,673,116,506,421,85,283,252,31,196,137,59,173,120,53,23,17,6
21,000,STATE - ODISHA,56,562,5621,Event catering,62,36,26,29,12,17,33,24,9,50,32,18,20,12,8,30,20,10
21,000,STATE - ODISHA,56,562,5629,Other food service activities,55,45,10,24,16,8,31,29,2,4,4,0,2,2,0,2,2,0
21,000,STATE - ODISHA,56,563,5630,Beverage serving activities,789,614,175,601,462,139,188,152,36,169,85,84,133,63,70,36,22,14
21,000,STATE - ODISHA,58,581,5811,Book publishing,12,10,2,8,6,2,4,4,0,2,2,0,2,2,0,0,0,0
21,000,STATE - ODISHA,58,581,5813,"Publishing of newspapers, journals and periodicals",12,10,2,4,4,0,8,6,2,0,0,0,0,0,0,0,0,0
21,000,STATE - ODISHA,58,581,5819,Other publishing activities,5,3,2,3,3,0,2,0,2,0,0,0,0,0,0,0,0,0
21,000,STATE - ODISHA,58,582,5820,Software publishing,8,8,0,0,0,0,8,8,0,0,0,0,0,0,0,0,0,0
21,000,STATE - ODISHA,59,591,5911,"Motion picture, video and television programme production activities",25,21,4,13,13,0,12,8,4,12,12,0,8,8,0,4,4,0
21,000,STATE - ODISHA,59,591,5912,"Motion picture, video and television programme post-production",10,8,2,4,2,2,6,6,0,0,0,0,0,0,0,0,0,0
21,000,STATE - ODISHA,59,591,5913,"Motion picture, video and television programme distribution activities",6,6,0,6,6,0,0,0,0,0,0,0,0,0,0,0,0,0
21,000,STATE - ODISHA,59,591,5914,Motion picture projection activities,21,21,0,6,6,0,15,15,0,2,2,0,2,2,0,0,0,0
21,000,STATE - ODISHA,59,592,5920,Sound recording and music publishing activitiesT,18,18,0,12,12,0,6,6,0,18,14,4,16,14,2,2,0,2
21,000,STATE - ODISHA,60,601,6010,Radio broadcasting,32,28,4,6,6,0,26,22,4,4,2,2,2,0,2,2,2,0
21,000,STATE - ODISHA,60,602,6020,Television programming and broadcasting activities,55,55,0,16,16,0,39,39,0,0,0,0,0,0,0,0,0,0
21,000,STATE - ODISHA,61,611,6110,Wired telecommunications activities,375,333,42,169,153,16,206,180,26,50,44,6,28,26,2,22,18,4
21,000,STATE - ODISHA,61,612,6120,Wireless telecommunications activities,109,103,6,71,65,6,38,38,0,6,4,2,2,2,0,4,2,2
21,000,STATE - ODISHA,61,613,6130,Satellite telecommunications activities,30,30,0,12,12,0,18,18,0,2,0,2,0,0,0,2,0,2
21,000,STATE - ODISHA,61,619,6190,Other telecommunications activities,180,164,16,71,67,4,109,97,12,12,10,2,6,6,0,6,4,2
21,000,STATE - ODISHA,62,620,6201,Computer programming activities,12,10,2,4,4,0,8,6,2,2,2,0,0,0,0,2,2,0
21,000,STATE - ODISHA,62,620,6202,Computer consultancy and computer facilities management activities,16,12,4,4,2,2,12,10,2,6,6,0,2,2,0,4,4,0
21,000,STATE - ODISHA,62,620,6209,Other information technology and computer service activities,130,96,34,48,38,10,82,58,24,18,10,8,10,4,6,8,6,2
21,000,STATE - ODISHA,63,631,6311,"Data processing, hosting and related activities",18,14,4,10,8,2,8,6,2,8,8,0,6,6,0,2,2,0
21,000,STATE - ODISHA,63,639,6391,News agency activities,8,8,0,6,6,0,2,2,0,0,0,0,0,0,0,0,0,0
21,000,STATE - ODISHA,63,639,6399,Other information service activities n.e.c.,233,217,16,95,89,6,138,128,10,11,11,0,7,7,0,4,4,0
21,000,STATE - ODISHA,64,641,6411,Central banking,297,249,48,126,112,14,171,137,34,5,5,0,5,5,0,0,0,0
21,000,STATE - ODISHA,64,641,6419,Other monetary intermediation,3430,3025,405,1426,1324,102,2004,1701,303,45,39,6,27,25,2,18,14,4
21,000,STATE - ODISHA,64,642,6420,Activities of holding companies,10,10,0,4,4,0,6,6,0,2,2,0,0,0,0,2,2,0
21,000,STATE - ODISHA,64,643,6430,"Trusts, funds and other financial vehicles",2,2,0,2,2,0,0,0,0,0,0,0,0,0,0,0,0,0
21,000,STATE - ODISHA,64,649,6491,Financial leasing,5,5,0,5,5,0,0,0,0,0,0,0,0,0,0,0,0,0
21,000,STATE - ODISHA,64,649,6492,Other credit granting,2,2,0,2,2,0,0,0,0,2,2,0,2,2,0,0,0,0
21,000,STATE - ODISHA,64,649,6499,"Other financial service activities, except insurance and pension funding",131,111,20,56,56,0,75,55,20,8,6,2,8,6,2,0,0,0
21,000,STATE - ODISHA,65,651,6511,Life insurance,1008,936,72,446,428,18,562,508,54,79,73,6,55,53,2,24,20,4
21,000,STATE - ODISHA,65,651,6512,Non-life insurance,55,43,12,17,13,4,38,30,8,4,4,0,4,4,0,0,0,0
21,000,STATE - ODISHA,65,653,6530,Pension funding,38,24,14,36,22,14,2,2,0,24,14,10,20,10,10,4,4,0
21,000,STATE - ODISHA,66,661,6611,Administration of financial markets,5,5,0,3,3,0,2,2,0,0,0,0,0,0,0,0,0,0
21,000,STATE - ODISHA,66,661,6619,Activities auxiliary to financial service activities n.e.c.,77,73,4,50,48,2,27,25,2,4,2,2,2,2,0,2,0,2
21,000,STATE - ODISHA,66,662,6622,Activities of insurance agents and brokers,173,155,18,98,96,2,75,59,16,33,31,2,29,27,2,4,4,0
21,000,STATE - ODISHA,66,662,6629,Other activities auxiliary to insurance and pension funding,22,18,4,13,9,4,9,9,0,2,2,0,2,2,0,0,0,0
21,000,STATE - ODISHA,66,663,6630,Fund management activities,6,6,0,6,6,0,0,0,0,0,0,0,0,0,0,0,0,0
21,000,STATE - ODISHA,68,681,6810,Real estate activities with own or leased property,26,22,4,12,10,2,14,12,2,6,6,0,4,4,0,2,2,0
21,000,STATE - ODISHA,68,682,6820,Real estate activities on a fee or contract basis,40,36,4,28,24,4,12,12,0,4,4,0,4,4,0,0,0,0
21,000,STATE - ODISHA,69,691,6910,Legal activities,540,493,47,325,298,27,215,195,20,24,20,4,16,12,4,8,8,0
21,000,STATE - ODISHA,69,692,6920,"Accounting, bookkeeping and auditing activities; tax consultancy",52,50,2,36,34,2,16,16,0,4,2,2,4,2,2,0,0,0
21,000,STATE - ODISHA,71,711,7110,Architectural and engineering activities and related technical,14,12,2,8,8,0,6,4,2,2,2,0,2,2,0,0,0,0
21,000,STATE - ODISHA,71,712,7120,Technical testing and analysis,6,6,0,0,0,0,6,6,0,0,0,0,0,0,0,0,0,0
21,000,STATE - ODISHA,72,721,7210,Research and experimental development on natural sciences and,18,14,4,6,6,0,12,8,4,0,0,0,0,0,0,0,0,0
21,000,STATE - ODISHA,72,722,7220,Research and experimental development on social sciences and,5,5,0,5,5,0,0,0,0,0,0,0,0,0,0,0,0,0
21,000,STATE - ODISHA,73,731,7310,Advertising,2,2,0,0,0,0,2,2,0,2,2,0,2,2,0,0,0,0
21,000,STATE - ODISHA,73,732,7320,Market research and public opinion polling,2,2,0,2,2,0,0,0,0,0,0,0,0,0,0,0,0,0
21,000,STATE - ODISHA,74,741,7410,Specialized design activities,50,44,6,18,16,2,32,28,4,27,27,0,21,21,0,6,6,0
21,000,STATE - ODISHA,74,742,7420,Photographic activities,143,129,14,89,79,10,54,50,4,38,36,2,26,24,2,12,12,0
21,000,STATE - ODISHA,74,749,7490,"Other professional, scientific and technical activities n.e.c.",50,46,4,29,29,0,21,17,4,2,2,0,2,2,0,0,0,0
21,000,STATE - ODISHA,75,750,7500,Veterinary activities,618,570,48,479,451,28,139,119,20,17,15,2,15,15,0,2,0,2
21,000,STATE - ODISHA,77,771,7710,Renting and leasing of motor vehicles,28,28,0,16,16,0,12,12,0,0,0,0,0,0,0,0,0,0
21,000,STATE - ODISHA,77,772,7722,Renting of video tapes and disks,0,0,0,0,0,0,0,0,0,3,3,0,3,3,0,0,0,0
21,000,STATE - ODISHA,77,772,7729,Renting and leasing of other personal and household goods n.e.c.,340,332,8,182,180,2,158,152,6,217,211,6,167,165,2,50,46,4
21,000,STATE - ODISHA,77,773,7730,"Renting and leasing of other machinery, equipment and tangible goods",16,16,0,12,12,0,4,4,0,2,2,0,2,2,0,0,0,0
21,000,STATE - ODISHA,78,781,7810,Activities of employment placement agencies,90,82,8,68,62,6,22,20,2,32,26,6,24,20,4,8,6,2
21,000,STATE - ODISHA,78,782,7820,Temporary employment agency activities,92,70,22,54,42,12,38,28,10,27,21,6,17,11,6,10,10,0
21,000,STATE - ODISHA,78,783,7830,Human resources provision and management of human resources,2,0,2,2,0,2,0,0,0,0,0,0,0,0,0,0,0,0
21,000,STATE - ODISHA,79,791,7911,Travel agency activities,4,2,2,2,0,2,2,2,0,0,0,0,0,0,0,0,0,0
21,000,STATE - ODISHA,80,801,8010,Private security activities,688,673,15,411,400,11,277,273,4,95,80,15,63,48,15,32,32,0
21,000,STATE - ODISHA,80,802,8020,Security systems service activities,274,254,20,190,180,10,84,74,10,20,16,4,18,14,4,2,2,0
21,000,STATE - ODISHA,80,803,8030,Investigation activities,2,2,0,2,2,0,0,0,0,0,0,0,0,0,0,0,0,0
21,000,STATE - ODISHA,81,811,8110,Combined facilities support activities,4,2,2,2,0,2,2,2,0,0,0,0,0,0,0,0,0,0
21,000,STATE - ODISHA,81,812,8121,General cleaning of buildings,38,22,16,12,4,8,26,18,8,12,5,7,6,1,5,6,4,2
21,000,STATE - ODISHA,81,812,8129,Other building and industrial cleaning activities,60,31,29,30,21,9,30,10,20,8,4,4,4,4,0,4,0,4
21,000,STATE - ODISHA,81,813,8130,Landscape care and maintenance service activities,10,6,4,2,2,0,8,4,4,0,0,0,0,0,0,0,0,0
21,000,STATE - ODISHA,82,821,8211,Combined office administrative service activities,34,30,4,24,22,2,10,8,2,0,0,0,0,0,0,0,0,0
21,000,STATE - ODISHA,82,821,8219,"Photocopying, document preparation and other specialized office",103,93,10,63,59,4,40,34,6,12,10,2,6,6,0,6,4,2
21,000,STATE - ODISHA,82,829,8291,Activities of collection agencies and credit bureaus,8,8,0,2,2,0,6,6,0,2,2,0,2,2,0,0,0,0
21,000,STATE - ODISHA,82,829,8292,Packaging activities,21,18,3,9,8,1,12,10,2,2,2,0,2,2,0,0,0,0
21,000,STATE - ODISHA,82,829,8299,Other business support service activities n.e.c.,38,36,2,29,27,2,9,9,0,4,4,0,2,2,0,2,2,0
21,000,STATE - ODISHA,84,841,8411,General public administration activities,19093,16416,2677,11465,9864,1601,7628,6552,1076,949,632,317,825,541,284,124,91,33
21,000,STATE - ODISHA,84,841,8412,"Regulation of the activities of providing health care, education, cultural",34,20,14,28,16,12,6,4,2,2,0,2,2,0,2,0,0,0
21,000,STATE - ODISHA,84,841,8413,Regulation of and contribution to more efficient operation of,2,2,0,2,2,0,0,0,0,0,0,0,0,0,0,0,0,0
21,000,STATE - ODISHA,84,842,8422,Defence activities,1658,1624,34,1120,1104,16,538,520,18,37,33,4,30,28,2,7,5,2
21,000,STATE - ODISHA,84,842,8423,Public order and safety activities,9716,8900,816,5528,5150,378,4188,3750,438,317,284,33,269,248,21,48,36,12
21,000,STATE - ODISHA,84,843,8430,Compulsory social security activities,156,140,16,94,82,12,62,58,4,6,6,0,4,4,0,2,2,0
21,000,STATE - ODISHA,85,851,8510,Primary education,32334,18213,14121,28736,16743,11993,3598,1470,2128,1847,756,1091,1730,710,1020,117,46,71
21,000,STATE - ODISHA,85,852,8521,General secondary education,4421,3081,1340,3571,2623,948,850,458,392,189,98,91,163,92,71,26,6,20
21,000,STATE - ODISHA,85,852,8522,Technical and vocational secondary education,105,82,23,52,39,13,53,43,10,17,13,4,13,11,2,4,2,2
21,000,STATE - ODISHA,85,853,8530,Higher education,1346,1024,322,752,621,131,594,403,191,85,53,32,53,37,16,32,16,16
21,000,STATE - ODISHA,85,854,8541,Sports and recreation education,28,22,6,20,18,2,8,4,4,2,0,2,2,0,2,0,0,0
21,000,STATE - ODISHA,85,854,8542,Cultural education,17,15,2,11,11,0,6,4,2,4,4,0,4,4,0,0,0,0
21,000,STATE - ODISHA,85,854,8549,Other education n.e.c.,811,507,304,613,397,216,198,110,88,257,168,89,233,156,77,24,12,12
21,000,STATE - ODISHA,85,855,8550,Educational support services,121,56,65,96,43,53,25,13,12,10,6,4,10,6,4,0,0,0
21,000,STATE - ODISHA,86,861,8610,Hospital activities,1880,893,987,1032,551,481,848,342,506,76,33,43,46,25,21,30,8,22
21,000,STATE - ODISHA,86,862,8620,Medical and dental practice activities,111,85,26,59,49,10,52,36,16,8,6,2,8,6,2,0,0,0
21,000,STATE - ODISHA,86,869,8690,Other human health activities,21667,2041,19626,19241,1528,17713,2426,513,1913,1890,114,1776,1780,106,1674,110,8,102
21,000,STATE - ODISHA,87,871,8710,Nursing care facilities,34,14,20,8,2,6,26,12,14,8,4,4,6,4,2,2,0,2
21,000,STATE - ODISHA,87,872,8720,"Residential care activities for mental retardation, mental health and",10,4,6,10,4,6,0,0,0,0,0,0,0,0,0,0,0,0
21,000,STATE - ODISHA,87,873,8730,Residential care activities for the elderly and disabled,2,0,2,0,0,0,2,0,2,0,0,0,0,0,0,0,0,0
21,000,STATE - ODISHA,87,879,8790,Other residential care activities n.e.c.,10,4,6,6,0,6,4,4,0,0,0,0,0,0,0,0,0,0
21,000,STATE - ODISHA,88,881,8810,Social work activities without accommodation for the elderly and,82,45,37,59,30,29,23,15,8,21,19,2,19,19,0,2,0,2
21,000,STATE - ODISHA,88,889,8890,Other social work activities without accommodation n.e.c.,1060,684,376,803,516,287,257,168,89,186,77,109,167,70,97,19,7,12
21,000,STATE - ODISHA,90,900,9000,"Dramatic arts, music and other arts activities",892,849,43,564,535,29,328,314,14,418,382,36,344,312,32,74,70,4
21,000,STATE - ODISHA,91,910,9101,Library and archives activities,12,12,0,8,8,0,4,4,0,2,2,0,0,0,0,2,2,0
21,000,STATE - ODISHA,91,910,9102,Museums activities and operation of historical sites and buildings,6,6,0,6,6,0,0,0,0,0,0,0,0,0,0,0,0,0
21,000,STATE - ODISHA,91,910,9103,Botanical and zoological gardens and nature reserves activities,129,109,20,84,76,8,45,33,12,44,26,18,24,14,10,20,12,8
21,000,STATE - ODISHA,92,920,9200,Gambling and betting activities,2,2,0,2,2,0,0,0,0,0,0,0,0,0,0,0,0,0
21,000,STATE - ODISHA,93,931,9311,Operation of sports facilities,2,2,0,0,0,0,2,2,0,0,0,0,0,0,0,0,0,0
21,000,STATE - ODISHA,93,931,9319,Other sports activities,4,2,2,4,2,2,0,0,0,2,2,0,2,2,0,0,0,0
21,000,STATE - ODISHA,93,932,9321,Activities of amusement parks and theme parks,20,16,4,2,2,0,18,14,4,8,4,4,0,0,0,8,4,4
21,000,STATE - ODISHA,93,932,9329,Other amusement and recreation activities n.e.c.,83,69,14,49,43,6,34,26,8,45,37,8,33,31,2,12,6,6
21,000,STATE - ODISHA,94,941,9411,Activities of business and employers membership organizations,14,14,0,6,6,0,8,8,0,0,0,0,0,0,0,0,0,0
21,000,STATE - ODISHA,94,941,9412,Activities of professional membership organizations,7,7,0,5,5,0,2,2,0,0,0,0,0,0,0,0,0,0
21,000,STATE - ODISHA,94,942,9420,Activities of trade unions,8,8,0,4,4,0,4,4,0,0,0,0,0,0,0,0,0,0
21,000,STATE - ODISHA,94,949,9491,Activities of religious organizations,1401,1238,163,1035,933,102,366,305,61,218,176,42,196,160,36,22,16,6
21,000,STATE - ODISHA,94,949,9492,Activities of political organizations,821,579,242,761,535,226,60,44,16,119,53,66,111,49,62,8,4,4
21,000,STATE - ODISHA,94,949,9499,Activities of other membership organizations n.e.c.,40,32,8,32,26,6,8,6,2,2,0,2,2,0,2,0,0,0
21,000,STATE - ODISHA,95,951,9511,Repair of computers and peripheral equipment,67,63,4,37,33,4,30,30,0,18,16,2,14,12,2,4,4,0
21,000,STATE - ODISHA,95,951,9512,Repair of communication equipment,22,22,0,14,14,0,8,8,0,7,7,0,7,7,0,0,0,0
21,000,STATE - ODISHA,95,952,9521,Repair of consumer electronics,223,207,16,141,127,14,82,80,2,130,91,39,118,81,37,12,10,2
21,000,STATE - ODISHA,95,952,9522,Repair of household appliances and home and garden equipment,70,66,4,48,48,0,22,18,4,38,19,19,35,16,19,3,3,0
21,000,STATE - ODISHA,95,952,9523,Repair of footwear and leather goods,6,4,2,2,2,0,4,2,2,8,6,2,2,2,0,6,4,2
21,000,STATE - ODISHA,95,952,9524,Repair of furniture and home furnishings,0,0,0,0,0,0,0,0,0,2,0,2,0,0,0,2,0,2
21,000,STATE - ODISHA,95,952,9529,"Repair of personal and household goods, n.e.c.",2372,2308,64,1980,1935,45,392,373,19,733,620,113,637,536,101,96,84,12
21,000,STATE - ODISHA,96,960,9601,Washing and (dry-) cleaning of textile and fur products,57,38,19,38,28,10,19,10,9,24,4,20,20,4,16,4,0,4
21,000,STATE - ODISHA,96,960,9602,Hairdressing and other beauty treatment,130,104,26,57,53,4,73,51,22,36,24,12,16,16,0,20,8,12
21,000,STATE - ODISHA,96,960,9609,Other personal service activities n.e.c.,236,58,178,60,28,32,176,30,146,113,28,85,70,22,48,43,6,37
21,000,STATE - ODISHA,97,970,9700,Activities of households as employers of domestic personnel,5939,1900,4039,2632,1389,1243,3307,511,2796,3031,815,2216,2149,706,1443,882,109,773
21,000,STATE - ODISHA,98,981,9810,Undifferentiated goods-producing activities of private households for own,4,4,0,2,2,0,2,2,0,1,0,1,1,0,1,0,0,0
21,000,STATE - ODISHA,98,982,9820,Undifferentiated service-producing activities of private households for own,2,2,0,2,2,0,0,0,0,4,0,4,4,0,4,0,0,0
21,000,STATE - ODISHA,99,990,9900,Activities of extraterritorial organizations and bodies,6,0,6,0,0,0,6,0,6,1,0,1,1,0,1,0,0,0
34,000,STATE - PUDUCHERRY,01,012,0126,Growing of oleaginous fruits,3,3,0,0,0,0,3,3,0,0,0,0,0,0,0,0,0,0
34,000,STATE - PUDUCHERRY,01,012,0127,Growing of beverage crops,6,6,0,6,6,0,0,0,0,0,0,0,0,0,0,0,0,0
34,000,STATE - PUDUCHERRY,01,014,0141,Raising of cattle and buffaloes,107,41,66,60,18,42,47,23,24,16,8,8,16,8,8,0,0,0
34,000,STATE - PUDUCHERRY,01,014,0144,Raising of sheep and goats,22,0,22,22,0,22,0,0,0,12,6,6,12,6,6,0,0,0
34,000,STATE - PUDUCHERRY,01,014,0146,Raising of poultry,6,6,0,6,6,0,0,0,0,0,0,0,0,0,0,0,0,0
34,000,STATE - PUDUCHERRY,01,014,0149,Raising of other animals,2,0,2,2,0,2,0,0,0,0,0,0,0,0,0,0,0,0
34,000,STATE - PUDUCHERRY,01,016,0161,Support activities for crop production,387,297,90,210,164,46,177,133,44,129,85,44,112,70,42,17,15,2
34,000,STATE - PUDUCHERRY,01,016,0163,Post-harvest crop activities,97,92,5,50,50,0,47,42,5,8,4,4,4,2,2,4,2,2
34,000,STATE - PUDUCHERRY,01,017,0170,"Hunting, trapping and related service activities",0,0,0,0,0,0,0,0,0,6,6,0,0,0,0,6,6,0
34,000,STATE - PUDUCHERRY,02,022,0220,Logging,29,27,2,16,14,2,13,13,0,3,3,0,0,0,0,3,3,0
34,000,STATE - PUDUCHERRY,02,024,0240,Support services to forestry,3,3,0,0,0,0,3,3,0,6,6,0,6,6,0,0,0,0
34,000,STATE - PUDUCHERRY,03,031,0311,Marine fishing,30,30,0,12,12,0,18,18,0,5,5,0,2,2,0,3,3,0
34,000,STATE - PUDUCHERRY,03,032,0321,Marine aquaculture,0,0,0,0,0,0,0,0,0,4,2,2,0,0,0,4,2,2
34,000,STATE - PUDUCHERRY,05,051,0510,Mining of hard coal,3,3,0,0,0,0,3,3,0,0,0,0,0,0,0,0,0,0
34,000,STATE - PUDUCHERRY,05,052,0520,Mining of lignite,15,9,6,12,6,6,3,3,0,0,0,0,0,0,0,0,0,0
34,000,STATE - PUDUCHERRY,06,061,0610,Extraction of crude petroleum,6,6,0,0,0,0,6,6,0,0,0,0,0,0,0,0,0,0
34,000,STATE - PUDUCHERRY,06,062,0620,Extraction of natural gas,45,39,6,0,0,0,45,39,6,3,3,0,0,0,0,3,3,0
34,000,STATE - PUDUCHERRY,08,081,0810,"Quarrying of stone, sand and clay",18,16,2,2,0,2,16,16,0,2,2,0,0,0,0,2,2,0
34,000,STATE - PUDUCHERRY,08,089,0891,Mining of chemical and fertilizer minerals,6,6,0,6,6,0,0,0,0,0,0,0,0,0,0,0,0,0
34,000,STATE - PUDUCHERRY,09,091,0910,Support activities for petroleum and natural gas mining,28,22,6,6,6,0,22,16,6,0,0,0,0,0,0,0,0,0
34,000,STATE - PUDUCHERRY,10,101,1010,Processing and preserving of meat,6,6,0,0,0,0,6,6,0,0,0,0,0,0,0,0,0,0
34,000,STATE - PUDUCHERRY,10,102,1020,"Processing and preserving of fish, crustaceans and molluscs and",6,0,6,6,0,6,0,0,0,2,0,2,2,0,2,0,0,0
34,000,STATE - PUDUCHERRY,10,103,1030,Processing and preserving of fruit and vegetables,23,23,0,20,20,0,3,3,0,0,0,0,0,0,0,0,0,0
34,000,STATE - PUDUCHERRY,10,104,1040,Manufacture of vegetable and animal oils and fats,37,12,25,32,12,20,5,0,5,0,0,0,0,0,0,0,0,0
34,000,STATE - PUDUCHERRY,10,105,1050,Manufacture of dairy products,161,52,109,134,38,96,27,14,13,6,0,6,6,0,6,0,0,0
34,000,STATE - PUDUCHERRY,10,106,1061,Manufacture of grain mill products,89,72,17,38,34,4,51,38,13,20,9,11,14,6,8,6,3,3
34,000,STATE - PUDUCHERRY,10,106,1062,Manufacture of starches and starch products,0,0,0,0,0,0,0,0,0,6,6,0,6,6,0,0,0,0
34,000,STATE - PUDUCHERRY,10,107,1071,Manufacture of bakery products,22,14,8,12,6,6,10,8,2,2,0,2,2,0,2,0,0,0
34,000,STATE - PUDUCHERRY,10,107,1072,Manufacture of sugar,41,39,2,38,36,2,3,3,0,0,0,0,0,0,0,0,0,0
34,000,STATE - PUDUCHERRY,10,107,1073,"Manufacture of cocoa, chocolate and sugar confectionery",8,5,3,2,2,0,6,3,3,3,0,3,0,0,0,3,0,3
34,000,STATE - PUDUCHERRY,10,107,1075,Manufacture of prepared meals and dishes,45,9,36,28,6,22,17,3,14,21,8,13,14,6,8,7,2,5
34,000,STATE - PUDUCHERRY,10,107,1079,Manufacture of other food products n.e.c.,53,24,29,10,2,8,43,22,21,9,0,9,6,0,6,3,0,3
34,000,STATE - PUDUCHERRY,10,108,1080,Manufacture of prepared animal feeds,0,0,0,0,0,0,0,0,0,2,0,2,2,0,2,0,0,0
34,000,STATE - PUDUCHERRY,11,110,1101,"Distilling, rectifying and blending of spirits; ethyl alcohol production",10,6,4,4,0,4,6,6,0,0,0,0,0,0,0,0,0,0
34,000,STATE - PUDUCHERRY,11,110,1102,Manufacture of wines,3,3,0,0,0,0,3,3,0,0,0,0,0,0,0,0,0,0
34,000,STATE - PUDUCHERRY,11,110,1104,Manufacture of soft drinks; production of mineral waters and other,38,35,3,18,18,0,20,17,3,12,6,6,12,6,6,0,0,0
34,000,STATE - PUDUCHERRY,13,131,1311,Preparation and spinning of textile fibres,305,238,67,182,136,46,123,102,21,18,18,0,12,12,0,6,6,0
34,000,STATE - PUDUCHERRY,13,131,1312,Weaving of textiles,69,48,21,30,18,12,39,30,9,15,15,0,0,0,0,15,15,0
34,000,STATE - PUDUCHERRY,13,131,1313,Finishing of textiles,6,3,3,0,0,0,6,3,3,2,2,0,2,2,0,0,0,0
34,000,STATE - PUDUCHERRY,13,139,1392,"Manufacture of made-up textile articles, except apparel",16,5,11,6,0,6,10,5,5,0,0,0,0,0,0,0,0,0
34,000,STATE - PUDUCHERRY,13,139,1394,"Manufacture of cordage, rope, twine and netting",29,5,24,14,2,12,15,3,12,3,3,0,0,0,0,3,3,0
34,000,STATE - PUDUCHERRY,13,139,1399,Manufacture of other textiles n.e.c.,34,23,11,6,6,0,28,17,11,0,0,0,0,0,0,0,0,0
34,000,STATE - PUDUCHERRY,14,141,1410,"Manufacture of wearing apparel, except fur apparel",476,225,251,142,68,74,334,157,177,47,16,31,14,2,12,33,14,19
34,000,STATE - PUDUCHERRY,14,143,1430,Manufacture of knitted and crocheted apparel,6,0,6,0,0,0,6,0,6,0,0,0,0,0,0,0,0,0
34,000,STATE - PUDUCHERRY,15,151,1511,Tanning and dressing of leather; dressing and dyeing of fur,25,6,19,8,0,8,17,6,11,0,0,0,0,0,0,0,0,0
34,000,STATE - PUDUCHERRY,15,151,1512,"Manufacture of luggage, handbags and the like, saddlery and harness",118,53,65,28,12,16,90,41,49,22,12,10,0,0,0,22,12,10
34,000,STATE - PUDUCHERRY,15,152,1520,Manufacture of footwear,72,63,9,18,18,0,54,45,9,14,14,0,8,8,0,6,6,0
34,000,STATE - PUDUCHERRY,16,161,1610,Saw milling and planing of wood,46,42,4,0,0,0,46,42,4,0,0,0,0,0,0,0,0,0
34,000,STATE - PUDUCHERRY,16,162,1622,Manufacture of builders carpentry and joinery,294,292,2,48,46,2,246,246,0,43,43,0,24,24,0,19,19,0
34,000,STATE - PUDUCHERRY,16,162,1623,Manufacture of wooden containers,35,20,15,24,14,10,11,6,5,16,14,2,12,12,0,4,2,2
34,000,STATE - PUDUCHERRY,16,162,1629,"Manufacture of other products of wood; manufacture of articles of cork,",26,12,14,16,12,4,10,0,10,2,0,2,0,0,0,2,0,2
34,000,STATE - PUDUCHERRY,17,170,1701,"Manufacture of pulp, paper and paperboard",85,55,30,46,32,14,39,23,16,6,2,4,4,0,4,2,2,0
34,000,STATE - PUDUCHERRY,17,170,1702,Manufacture of corrugated paper and paperboard and containers of,51,20,31,32,6,26,19,14,5,12,8,4,8,6,2,4,2,2
34,000,STATE - PUDUCHERRY,17,170,1709,Manufacture of other articles of paper and paperboard,34,22,12,14,8,6,20,14,6,0,0,0,0,0,0,0,0,0
34,000,STATE - PUDUCHERRY,18,181,1811,Printing,13,9,4,2,0,2,11,9,2,2,2,0,2,2,0,0,0,0
34,000,STATE - PUDUCHERRY,18,181,1812,Service activities related to printing,215,185,30,48,42,6,167,143,24,15,12,3,0,0,0,15,12,3
34,000,STATE - PUDUCHERRY,19,192,1920,Manufacture of refined petroleum products,6,3,3,0,0,0,6,3,3,0,0,0,0,0,0,0,0,0
34,000,STATE - PUDUCHERRY,20,201,2011,Manufacture of basic chemicals,43,41,2,22,20,2,21,21,0,0,0,0,0,0,0,0,0,0
34,000,STATE - PUDUCHERRY,20,201,2012,Manufacture of fertilizers and nitrogen compounds,17,9,8,14,6,8,3,3,0,6,6,0,6,6,0,0,0,0
34,000,STATE - PUDUCHERRY,20,202,2021,Manufacture of pesticides and other agrochemical products,28,18,10,12,12,0,16,6,10,2,0,2,0,0,0,2,0,2
34,000,STATE - PUDUCHERRY,20,202,2022,"Manufacture of paints, varnishes and similar coatings, printing ink and",33,27,6,30,24,6,3,3,0,0,0,0,0,0,0,0,0,0
34,000,STATE - PUDUCHERRY,20,202,2023,"Manufacture of soap and detergents, cleaning and polishing preparations,",362,146,216,264,90,174,98,56,42,27,12,15,22,12,10,5,0,5
34,000,STATE - PUDUCHERRY,20,202,2029,Manufacture of other chemical products n.e.c.,70,42,28,42,18,24,28,24,4,0,0,0,0,0,0,0,0,0
34,000,STATE - PUDUCHERRY,21,210,2100,"Manufacture of pharmaceuticals, medicinal chemical and botanical",209,73,136,78,28,50,131,45,86,6,0,6,6,0,6,0,0,0
34,000,STATE - PUDUCHERRY,22,221,2211,Manufacture of rubber tyres and tubes; retreading and rebuilding of,202,165,37,154,128,26,48,37,11,6,6,0,6,6,0,0,0,0
34,000,STATE - PUDUCHERRY,22,221,2219,Manufacture of other rubber products,9,3,6,0,0,0,9,3,6,6,6,0,6,6,0,0,0,0
34,000,STATE - PUDUCHERRY,22,222,2220,Manufacture of plastics products,259,140,119,118,62,56,141,78,63,19,5,14,8,0,8,11,5,6
34,000,STATE - PUDUCHERRY,23,231,2310,Manufacture of glass and glass products,53,38,15,44,32,12,9,6,3,0,0,0,0,0,0,0,0,0
34,000,STATE - PUDUCHERRY,23,239,2391,Manufacture of refractory products,9,6,3,0,0,0,9,6,3,0,0,0,0,0,0,0,0,0
34,000,STATE - PUDUCHERRY,23,239,2392,Manufacture of clay building materials,78,62,16,50,46,4,28,16,12,10,3,7,4,0,4,6,3,3
34,000,STATE - PUDUCHERRY,23,239,2393,Manufacture of other porcelain and ceramic products,56,54,2,6,6,0,50,48,2,3,0,3,0,0,0,3,0,3
34,000,STATE - PUDUCHERRY,23,239,2394,"Manufacture of cement, lime and plaster",74,63,11,42,36,6,32,27,5,0,0,0,0,0,0,0,0,0
34,000,STATE - PUDUCHERRY,23,239,2395,"Manufacture of articles of concrete, cement and plaster",59,56,3,24,24,0,35,32,3,2,2,0,2,2,0,0,0,0
34,000,STATE - PUDUCHERRY,23,239,2396,"Cutting, shaping and finishing of stone",6,6,0,6,6,0,0,0,0,0,0,0,0,0,0,0,0,0
34,000,STATE - PUDUCHERRY,23,239,2399,Manufacture of other non-metallic mineral products n.e.c.,0,0,0,0,0,0,0,0,0,6,0,6,0,0,0,6,0,6
34,000,STATE - PUDUCHERRY,24,241,2410,Manufacture of basic iron and steel,22,20,2,14,14,0,8,6,2,2,2,0,2,2,0,0,0,0
34,000,STATE - PUDUCHERRY,24,242,2420,Manufacture of basic precious and other non-ferrous metals,3,3,0,0,0,0,3,3,0,0,0,0,0,0,0,0,0,0
34,000,STATE - PUDUCHERRY,24,243,2431,Casting of iron and steel,6,6,0,6,6,0,0,0,0,0,0,0,0,0,0,0,0,0
34,000,STATE - PUDUCHERRY,25,251,2511,Manufacture of structural metal products,8,8,0,2,2,0,6,6,0,0,0,0,0,0,0,0,0,0
34,000,STATE - PUDUCHERRY,25,251,2512,"Manufacture of tanks, reservoirs and containers of metal",3,3,0,0,0,0,3,3,0,0,0,0,0,0,0,0,0,0
34,000,STATE - PUDUCHERRY,25,251,2513,"Manufacture of steam generators, except central heating hot water",3,3,0,0,0,0,3,3,0,0,0,0,0,0,0,0,0,0
34,000,STATE - PUDUCHERRY,25,259,2593,"Manufacture of cutlery, hand tools and general hardware",23,23,0,20,20,0,3,3,0,0,0,0,0,0,0,0,0,0
34,000,STATE - PUDUCHERRY,25,259,2599,Manufacture of other fabricated metal products n.e.c.,235,225,10,92,82,10,143,143,0,18,12,6,18,12,6,0,0,0
34,000,STATE - PUDUCHERRY,26,261,2610,Manufacture of electronic components,27,9,18,18,6,12,9,3,6,0,0,0,0,0,0,0,0,0
34,000,STATE - PUDUCHERRY,26,262,2620,Manufacture of computers and peripheral equipment,23,20,3,0,0,0,23,20,3,0,0,0,0,0,0,0,0,0
34,000,STATE - PUDUCHERRY,26,263,2630,Manufacture of communication equipment,9,9,0,0,0,0,9,9,0,0,0,0,0,0,0,0,0,0
34,000,STATE - PUDUCHERRY,26,264,2640,Manufacture of consumer electronics,15,11,4,2,2,0,13,9,4,0,0,0,0,0,0,0,0,0
34,000,STATE - PUDUCHERRY,26,265,2651,"Manufacture of measuring, testing, navigating and control equipment",2,0,2,0,0,0,2,0,2,0,0,0,0,0,0,0,0,0
34,000,STATE - PUDUCHERRY,26,267,2670,Manufacture of optical instruments and equipment,9,9,0,6,6,0,3,3,0,0,0,0,0,0,0,0,0,0
34,000,STATE - PUDUCHERRY,27,271,2710,"Manufacture of electric motors, generators, transformers and electricity",43,40,3,10,10,0,33,30,3,0,0,0,0,0,0,0,0,0
34,000,STATE - PUDUCHERRY,27,273,2733,Manufacture of wiring devices,3,3,0,0,0,0,3,3,0,0,0,0,0,0,0,0,0,0
34,000,STATE - PUDUCHERRY,27,274,2740,Manufacture of electric lighting equipment,5,3,2,0,0,0,5,3,2,0,0,0,0,0,0,0,0,0
34,000,STATE - PUDUCHERRY,27,275,2750,Manufacture of domestic appliances,24,24,0,18,18,0,6,6,0,0,0,0,0,0,0,0,0,0
34,000,STATE - PUDUCHERRY,28,281,2813,"Manufacture of other pumps, compressors, taps and valves",0,0,0,0,0,0,0,0,0,6,6,0,6,6,0,0,0,0
34,000,STATE - PUDUCHERRY,28,281,2819,Manufacture of other general-purpose machinery,15,3,12,12,0,12,3,3,0,0,0,0,0,0,0,0,0,0
34,000,STATE - PUDUCHERRY,28,282,2821,Manufacture of agricultural and forestry machinery,6,6,0,6,6,0,0,0,0,0,0,0,0,0,0,0,0,0
34,000,STATE - PUDUCHERRY,28,282,2822,Manufacture of metal-forming machinery and machine tools,6,6,0,6,6,0,0,0,0,3,3,0,0,0,0,3,3,0
34,000,STATE - PUDUCHERRY,28,282,2824,"Manufacture of machinery for mining, quarrying and construction",21,21,0,8,8,0,13,13,0,0,0,0,0,0,0,0,0,0
34,000,STATE - PUDUCHERRY,28,282,2826,"Manufacture of machinery for textile, apparel and leather production",18,15,3,6,6,0,12,9,3,0,0,0,0,0,0,0,0,0
34,000,STATE - PUDUCHERRY,28,282,2829,Manufacture of other special-purpose machinery,2,0,2,0,0,0,2,0,2,0,0,0,0,0,0,0,0,0
34,000,STATE - PUDUCHERRY,29,291,2910,Manufacture of motor vehicles,23,20,3,12,12,0,11,8,3,0,0,0,0,0,0,0,0,0
34,000,STATE - PUDUCHERRY,29,292,2920,Manufacture of bodies (coachwork) for motor vehicles; manufacture of trailers and semi-trailers,11,11,0,6,6,0,5,5,0,0,0,0,0,0,0,0,0,0
34,000,STATE - PUDUCHERRY,29,293,2930,Manufacture of parts and accessories for motor vehicles,26,14,12,20,8,12,6,6,0,0,0,0,0,0,0,0,0,0
34,000,STATE - PUDUCHERRY,30,301,3011,Building of ships and floating structures,5,5,0,0,0,0,5,5,0,0,0,0,0,0,0,0,0,0
34,000,STATE - PUDUCHERRY,30,309,3091,Manufacture of motorcycles,6,0,6,6,0,6,0,0,0,0,0,0,0,0,0,0,0,0
34,000,STATE - PUDUCHERRY,30,309,3099,Manufacture of other transport equipment n.e.c.,12,12,0,6,6,0,6,6,0,6,6,0,6,6,0,0,0,0
34,000,STATE - PUDUCHERRY,31,310,3100,Manufacture of furniture,41,39,2,30,28,2,11,11,0,12,12,0,6,6,0,6,6,0
34,000,STATE - PUDUCHERRY,32,321,3211,Manufacture of jewellery and related articles,9,6,3,6,6,0,3,0,3,6,6,0,6,6,0,0,0,0
34,000,STATE - PUDUCHERRY,32,322,3220,Manufacture of musical instruments,3,3,0,0,0,0,3,3,0,0,0,0,0,0,0,0,0,0
34,000,STATE - PUDUCHERRY,32,324,3240,Manufacture of games and toys,9,3,6,0,0,0,9,3,6,6,0,6,6,0,6,0,0,0
34,000,STATE - PUDUCHERRY,32,325,3250,Manufacture of medical and dental instruments and supplies,12,6,6,6,6,0,6,0,6,0,0,0,0,0,0,0,0,0
34,000,STATE - PUDUCHERRY,32,329,3290,Other manufacturing n.e.c.,72,30,42,46,18,28,26,12,14,3,0,3,0,0,0,3,0,3
34,000,STATE - PUDUCHERRY,33,331,3311,Repair of fabricated metal products,120,117,3,46,46,0,74,71,3,9,9,0,0,0,0,9,9,0
34,000,STATE - PUDUCHERRY,33,331,3312,Repair of machinery,12,9,3,6,6,0,6,3,3,0,0,0,0,0,0,0,0,0
34,000,STATE - PUDUCHERRY,33,331,3313,Repair of electronic and optical equipment,3,3,0,0,0,0,3,3,0,0,0,0,0,0,0,0,0,0
34,000,STATE - PUDUCHERRY,33,331,3314,Repair of electrical equipment,69,69,0,10,10,0,59,59,0,6,6,0,0,0,0,6,6,0
34,000,STATE - PUDUCHERRY,35,351,3510,"Electric power generation, transmission and distribution",265,254,11,134,132,2,131,122,9,8,6,2,8,6,2,0,0,0
34,000,STATE - PUDUCHERRY,35,352,3520,Manufacture of gas; distribution of gaseous fuels through mains,24,24,0,12,12,0,12,12,0,0,0,0,0,0,0,0,0,0
34,000,STATE - PUDUCHERRY,36,360,3600,"Water collection, treatment and supply",28,26,2,14,12,2,14,14,0,2,2,0,2,2,0,0,0,0
34,000,STATE - PUDUCHERRY,37,370,3700,Sewerage,26,26,0,0,0,0,26,26,0,8,8,0,0,0,0,8,8,0
34,000,STATE - PUDUCHERRY,38,381,3811,Collection of non-hazardous waste,31,14,17,20,6,14,11,8,3,7,0,7,0,0,0,7,0,7
34,000,STATE - PUDUCHERRY,38,381,3812,Collection of hazardous waste,2,0,2,0,0,0,2,0,2,2,0,2,0,0,0,2,0,2
34,000,STATE - PUDUCHERRY,38,382,3822,Treatment and disposal of hazardous waste,3,3,0,0,0,0,3,3,0,2,0,2,0,0,0,2,0,2
34,000,STATE - PUDUCHERRY,39,390,3900,Remediation activities and other waste management services,4,2,2,4,2,2,0,0,0,0,0,0,0,0,0,0,0,0
34,000,STATE - PUDUCHERRY,41,410,4100,Construction of buildings,4091,3255,836,1316,1022,294,2775,2233,542,678,524,154,304,216,88,374,308,66
34,000,STATE - PUDUCHERRY,42,421,4210,Construction roads and railways,212,142,70,198,130,68,14,12,2,43,29,14,38,26,12,5,3,2
34,000,STATE - PUDUCHERRY,42,422,4220,Construction of utility projects,28,20,8,28,20,8,0,0,0,60,12,48,54,6,48,6,6,0
34,000,STATE - PUDUCHERRY,42,429,4290,Construction of other civil engineering projects,33,24,9,24,18,6,9,6,3,0,0,0,0,0,0,0,0,0
34,000,STATE - PUDUCHERRY,43,431,4312,Site preparation,33,33,0,24,24,0,9,9,0,0,0,0,0,0,0,0,0,0
34,000,STATE - PUDUCHERRY,43,432,4321,Electrical installation,351,343,8,136,128,8,215,215,0,45,30,15,18,6,12,27,24,3
34,000,STATE - PUDUCHERRY,43,432,4322,"Plumbing, heat and air-conditioning installation",115,113,2,18,18,0,97,95,2,36,36,0,2,2,0,34,34,0
34,000,STATE - PUDUCHERRY,43,432,4329,Other construction installation,876,652,224,332,260,72,544,392,152,162,111,51,58,26,32,104,85,19
34,000,STATE - PUDUCHERRY,43,433,4330,Building completion and finishing,1253,1240,13,204,202,2,1049,1038,11,236,234,2,48,48,0,188,186,2
34,000,STATE - PUDUCHERRY,45,451,4510,Sale of motor vehicles,20,15,5,0,0,0,20,15,5,0,0,0,0,0,0,0,0,0
34,000,STATE - PUDUCHERRY,45,452,4520,Maintenance and repair of motor vehicles,194,194,0,74,74,0,120,120,0,21,21,0,18,18,0,3,3,0
34,000,STATE - PUDUCHERRY,45,453,4530,Sale of motor vehicle parts and accessories,14,14,0,12,12,0,2,2,0,0,0,0,0,0,0,0,0,0
34,000,STATE - PUDUCHERRY,45,454,4540,"Sale, maintenance and repair of motorcycles and related parts and",132,119,13,60,54,6,72,65,7,3,3,0,0,0,0,3,3,0
34,000,STATE - PUDUCHERRY,46,461,4610,Wholesale on a fee or contract basis,18,18,0,0,0,0,18,18,0,0,0,0,0,0,0,0,0,0
34,000,STATE - PUDUCHERRY,46,462,4620,Wholesale of agricultural raw materials and live animals,18,18,0,0,0,0,18,18,0,3,0,3,0,0,0,3,0,3
34,000,STATE - PUDUCHERRY,46,463,4630,"Wholesale of food, beverages and tobacco",97,68,29,44,18,26,53,50,3,2,2,0,0,0,0,2,2,0
34,000,STATE - PUDUCHERRY,46,464,4641,"Wholesale of textiles, clothing and footwear",15,3,12,12,0,12,3,3,0,0,0,0,0,0,0,0,0,0
34,000,STATE - PUDUCHERRY,46,464,4649,Wholesale of other household goods,28,21,7,0,0,0,28,21,7,6,6,0,0,0,0,6,6,0
34,000,STATE - PUDUCHERRY,46,465,4651,"Wholesale of computers, computer peripheral equipment and software",3,3,0,0,0,0,3,3,0,0,0,0,0,0,0,0,0,0
34,000,STATE - PUDUCHERRY,46,465,4652,Wholesale of electronic and telecommunications equipment and parts,9,9,0,6,6,0,3,3,0,3,3,0,0,0,0,3,3,0
34,000,STATE - PUDUCHERRY,46,465,4659,Wholesale of other machinery and equipment,5,5,0,2,2,0,3,3,0,0,0,0,0,0,0,0,0,0
34,000,STATE - PUDUCHERRY,46,466,4661,"Wholesale of solid, liquid and gaseous fuels and related products",3,3,0,0,0,0,3,3,0,0,0,0,0,0,0,0,0,0
34,000,STATE - PUDUCHERRY,46,466,4663,"Wholesale of construction materials, hardware, plumbing and heating",6,6,0,6,6,0,0,0,0,0,0,0,0,0,0,0,0,0
34,000,STATE - PUDUCHERRY,46,466,4669,Wholesale of waste and scrap and other products n.e.c.,6,3,3,0,0,0,6,3,3,0,0,0,0,0,0,0,0,0
34,000,STATE - PUDUCHERRY,46,469,4690,Non-specialized wholesale trade,6,6,0,0,0,0,6,6,0,0,0,0,0,0,0,0,0,0
34,000,STATE - PUDUCHERRY,47,471,4711,"Retail sale in non-specialized stores with food, beverages or tobacco",3,0,3,0,0,0,3,0,3,0,0,0,0,0,0,0,0,0
34,000,STATE - PUDUCHERRY,47,471,4719,Other retail sale in non-specialized stores,19,17,2,8,6,2,11,11,0,3,0,3,0,0,0,3,0,3
34,000,STATE - PUDUCHERRY,47,472,4721,Retail sale of food in specialized stores,955,696,259,360,242,118,595,454,141,84,47,37,42,14,28,42,33,9
34,000,STATE - PUDUCHERRY,47,472,4722,Retail sale of beverages in specialized stores,31,26,5,6,6,0,25,20,5,3,3,0,0,0,0,3,3,0
34,000,STATE - PUDUCHERRY,47,473,4730,Retail sale of automotive fuel in specialized stores,107,96,11,66,60,6,41,36,5,12,12,0,6,6,0,6,6,0
34,000,STATE - PUDUCHERRY,47,474,4741,"Retail sale of computers, peripheral units, software and",31,25,6,0,0,0,31,25,6,3,3,0,0,0,0,3,3,0
34,000,STATE - PUDUCHERRY,47,474,4742,Retail sale of audio and video equipment in specialized stores,3,3,0,0,0,0,3,3,0,0,0,0,0,0,0,0,0,0
34,000,STATE - PUDUCHERRY,47,475,4751,Retail sale of textiles in specialized stores,185,139,46,58,52,6,127,87,40,14,3,11,0,0,0,14,3,11
34,000,STATE - PUDUCHERRY,47,475,4752,"Retail sale of hardware, paints and glass in specialized stores",136,134,2,26,26,0,110,108,2,19,19,0,12,12,0,7,7,0
34,000,STATE - PUDUCHERRY,47,475,4759,"Retail sale of electrical household appliances, furniture, lighting",83,70,13,24,18,6,59,52,7,2,2,0,0,0,0,2,2,0
34,000,STATE - PUDUCHERRY,47,476,4761,"Retail sale of books, newspapers and stationary in specialized stores",37,21,16,0,0,0,37,21,16,5,2,3,0,0,0,5,2,3
34,000,STATE - PUDUCHERRY,47,476,4764,Retail sale of games and toys in specialized stores,9,6,3,0,0,0,9,6,3,0,0,0,0,0,0,0,0,0
34,000,STATE - PUDUCHERRY,47,477,4771,"Retail sale of clothing, footwear and leather articles in specialized",114,91,23,30,24,6,84,67,17,3,3,0,0,0,0,3,3,0
34,000,STATE - PUDUCHERRY,47,477,4772,"Retail sale of pharmaceutical and medical goods, cosmetic and toilet",165,81,84,82,40,42,83,41,42,6,0,6,6,0,6,0,0,0
34,000,STATE - PUDUCHERRY,47,477,4773,Other retail sale of new goods in specialized stores,229,130,99,92,60,32,137,70,67,21,9,12,4,0,4,17,9,8
34,000,STATE - PUDUCHERRY,47,477,4774,Retail sale of second-hand goods,16,12,4,0,0,0,16,12,4,5,3,2,0,0,0,5,3,2
34,000,STATE - PUDUCHERRY,47,478,4782,"Retail sale via stalls and markets of textiles, clothing and footwear",24,8,16,6,0,6,18,8,10,0,0,0,0,0,0,0,0,0
34,000,STATE - PUDUCHERRY,47,478,4789,Retail sale via stalls and markets of other goods,219,169,50,94,74,20,125,95,30,16,6,10,8,6,2,8,0,8
34,000,STATE - PUDUCHERRY,47,479,4799,"Other retail sale not in stores, stalls or markets",44,29,15,0,0,0,44,29,15,39,23,16,20,18,2,19,5,14
34,000,STATE - PUDUCHERRY,49,491,4911,Passenger rail transport,25,25,0,0,0,0,25,25,0,0,0,0,0,0,0,0,0,0
34,000,STATE - PUDUCHERRY,49,491,4912,Freight rail transport,5,5,0,0,0,0,5,5,0,0,0,0,0,0,0,0,0,0
34,000,STATE - PUDUCHERRY,49,492,4921,Urban or suburban passenger land transport,311,299,12,150,140,10,161,159,2,15,15,0,12,12,0,3,3,0
34,000,STATE - PUDUCHERRY,49,492,4922,Other passenger land transport,1541,1529,12,464,462,2,1077,1067,10,148,145,3,54,54,0,94,91,3
34,000,STATE - PUDUCHERRY,49,492,4923,Freight transport by road,738,738,0,234,234,0,504,504,0,94,94,0,48,48,0,46,46,0
34,000,STATE - PUDUCHERRY,49,493,4930,Transport via pipeline,6,6,0,0,0,0,6,6,0,0,0,0,0,0,0,0,0,0
34,000,STATE - PUDUCHERRY,50,501,5011,Sea and coastal passenger water transport,30,30,0,24,24,0,6,6,0,0,0,0,0,0,0,0,0,0
34,000,STATE - PUDUCHERRY,51,512,5120,Freight air transport,3,3,0,0,0,0,3,3,0,0,0,0,0,0,0,0,0,0
34,000,STATE - PUDUCHERRY,52,521,5210,Warehousing and storage,29,26,3,8,8,0,21,18,3,0,0,0,0,0,0,0,0,0
34,000,STATE - PUDUCHERRY,52,522,5221,Service activities incidental to land transportation,24,24,0,0,0,0,24,24,0,0,0,0,0,0,0,0,0,0
34,000,STATE - PUDUCHERRY,52,522,5224,Cargo handling,12,12,0,0,0,0,12,12,0,0,0,0,0,0,0,0,0,0
34,000,STATE - PUDUCHERRY,52,522,5229,Other transportation support activities,13,13,0,8,8,0,5,5,0,0,0,0,0,0,0,0,0,0
34,000,STATE - PUDUCHERRY,53,531,5310,Postal activities,75,58,17,32,26,6,43,32,11,2,0,2,0,0,0,2,0,2
34,000,STATE - PUDUCHERRY,53,532,5320,Courier activities,44,38,6,18,18,0,26,20,6,0,0,0,0,0,0,0,0,0
34,000,STATE - PUDUCHERRY,55,551,5510,Short term accommodation activities,181,140,41,76,60,16,105,80,25,8,3,5,0,0,0,8,3,5
34,000,STATE - PUDUCHERRY,55,559,5590,Other accommodation,23,9,14,18,6,12,5,3,2,0,0,0,0,0,0,0,0,0
34,000,STATE - PUDUCHERRY,56,561,5610,Restaurants and mobile food service activities,419,325,94,100,72,28,319,253,66,41,28,13,10,8,2,31,20,11
34,000,STATE - PUDUCHERRY,56,562,5621,Event catering,69,60,9,32,30,2,37,30,7,13,8,5,4,2,2,9,6,3
34,000,STATE - PUDUCHERRY,56,562,5629,Other food service activities,6,6,0,6,6,0,0,0,0,0,0,0,0,0,0,0,0,0
34,000,STATE - PUDUCHERRY,56,563,5630,Beverage serving activities,76,67,9,6,6,0,70,61,9,9,6,3,0,0,0,9,6,3
34,000,STATE - PUDUCHERRY,58,581,5813,"Publishing of newspapers, journals and periodicals",29,29,0,6,6,0,23,23,0,0,0,0,0,0,0,0,0,0
34,000,STATE - PUDUCHERRY,58,582,5820,Software publishing,3,3,0,0,0,0,3,3,0,0,0,0,0,0,0,0,0,0
34,000,STATE - PUDUCHERRY,59,591,5913,"Motion picture, video and television programme distribution activities",3,3,0,0,0,0,3,3,0,0,0,0,0,0,0,0,0,0
34,000,STATE - PUDUCHERRY,59,591,5914,Motion picture projection activities,21,21,0,0,0,0,21,21,0,0,0,0,0,0,0,0,0,0
34,000,STATE - PUDUCHERRY,59,592,5920,Sound recording and music publishing activitiesT,15,15,0,0,0,0,15,15,0,0,0,0,0,0,0,0,0,0
34,000,STATE - PUDUCHERRY,60,601,6010,Radio broadcasting,6,6,0,0,0,0,6,6,0,0,0,0,0,0,0,0,0,0
34,000,STATE - PUDUCHERRY,60,602,6020,Television programming and broadcasting activities,36,36,0,18,18,0,18,18,0,0,0,0,0,0,0,0,0,0
34,000,STATE - PUDUCHERRY,61,611,6110,Wired telecommunications activities,64,55,9,12,6,6,52,49,3,0,0,0,0,0,0,0,0,0
34,000,STATE - PUDUCHERRY,61,612,6120,Wireless telecommunications activities,5,3,2,0,0,0,5,3,2,0,0,0,0,0,0,0,0,0
34,000,STATE - PUDUCHERRY,61,619,6190,Other telecommunications activities,101,92,9,20,20,0,81,72,9,0,0,0,0,0,0,0,0,0
34,000,STATE - PUDUCHERRY,62,620,6201,Computer programming activities,264,174,90,40,32,8,224,142,82,6,3,3,0,0,0,6,3,3
34,000,STATE - PUDUCHERRY,62,620,6202,Computer consultancy and computer facilities management activities,24,12,12,12,6,6,12,6,6,6,0,6,0,0,0,6,0,6
34,000,STATE - PUDUCHERRY,62,620,6209,Other information technology and computer service activities,72,51,21,10,10,0,62,41,21,3,0,3,0,0,0,3,0,3
34,000,STATE - PUDUCHERRY,63,631,6311,"Data processing, hosting and related activities",9,0,9,0,0,0,9,0,9,0,0,0,0,0,0,0,0,0
34,000,STATE - PUDUCHERRY,63,639,6391,News agency activities,3,3,0,0,0,0,3,3,0,0,0,0,0,0,0,0,0,0
34,000,STATE - PUDUCHERRY,63,639,6399,Other information service activities n.e.c.,14,14,0,2,2,0,12,12,0,0,0,0,0,0,0,0,0,0
34,000,STATE - PUDUCHERRY,64,641,6411,Central banking,9,9,0,6,6,0,3,3,0,0,0,0,0,0,0,0,0,0
34,000,STATE - PUDUCHERRY,64,641,6419,Other monetary intermediation,390,293,97,88,80,8,302,213,89,0,0,0,0,0,0,0,0,0
34,000,STATE - PUDUCHERRY,64,643,6430,"Trusts, funds and other financial vehicles",9,9,0,6,6,0,3,3,0,0,0,0,0,0,0,0,0,0
34,000,STATE - PUDUCHERRY,64,649,6491,Financial leasing,52,44,8,6,6,0,46,38,8,0,0,0,0,0,0,0,0,0
34,000,STATE - PUDUCHERRY,64,649,6499,"Other financial service activities, except insurance and pension funding",21,21,0,12,12,0,9,9,0,3,3,0,0,0,0,3,3,0
34,000,STATE - PUDUCHERRY,65,651,6511,Life insurance,98,77,21,40,28,12,58,49,9,2,0,2,2,0,2,0,0,0
34,000,STATE - PUDUCHERRY,66,661,6611,Administration of financial markets,6,6,0,0,0,0,6,6,0,0,0,0,0,0,0,0,0,0
34,000,STATE - PUDUCHERRY,66,661,6619,Activities auxiliary to financial service activities n.e.c.,6,0,6,6,0,6,0,0,0,0,0,0,0,0,0,0,0,0
34,000,STATE - PUDUCHERRY,68,681,6810,Real estate activities with own or leased property,21,21,0,0,0,0,21,21,0,0,0,0,0,0,0,0,0,0
34,000,STATE - PUDUCHERRY,68,682,6820,Real estate activities on a fee or contract basis,36,36,0,0,0,0,36,36,0,6,6,0,6,6,0,0,0,0
34,000,STATE - PUDUCHERRY,69,691,6910,Legal activities,77,75,2,42,42,0,35,33,2,6,6,0,6,6,0,0,0,0
34,000,STATE - PUDUCHERRY,69,692,6920,"Accounting, bookkeeping and auditing activities; tax consultancy",9,6,3,0,0,0,9,6,3,3,0,3,0,0,0,3,0,3
34,000,STATE - PUDUCHERRY,71,711,7110,Architectural and engineering activities and related technical,3,3,0,0,0,0,3,3,0,0,0,0,0,0,0,0,0,0
34,000,STATE - PUDUCHERRY,71,712,7120,Technical testing and analysis,3,3,0,0,0,0,3,3,0,0,0,0,0,0,0,0,0,0
34,000,STATE - PUDUCHERRY,73,731,7310,Advertising,15,15,0,0,0,0,15,15,0,3,3,0,0,0,0,3,3,0
34,000,STATE - PUDUCHERRY,73,732,7320,Market research and public opinion polling,3,3,0,0,0,0,3,3,0,0,0,0,0,0,0,0,0,0
34,000,STATE - PUDUCHERRY,74,741,7410,Specialized design activities,41,36,5,12,12,0,29,24,5,13,11,2,6,6,0,7,5,2
34,000,STATE - PUDUCHERRY,74,742,7420,Photographic activities,111,107,4,48,48,0,63,59,4,2,2,0,0,0,0,2,2,0
34,000,STATE - PUDUCHERRY,74,749,7490,"Other professional, scientific and technical activities n.e.c.",33,24,9,18,12,6,15,12,3,0,0,0,0,0,0,0,0,0
34,000,STATE - PUDUCHERRY,75,750,7500,Veterinary activities,39,30,9,6,0,6,33,30,3,0,0,0,0,0,0,0,0,0
34,000,STATE - PUDUCHERRY,77,772,7729,Renting and leasing of other personal and household goods n.e.c.,6,6,0,0,0,0,6,6,0,3,3,0,0,0,0,3,3,0
34,000,STATE - PUDUCHERRY,78,781,7810,Activities of employment placement agencies,3,3,0,0,0,0,3,3,0,0,0,0,0,0,0,0,0,0
34,000,STATE - PUDUCHERRY,79,791,7911,Travel agency activities,65,65,0,12,12,0,53,53,0,0,0,0,0,0,0,0,0,0
34,000,STATE - PUDUCHERRY,79,791,7912,Tour operator activities,6,6,0,0,0,0,6,6,0,0,0,0,0,0,0,0,0,0
34,000,STATE - PUDUCHERRY,80,801,8010,Private security activities,249,240,9,56,52,4,193,188,5,9,9,0,0,0,0,9,9,0
34,000,STATE - PUDUCHERRY,80,802,8020,Security systems service activities,6,6,0,0,0,0,6,6,0,0,0,0,0,0,0,0,0,0
34,000,STATE - PUDUCHERRY,81,811,8110,Combined facilities support activities,2,0,2,2,0,2,0,0,0,0,0,0,0,0,0,0,0,0
34,000,STATE - PUDUCHERRY,81,812,8121,General cleaning of buildings,25,6,19,6,0,6,19,6,13,3,0,3,0,0,0,3,0,3
34,000,STATE - PUDUCHERRY,81,812,8129,Other building and industrial cleaning activities,19,9,10,12,6,6,7,3,4,0,0,0,0,0,0,0,0,0
34,000,STATE - PUDUCHERRY,82,821,8219,"Photocopying, document preparation and other specialized office",44,32,12,8,8,0,36,24,12,12,0,12,0,0,0,12,0,12
34,000,STATE - PUDUCHERRY,82,822,8220,Activities of call centres,14,5,9,6,0,6,8,5,3,0,0,0,0,0,0,0,0,0
34,000,STATE - PUDUCHERRY,82,829,8292,Packaging activities,43,24,19,6,0,6,37,24,13,6,3,3,0,0,0,6,3,3
34,000,STATE - PUDUCHERRY,82,829,8299,Other business support service activities n.e.c.,11,9,2,2,0,2,9,9,0,0,0,0,0,0,0,0,0,0
34,000,STATE - PUDUCHERRY,84,841,8411,General public administration activities,3578,2777,801,1426,1162,264,2152,1615,537,64,20,44,14,6,8,50,14,36
34,000,STATE - PUDUCHERRY,84,841,8412,"Regulation of the activities of providing health care, education, cultural",6,6,0,0,0,0,6,6,0,0,0,0,0,0,0,0,0,0
34,000,STATE - PUDUCHERRY,84,842,8422,Defence activities,3,3,0,0,0,0,3,3,0,0,0,0,0,0,0,0,0,0
34,000,STATE - PUDUCHERRY,84,842,8423,Public order and safety activities,66,57,9,24,24,0,42,33,9,0,0,0,0,0,0,0,0,0
34,000,STATE - PUDUCHERRY,84,843,8430,Compulsory social security activities,504,477,27,218,210,8,286,267,19,12,12,0,12,12,0,0,0,0
34,000,STATE - PUDUCHERRY,85,851,8510,Primary education,1208,487,721,602,256,346,606,231,375,56,6,50,32,6,26,24,0,24
34,000,STATE - PUDUCHERRY,85,852,8521,General secondary education,461,253,208,162,116,46,299,137,162,5,0,5,2,0,2,3,0,3
34,000,STATE - PUDUCHERRY,85,852,8522,Technical and vocational secondary education,3,3,0,0,0,0,3,3,0,0,0,0,0,0,0,0,0,0
34,000,STATE - PUDUCHERRY,85,853,8530,Higher education,604,340,264,196,106,90,408,234,174,15,6,9,0,0,0,15,6,9
34,000,STATE - PUDUCHERRY,85,854,8541,Sports and recreation education,12,12,0,6,6,0,6,6,0,0,0,0,0,0,0,0,0,0
34,000,STATE - PUDUCHERRY,85,854,8542,Cultural education,2,2,0,0,0,0,2,2,0,0,0,0,0,0,0,0,0,0
34,000,STATE - PUDUCHERRY,85,854,8549,Other education n.e.c.,115,53,62,42,20,22,73,33,40,32,20,12,14,8,6,18,12,6
34,000,STATE - PUDUCHERRY,85,855,8550,Educational support services,459,219,240,180,74,106,279,145,134,12,0,12,6,0,6,6,0,6
34,000,STATE - PUDUCHERRY,86,861,8610,Hospital activities,1408,672,736,490,230,260,918,442,476,30,15,15,18,12,6,12,3,9
34,000,STATE - PUDUCHERRY,86,862,8620,Medical and dental practice activities,24,8,16,10,2,8,14,6,8,0,0,0,0,0,0,0,0,0
34,000,STATE - PUDUCHERRY,86,869,8690,Other human health activities,331,129,202,124,44,80,207,85,122,19,0,19,14,0,14,5,0,5
34,000,STATE - PUDUCHERRY,87,871,8710,Nursing care facilities,15,3,12,6,0,6,9,3,6,0,0,0,0,0,0,0,0,0
34,000,STATE - PUDUCHERRY,87,873,8730,Residential care activities for the elderly and disabled,8,0,8,0,0,0,8,0,8,0,0,0,0,0,0,0,0,0
34,000,STATE - PUDUCHERRY,87,879,8790,Other residential care activities n.e.c.,26,14,12,8,6,2,18,8,10,0,0,0,0,0,0,0,0,0
34,000,STATE - PUDUCHERRY,88,881,8810,Social work activities without accommodation for the elderly and,6,6,0,6,6,0,0,0,0,0,0,0,0,0,0,0,0,0
34,000,STATE - PUDUCHERRY,88,889,8890,Other social work activities without accommodation n.e.c.,73,42,31,24,24,0,49,18,31,9,6,3,6,6,0,3,0,3
34,000,STATE - PUDUCHERRY,90,900,9000,"Dramatic arts, music and other arts activities",151,139,12,50,50,0,101,89,12,38,35,3,18,18,0,20,17,3
34,000,STATE - PUDUCHERRY,91,910,9101,Library and archives activities,24,24,0,12,12,0,12,12,0,0,0,0,0,0,0,0,0,0
34,000,STATE - PUDUCHERRY,91,910,9103,Botanical and zoological gardens and nature reserves activities,24,24,0,12,12,0,12,12,0,0,0,0,0,0,0,0,0,0
34,000,STATE - PUDUCHERRY,93,931,9319,Other sports activities,2,2,0,0,0,0,2,2,0,0,0,0,0,0,0,0,0,0
34,000,STATE - PUDUCHERRY,93,932,9329,Other amusement and recreation activities n.e.c.,50,50,0,14,14,0,36,36,0,33,18,15,18,6,12,15,12,3
34,000,STATE - PUDUCHERRY,94,949,9491,Activities of religious organizations,116,66,50,36,26,10,80,40,40,8,4,4,0,0,0,8,4,4
34,000,STATE - PUDUCHERRY,94,949,9492,Activities of political organizations,62,50,12,54,42,12,8,8,0,2,2,0,2,2,0,0,0,0
34,000,STATE - PUDUCHERRY,94,949,9499,Activities of other membership organizations n.e.c.,9,0,9,4,0,4,5,0,5,0,0,0,0,0,0,0,0,0
34,000,STATE - PUDUCHERRY,95,951,9511,Repair of computers and peripheral equipment,36,33,3,12,12,0,24,21,3,0,0,0,0,0,0,0,0,0
34,000,STATE - PUDUCHERRY,95,952,9521,Repair of consumer electronics,35,18,17,18,10,8,17,8,9,14,0,14,14,0,14,0,0,0
34,000,STATE - PUDUCHERRY,95,952,9522,Repair of household appliances and home and garden equipment,32,32,0,8,8,0,24,24,0,0,0,0,0,0,0,0,0,0
34,000,STATE - PUDUCHERRY,95,952,9523,Repair of footwear and leather goods,135,128,7,0,0,0,135,128,7,3,3,0,0,0,0,3,3,0
34,000,STATE - PUDUCHERRY,95,952,9524,Repair of furniture and home furnishings,2,2,0,0,0,0,2,2,0,0,0,0,0,0,0,0,0,0
34,000,STATE - PUDUCHERRY,95,952,9529,"Repair of personal and household goods, n.e.c.",77,67,10,20,20,0,57,47,10,21,15,6,6,6,0,15,9,6
34,000,STATE - PUDUCHERRY,96,960,9601,Washing and (dry-) cleaning of textile and fur products,177,119,58,58,30,28,119,89,30,23,9,14,14,6,8,9,3,6
34,000,STATE - PUDUCHERRY,96,960,9602,Hairdressing and other beauty treatment,90,30,60,16,6,10,74,24,50,0,0,0,0,0,0,0,0,0
34,000,STATE - PUDUCHERRY,96,960,9603,Funeral and related activities,5,3,2,0,0,0,5,3,2,8,8,0,0,0,0,8,8,0
34,000,STATE - PUDUCHERRY,96,960,9609,Other personal service activities n.e.c.,631,601,30,228,218,10,403,383,20,133,114,19,70,60,10,63,54,9
34,000,STATE - PUDUCHERRY,97,970,9700,Activities of households as employers of domestic personnel,1616,119,1497,122,36,86,1494,83,1411,313,14,299,32,6,26,281,8,273
08,000,STATE - RAJASTHAN,01,011,0111,"Growing of cereals (except rice), leguminous crops and oil seeds",12061,9911,2150,5195,3987,1208,6866,5924,942,9085,3883,5202,7777,3161,4616,1308,722,586
08,000,STATE - RAJASTHAN,01,011,0112,Growing of rice,79,71,8,48,42,6,31,29,2,13,4,9,11,2,9,2,2,0
08,000,STATE - RAJASTHAN,01,011,0113,"Growing of vegetables and melons, roots and tubers",576,440,136,304,221,83,272,219,53,319,98,221,263,82,181,56,16,40
08,000,STATE - RAJASTHAN,01,011,0114,Growing of sugar cane,11,11,0,6,6,0,5,5,0,0,0,0,0,0,0,0,0,0
08,000,STATE - RAJASTHAN,01,011,0116,Growing of fibre crops,53,49,4,41,37,4,12,12,0,76,41,35,66,33,33,10,8,2
08,000,STATE - RAJASTHAN,01,011,0119,Growing of other non-perennial crop,96,65,31,50,35,15,46,30,16,69,25,44,30,17,13,39,8,31
08,000,STATE - RAJASTHAN,01,012,0122,Growing of tropical and subtropical fruits,13,13,0,1,1,0,12,12,0,12,12,0,12,12,0,0,0,0
08,000,STATE - RAJASTHAN,01,012,0123,Growing of citrus fruits,25,23,2,21,19,2,4,4,0,6,6,0,6,6,0,0,0,0
08,000,STATE - RAJASTHAN,01,012,0124,Growing of pome fruits and stone fruits,2,0,2,2,0,2,0,0,0,6,6,0,0,0,0,6,6,0
08,000,STATE - RAJASTHAN,01,012,0125,Growing of other tree and bush fruits and nuts,58,44,14,29,27,2,29,17,12,29,11,18,27,11,16,2,0,2
08,000,STATE - RAJASTHAN,01,012,0126,Growing of oleaginous fruits,49,44,5,17,17,0,32,27,5,6,0,6,0,0,0,6,0,6
08,000,STATE - RAJASTHAN,01,012,0127,Growing of beverage crops,229,225,4,82,82,0,147,143,4,72,28,44,64,28,36,8,0,8
08,000,STATE - RAJASTHAN,01,012,0128,"Growing of spices, aromatic, drug and pharmaceutical crops",132,88,44,49,29,20,83,59,24,64,25,39,64,25,39,0,0,0
08,000,STATE - RAJASTHAN,01,012,0129,Growing of other perennial crops,683,547,136,370,273,97,313,274,39,473,192,281,383,150,233,90,42,48
08,000,STATE - RAJASTHAN,01,013,0130,Plant propagation,2994,2680,314,1589,1433,156,1405,1247,158,611,360,251,452,246,206,159,114,45
08,000,STATE - RAJASTHAN,01,014,0141,Raising of cattle and buffaloes,282736,79071,203665,257068,67283,189785,25668,11788,13880,299948,37985,261963,290140,36637,253503,9808,1348,8460
08,000,STATE - RAJASTHAN,01,014,0142,Raising of horses and other equines,797,758,39,692,659,33,105,99,6,134,76,58,122,64,58,12,12,0
08,000,STATE - RAJASTHAN,01,014,0143,Raising and breeding of camels and camelids,1137,1007,130,1097,970,127,40,37,3,285,133,152,279,133,146,6,0,6
08,000,STATE - RAJASTHAN,01,014,0144,Raising of sheep and goats,102840,70963,31877,98459,68035,30424,4381,2928,1453,57369,18323,39046,55577,17725,37852,1792,598,1194
08,000,STATE - RAJASTHAN,01,014,0145,Raising of swine/pigs,892,730,162,821,667,154,71,63,8,477,263,214,437,229,208,40,34,6
08,000,STATE - RAJASTHAN,01,014,0146,Raising of poultry,2628,2127,501,1913,1483,430,715,644,71,817,356,461,760,315,445,57,41,16
08,000,STATE - RAJASTHAN,01,014,0149,Raising of other animals,826,630,196,711,531,180,115,99,16,303,148,155,281,138,143,22,10,12
08,000,STATE - RAJASTHAN,01,015,0150,Mixed farming,5050,3872,1178,2777,1963,814,2273,1909,364,4963,1854,3109,4508,1650,2858,455,204,251
08,000,STATE - RAJASTHAN,01,016,0161,Support activities for crop production,12433,9573,2860,6973,4990,1983,5460,4583,877,9967,3649,6318,8781,3091,5690,1186,558,628
08,000,STATE - RAJASTHAN,01,016,0162,Support activities for animal production,851,302,549,677,202,475,174,100,74,1409,234,1175,1309,212,1097,100,22,78
08,000,STATE - RAJASTHAN,01,016,0163,Post-harvest crop activities,22369,17378,4991,11360,8144,3216,11009,9234,1775,21575,8182,13393,18942,6970,11972,2633,1212,1421
08,000,STATE - RAJASTHAN,01,016,0164,Seed processing for propagation,318,269,49,173,142,31,145,127,18,284,95,189,237,70,167,47,25,22
08,000,STATE - RAJASTHAN,01,017,0170,"Hunting, trapping and related service activities",828,681,147,738,601,137,90,80,10,356,117,239,336,117,219,20,0,20
08,000,STATE - RAJASTHAN,02,021,0210,Silviculture and other forestry activities,2478,2161,317,1645,1449,196,833,712,121,773,287,486,670,255,415,103,32,71
08,000,STATE - RAJASTHAN,02,022,0220,Logging,4216,2824,1392,3539,2288,1251,677,536,141,4120,1359,2761,3685,1268,2417,435,91,344
08,000,STATE - RAJASTHAN,02,023,0230,Gathering of non-wood forest products,1275,966,309,879,608,271,396,358,38,1111,382,729,1027,351,676,84,31,53
08,000,STATE - RAJASTHAN,02,024,0240,Support services to forestry,8347,7798,549,5425,5069,356,2922,2729,193,498,293,205,435,252,183,63,41,22
08,000,STATE - RAJASTHAN,03,031,0311,Marine fishing,241,232,9,122,115,7,119,117,2,125,107,18,125,107,18,0,0,0
08,000,STATE - RAJASTHAN,03,031,0312,Freash water fishing,165,156,9,61,55,6,104,101,3,51,51,0,33,33,0,18,18,0
08,000,STATE - RAJASTHAN,03,032,0321,Marine aquaculture,135,125,10,63,59,4,72,66,6,16,15,1,16,15,1,0,0,0
08,000,STATE - RAJASTHAN,03,032,0322,Freshwater aquaculture,294,277,17,115,98,17,179,179,0,58,52,6,47,41,6,11,11,0
08,000,STATE - RAJASTHAN,05,051,0510,Mining of hard coal,343,322,21,263,245,18,80,77,3,142,103,39,140,103,37,2,0,2
08,000,STATE - RAJASTHAN,05,052,0520,Mining of lignite,513,449,64,429,367,62,84,82,2,236,90,146,227,81,146,9,9,0
08,000,STATE - RAJASTHAN,06,061,0610,Extraction of crude petroleum,332,316,16,263,259,4,69,57,12,73,67,6,70,67,3,3,0,3
08,000,STATE - RAJASTHAN,06,062,0620,Extraction of natural gas,34,29,5,4,2,2,30,27,3,4,4,0,4,4,0,0,0,0
08,000,STATE - RAJASTHAN,07,071,0710,Mining of iron ores,276,276,0,173,173,0,103,103,0,14,7,7,14,7,7,0,0,0
08,000,STATE - RAJASTHAN,07,072,0729,Mining of other non-ferrous metal ores,3450,3336,114,2126,2083,43,1324,1253,71,159,145,14,132,118,14,27,27,0
08,000,STATE - RAJASTHAN,08,081,0810,"Quarrying of stone, sand and clay",107284,97380,9904,85022,77341,7681,22262,20039,2223,20506,16366,4140,18045,14689,3356,2461,1677,784
08,000,STATE - RAJASTHAN,08,089,0891,Mining of chemical and fertilizer minerals,246,233,13,147,136,11,99,97,2,72,50,22,61,39,22,11,11,0
08,000,STATE - RAJASTHAN,08,089,0892,Extraction and agglomeration of peat,1098,953,145,835,700,135,263,253,10,237,147,90,176,106,70,61,41,20
08,000,STATE - RAJASTHAN,08,089,0893,Extraction of salt,4638,4193,445,3543,3268,275,1095,925,170,1175,840,335,1009,702,307,166,138,28
08,000,STATE - RAJASTHAN,08,089,0899,Other mining and quarrying n.e.c.,72455,65381,7074,57339,51945,5394,15116,13436,1680,14758,11089,3669,12720,9757,2963,2038,1332,706
08,000,STATE - RAJASTHAN,09,091,0910,Support activities for petroleum and natural gas mining,232,219,13,170,157,13,62,62,0,29,28,1,29,28,1,0,0,0
08,000,STATE - RAJASTHAN,09,099,0990,Support activities for other mining and quarrying,6367,5794,573,4942,4503,439,1425,1291,134,1230,990,240,1118,896,222,112,94,18
08,000,STATE - RAJASTHAN,10,101,1010,Processing and preserving of meat,1631,1234,397,994,723,271,637,511,126,446,214,232,394,191,203,52,23,29
08,000,STATE - RAJASTHAN,10,102,1020,"Processing and preserving of fish, crustaceans and molluscs and",247,233,14,97,86,11,150,147,3,54,46,8,49,46,3,5,0,5
08,000,STATE - RAJASTHAN,10,103,1030,Processing and preserving of fruit and vegetables,5662,4825,837,1631,1371,260,4031,3454,577,1300,661,639,817,375,442,483,286,197
08,000,STATE - RAJASTHAN,10,104,1040,Manufacture of vegetable and animal oils and fats,10907,10243,664,5826,5427,399,5081,4816,265,1576,1228,348,1112,840,272,464,388,76
08,000,STATE - RAJASTHAN,10,105,1050,Manufacture of dairy products,45895,20140,25755,35368,13582,21786,10527,6558,3969,45936,8491,37445,41477,7547,33930,4459,944,3515
08,000,STATE - RAJASTHAN,10,106,1061,Manufacture of grain mill products,40607,35762,4845,24305,20904,3401,16302,14858,1444,9730,4345,5385,8143,3419,4724,1587,926,661
08,000,STATE - RAJASTHAN,10,106,1062,Manufacture of starches and starch products,331,279,52,164,154,10,167,125,42,11,8,3,11,8,3,0,0,0
08,000,STATE - RAJASTHAN,10,107,1071,Manufacture of bakery products,6351,5072,1279,1600,1366,234,4751,3706,1045,1308,532,776,725,303,422,583,229,354
08,000,STATE - RAJASTHAN,10,107,1072,Manufacture of sugar,1383,1293,90,396,382,14,987,911,76,108,95,13,64,56,8,44,39,5
08,000,STATE - RAJASTHAN,10,107,1073,"Manufacture of cocoa, chocolate and sugar confectionery",35635,34471,1164,19103,18660,443,16532,15811,721,7032,6442,590,4361,4121,240,2671,2321,350
08,000,STATE - RAJASTHAN,10,107,1074,"Manufacture of macaroni, noodles, couscous and similar farinaceous",52,38,14,12,6,6,40,32,8,26,6,20,14,0,14,12,6,6
08,000,STATE - RAJASTHAN,10,107,1075,Manufacture of prepared meals and dishes,28511,24240,4271,13013,10558,2455,15498,13682,1816,6344,2665,3679,4637,1710,2927,1707,955,752
08,000,STATE - RAJASTHAN,10,107,1079,Manufacture of other food products n.e.c.,21677,13873,7804,6977,5498,1479,14700,8375,6325,7579,2149,5430,2885,1246,1639,4694,903,3791
08,000,STATE - RAJASTHAN,10,108,1080,Manufacture of prepared animal feeds,591,522,69,281,236,45,310,286,24,101,56,45,92,47,45,9,9,0
08,000,STATE - RAJASTHAN,11,110,1101,"Distilling, rectifying and blending of spirits; ethyl alcohol production",253,233,20,119,119,0,134,114,20,10,9,1,4,3,1,6,6,0
08,000,STATE - RAJASTHAN,11,110,1102,Manufacture of wines,462,452,10,241,237,4,221,215,6,35,33,2,29,27,2,6,6,0
08,000,STATE - RAJASTHAN,11,110,1103,Manufacture of malt liquors and malt,411,397,14,257,253,4,154,144,10,69,58,11,66,55,11,3,3,0
08,000,STATE - RAJASTHAN,11,110,1104,Manufacture of soft drinks; production of mineral waters and other,3365,3171,194,1263,1152,111,2102,2019,83,417,391,26,233,209,24,184,182,2
08,000,STATE - RAJASTHAN,12,120,1200,Manufacture of tobacco products,33324,6682,26642,4402,1736,2666,28922,4946,23976,7921,608,7313,1595,130,1465,6326,478,5848
08,000,STATE - RAJASTHAN,13,131,1311,Preparation and spinning of textile fibres,18947,15277,3670,10496,7954,2542,8451,7323,1128,17411,7285,10126,14620,5526,9094,2791,1759,1032
08,000,STATE - RAJASTHAN,13,131,1312,Weaving of textiles,41873,36160,5713,18844,16811,2033,23029,19349,3680,5886,3118,2768,3970,2164,1806,1916,954,962
08,000,STATE - RAJASTHAN,13,131,1313,Finishing of textiles,41102,35423,5679,12962,11678,1284,28140,23745,4395,6480,2526,3954,2926,1365,1561,3554,1161,2393
08,000,STATE - RAJASTHAN,13,139,1391,Manufacture of knitted and crocheted fabrics,1740,1486,254,762,641,121,978,845,133,372,174,198,168,121,47,204,53,151
08,000,STATE - RAJASTHAN,13,139,1392,"Manufacture of made-up textile articles, except apparel",5536,4182,1354,1538,1167,371,3998,3015,983,1817,605,1212,813,338,475,1004,267,737
08,000,STATE - RAJASTHAN,13,139,1393,Manufacture of carpets and rugs,8924,5676,3248,4866,2287,2579,4058,3389,669,3099,700,2399,2429,442,1987,670,258,412
08,000,STATE - RAJASTHAN,13,139,1394,"Manufacture of cordage, rope, twine and netting",14340,12515,1825,7722,6816,906,6618,5699,919,2371,1132,1239,1924,914,1010,447,218,229
08,000,STATE - RAJASTHAN,13,139,1399,Manufacture of other textiles n.e.c.,62750,46931,15819,21508,16483,5025,41242,30448,10794,16905,3910,12995,9105,1983,7122,7800,1927,5873
08,000,STATE - RAJASTHAN,14,141,1410,"Manufacture of wearing apparel, except fur apparel",207949,155704,52245,100078,75384,24694,107871,80320,27551,52564,12671,39893,34368,8178,26190,18196,4493,13703
08,000,STATE - RAJASTHAN,14,142,1420,Manufacture of articles of fur,614,491,123,277,214,63,337,277,60,113,30,83,81,16,65,32,14,18
08,000,STATE - RAJASTHAN,14,143,1430,Manufacture of knitted and crocheted apparel,315,256,59,165,137,28,150,119,31,94,24,70,65,24,41,29,0,29
08,000,STATE - RAJASTHAN,15,151,1511,Tanning and dressing of leather; dressing and dyeing of fur,3654,2172,1482,1518,853,665,2136,1319,817,1610,297,1313,961,175,786,649,122,527
08,000,STATE - RAJASTHAN,15,151,1512,"Manufacture of luggage, handbags and the like, saddlery and harness",1552,1396,156,502,434,68,1050,962,88,186,122,64,107,65,42,79,57,22
08,000,STATE - RAJASTHAN,15,152,1520,Manufacture of footwear,40210,36042,4168,18375,16051,2324,21835,19991,1844,5216,3296,1920,3481,2146,1335,1735,1150,585
08,000,STATE - RAJASTHAN,16,161,1610,Saw milling and planing of wood,12965,12628,337,7819,7612,207,5146,5016,130,1660,1546,114,1273,1187,86,387,359,28
08,000,STATE - RAJASTHAN,16,162,1621,"Manufacture of veneer sheets; manufacture of plywood, laminboard,",1563,1477,86,733,703,30,830,774,56,149,126,23,117,106,11,32,20,12
08,000,STATE - RAJASTHAN,16,162,1622,Manufacture of builders carpentry and joinery,14064,13864,200,10786,10631,155,3278,3233,45,1856,1777,79,1541,1484,57,315,293,22
08,000,STATE - RAJASTHAN,16,162,1623,Manufacture of wooden containers,9658,6074,3584,6299,4116,2183,3359,1958,1401,4202,1625,2577,3639,1453,2186,563,172,391
08,000,STATE - RAJASTHAN,16,162,1629,"Manufacture of other products of wood; manufacture of articles of cork,",27606,23186,4420,17581,14550,3031,10025,8636,1389,7608,3889,3719,6084,3122,2962,1524,767,757
08,000,STATE - RAJASTHAN,17,170,1701,"Manufacture of pulp, paper and paperboard",2752,2306,446,740,665,75,2012,1641,371,292,167,125,149,116,33,143,51,92
08,000,STATE - RAJASTHAN,17,170,1702,Manufacture of corrugated paper and paperboard and containers of,1998,1574,424,414,327,87,1584,1247,337,315,118,197,60,35,25,255,83,172
08,000,STATE - RAJASTHAN,17,170,1709,Manufacture of other articles of paper and paperboard,5318,4574,744,1250,1125,125,4068,3449,619,940,481,459,387,218,169,553,263,290
08,000,STATE - RAJASTHAN,18,181,1811,Printing,13487,12275,1212,2307,2109,198,11180,10166,1014,1477,661,816,451,170,281,1026,491,535
08,000,STATE - RAJASTHAN,18,181,1812,Service activities related to printing,5714,5505,209,986,966,20,4728,4539,189,438,371,67,124,109,15,314,262,52
08,000,STATE - RAJASTHAN,18,182,1820,Reproduction of recorded media,15,9,6,0,0,0,15,9,6,0,0,0,0,0,0,0,0,0
08,000,STATE - RAJASTHAN,19,191,1910,Manufacture of coke oven products,314,251,63,227,169,58,87,82,5,117,88,29,117,88,29,0,0,0
08,000,STATE - RAJASTHAN,19,192,1920,Manufacture of refined petroleum products,942,800,142,417,373,44,525,427,98,103,65,38,57,33,24,46,32,14
08,000,STATE - RAJASTHAN,20,201,2011,Manufacture of basic chemicals,5079,4141,938,964,838,126,4115,3303,812,1018,343,675,371,165,206,647,178,469
08,000,STATE - RAJASTHAN,20,201,2012,Manufacture of fertilizers and nitrogen compounds,1397,1341,56,841,820,21,556,521,35,58,47,11,43,32,11,15,15,0
08,000,STATE - RAJASTHAN,20,201,2013,Manufacture of plastics and synthetic rubber in primary forms,751,704,47,318,306,12,433,398,35,57,51,6,37,37,0,20,14,6
08,000,STATE - RAJASTHAN,20,202,2021,Manufacture of pesticides and other agrochemical products,422,391,31,99,87,12,323,304,19,28,27,1,5,4,1,23,23,0
08,000,STATE - RAJASTHAN,20,202,2022,"Manufacture of paints, varnishes and similar coatings, printing ink and",4899,4420,479,1331,1204,127,3568,3216,352,541,348,193,348,232,116,193,116,77
08,000,STATE - RAJASTHAN,20,202,2023,"Manufacture of soap and detergents, cleaning and polishing preparations,",8194,6920,1274,2438,2045,393,5756,4875,881,1091,519,572,458,243,215,633,276,357
08,000,STATE - RAJASTHAN,20,202,2029,Manufacture of other chemical products n.e.c.,1921,1691,230,653,507,146,1268,1184,84,200,126,74,112,65,47,88,61,27
08,000,STATE - RAJASTHAN,20,203,2030,Manufacture of man-made fibres,696,670,26,270,258,12,426,412,14,29,29,0,14,14,0,15,15,0
08,000,STATE - RAJASTHAN,20,203,2031,Manufacture of anti-sprouting products,3,3,0,0,0,0,3,3,0,0,0,0,0,0,0,0,0,0
08,000,STATE - RAJASTHAN,21,210,2100,"Manufacture of pharmaceuticals, medicinal chemical and botanical",4380,3825,555,1043,992,51,3337,2833,504,321,216,105,131,108,23,190,108,82
08,000,STATE - RAJASTHAN,22,221,2211,Manufacture of rubber tyres and tubes; retreading and rebuilding of,9338,9243,95,3489,3462,27,5849,5781,68,444,428,16,240,227,13,204,201,3
08,000,STATE - RAJASTHAN,22,221,2219,Manufacture of other rubber products,1574,1505,69,777,752,25,797,753,44,128,116,12,77,65,12,51,51,0
08,000,STATE - RAJASTHAN,22,222,2220,Manufacture of plastics products,5424,4887,537,1960,1823,137,3464,3064,400,389,279,110,197,167,30,192,112,80
08,000,STATE - RAJASTHAN,23,231,2310,Manufacture of glass and glass products,11239,8087,3152,2895,1925,970,8344,6162,2182,1839,743,1096,758,337,421,1081,406,675
08,000,STATE - RAJASTHAN,23,239,2391,Manufacture of refractory products,10305,7881,2424,7750,5805,1945,2555,2076,479,3868,2252,1616,3416,1961,1455,452,291,161
08,000,STATE - RAJASTHAN,23,239,2392,Manufacture of clay building materials,86940,61529,25411,71304,49616,21688,15636,11913,3723,32300,17485,14815,29268,15981,13287,3032,1504,1528
08,000,STATE - RAJASTHAN,23,239,2393,Manufacture of other porcelain and ceramic products,39803,28635,11168,29893,21139,8754,9910,7496,2414,18841,9114,9727,16244,7776,8468,2597,1338,1259
08,000,STATE - RAJASTHAN,23,239,2394,"Manufacture of cement, lime and plaster",35106,33458,1648,19912,18730,1182,15194,14728,466,2409,1914,495,1683,1265,418,726,649,77
08,000,STATE - RAJASTHAN,23,239,2395,"Manufacture of articles of concrete, cement and plaster",6700,5805,895,4197,3584,613,2503,2221,282,1002,697,305,755,531,224,247,166,81
08,000,STATE - RAJASTHAN,23,239,2396,"Cutting, shaping and finishing of stone",79099,74941,4158,46029,43532,2497,33070,31409,1661,9632,8394,1238,7377,6513,864,2255,1881,374
08,000,STATE - RAJASTHAN,23,239,2399,Manufacture of other non-metallic mineral products n.e.c.,8509,8154,355,4683,4487,196,3826,3667,159,1193,992,201,902,761,141,291,231,60
08,000,STATE - RAJASTHAN,24,241,2410,Manufacture of basic iron and steel,22516,21722,794,8761,8377,384,13755,13345,410,1972,1717,255,1407,1213,194,565,504,61
08,000,STATE - RAJASTHAN,24,242,2420,Manufacture of basic precious and other non-ferrous metals,8654,8349,305,4617,4471,146,4037,3878,159,333,301,32,230,208,22,103,93,10
08,000,STATE - RAJASTHAN,24,243,2431,Casting of iron and steel,10785,10122,663,4619,4318,301,6166,5804,362,1233,858,375,885,627,258,348,231,117
08,000,STATE - RAJASTHAN,24,243,2432,Casting of non-ferrous metals,874,830,44,370,345,25,504,485,19,128,68,60,105,56,49,23,12,11
08,000,STATE - RAJASTHAN,25,251,2511,Manufacture of structural metal products,8133,7956,177,3573,3484,89,4560,4472,88,802,743,59,522,479,43,280,264,16
08,000,STATE - RAJASTHAN,25,251,2512,"Manufacture of tanks, reservoirs and containers of metal",488,488,0,188,188,0,300,300,0,21,15,6,6,0,6,15,15,0
08,000,STATE - RAJASTHAN,25,251,2513,"Manufacture of steam generators, except central heating hot water",108,106,2,7,7,0,101,99,2,6,6,0,6,6,0,0,0,0
08,000,STATE - RAJASTHAN,25,252,2520,Manufacture of weapons and ammunition,190,157,33,78,59,19,112,98,14,21,21,0,18,18,0,3,3,0
08,000,STATE - RAJASTHAN,25,259,2591,"Forging, pressing, stamping and roll-forming of metal; powder",258,217,41,167,126,41,91,91,0,84,48,36,72,42,30,12,6,6
08,000,STATE - RAJASTHAN,25,259,2592,Machining; treatment and coating of metals,32,26,6,17,11,6,15,15,0,7,7,0,1,1,0,6,6,0
08,000,STATE - RAJASTHAN,25,259,2593,"Manufacture of cutlery, hand tools and general hardware",64453,55165,9288,32516,26789,5727,31937,28376,3561,11327,6528,4799,8627,4667,3960,2700,1861,839
08,000,STATE - RAJASTHAN,25,259,2599,Manufacture of other fabricated metal products n.e.c.,24628,23719,909,10157,9707,450,14471,14012,459,2049,1703,346,1263,1007,256,786,696,90
08,000,STATE - RAJASTHAN,26,261,2610,Manufacture of electronic components,1519,1481,38,468,464,4,1051,1017,34,44,39,5,29,27,2,15,12,3
08,000,STATE - RAJASTHAN,26,262,2620,Manufacture of computers and peripheral equipment,711,665,46,164,164,0,547,501,46,28,25,3,4,4,0,24,21,3
08,000,STATE - RAJASTHAN,26,263,2630,Manufacture of communication equipment,793,772,21,323,323,0,470,449,21,58,58,0,49,49,0,9,9,0
08,000,STATE - RAJASTHAN,26,264,2640,Manufacture of consumer electronics,577,549,28,219,205,14,358,344,14,53,38,15,10,10,0,43,28,15
08,000,STATE - RAJASTHAN,26,265,2651,"Manufacture of measuring, testing, navigating and control equipment",1050,974,76,307,297,10,743,677,66,54,48,6,32,26,6,22,22,0
08,000,STATE - RAJASTHAN,26,265,2652,Manufacture of watches and clocks,451,417,34,115,112,3,336,305,31,34,12,22,20,2,18,14,10,4
08,000,STATE - RAJASTHAN,26,266,2660,"Manufacture of irradiation, electromedical and electrotherapeutic",3,3,0,0,0,0,3,3,0,0,0,0,0,0,0,0,0,0
08,000,STATE - RAJASTHAN,26,267,2670,Manufacture of optical instruments and equipment,141,123,18,14,14,0,127,109,18,12,12,0,6,6,0,6,6,0
08,000,STATE - RAJASTHAN,26,268,2680,Manufacture of magnetic and optical media,62,56,6,6,6,0,56,50,6,5,5,0,0,0,0,5,5,0
08,000,STATE - RAJASTHAN,27,271,2710,"Manufacture of electric motors, generators, transformers and electricity",16264,16014,250,6285,6221,64,9979,9793,186,1172,1138,34,575,555,20,597,583,14
08,000,STATE - RAJASTHAN,27,272,2720,Manufacture of batteries and accumulators,904,887,17,351,343,8,553,544,9,54,54,0,27,27,0,27,27,0
08,000,STATE - RAJASTHAN,27,273,2731,Manufacture of fibre optic cables for data transmission or live,29,29,0,8,8,0,21,21,0,0,0,0,0,0,0,0,0,0
08,000,STATE - RAJASTHAN,27,273,2732,Manufacture of other electronic and electric wires and cables,2204,2123,81,616,601,15,1588,1522,66,50,47,3,18,18,0,32,29,3
08,000,STATE - RAJASTHAN,27,273,2733,Manufacture of wiring devices,220,214,6,60,60,0,160,154,6,44,38,6,19,19,0,25,19,6
08,000,STATE - RAJASTHAN,27,274,2740,Manufacture of electric lighting equipment,847,827,20,327,325,2,520,502,18,82,72,10,50,44,6,32,28,4
08,000,STATE - RAJASTHAN,27,275,2750,Manufacture of domestic appliances,873,742,131,389,317,72,484,425,59,70,32,38,44,18,26,26,14,12
08,000,STATE - RAJASTHAN,27,279,2790,Manufacture of other electrical equipment,304,296,8,134,134,0,170,162,8,43,40,3,34,34,0,9,6,3
08,000,STATE - RAJASTHAN,28,281,2811,"Manufacture of engines and turbines, except aircraft, vehicle and cycle",175,175,0,77,77,0,98,98,0,14,8,6,8,2,6,6,6,0
08,000,STATE - RAJASTHAN,28,281,2812,Manufacture of fluid power equipment,8,8,0,8,8,0,0,0,0,6,6,0,6,6,0,0,0,0
08,000,STATE - RAJASTHAN,28,281,2813,"Manufacture of other pumps, compressors, taps and valves",619,596,23,269,259,10,350,337,13,16,16,0,13,13,0,3,3,0
08,000,STATE - RAJASTHAN,28,281,2814,"Manufacture of bearings, gears, gearing and driving elements",4596,4483,113,789,785,4,3807,3698,109,158,134,24,65,58,7,93,76,17
08,000,STATE - RAJASTHAN,28,281,2815,"Manufacture of ovens, furnaces and furnace burners",42,42,0,36,36,0,6,6,0,9,3,6,9,3,6,0,0,0
08,000,STATE - RAJASTHAN,28,281,2816,Manufacture of lifting and handling equipment,125,125,0,67,67,0,58,58,0,3,3,0,3,3,0,0,0,0
08,000,STATE - RAJASTHAN,28,281,2817,Manufacture of office machinery and equipment,90,88,2,26,26,0,64,62,2,0,0,0,0,0,0,0,0,0
08,000,STATE - RAJASTHAN,28,281,2818,Manufacture of power-driven hand tools,50,44,6,21,15,6,29,29,0,8,8,0,2,2,0,6,6,0
08,000,STATE - RAJASTHAN,28,281,2819,Manufacture of other general-purpose machinery,1258,1164,94,486,432,54,772,732,40,81,49,32,45,27,18,36,22,14
08,000,STATE - RAJASTHAN,28,282,2821,Manufacture of agricultural and forestry machinery,1541,1453,88,823,759,64,718,694,24,239,169,70,209,142,67,30,27,3
08,000,STATE - RAJASTHAN,28,282,2822,Manufacture of metal-forming machinery and machine tools,2684,2612,72,730,718,12,1954,1894,60,124,116,8,54,48,6,70,68,2
08,000,STATE - RAJASTHAN,28,282,2823,Manufacture of machinery for metallurgy,112,112,0,23,23,0,89,89,0,0,0,0,0,0,0,0,0,0
08,000,STATE - RAJASTHAN,28,282,2824,"Manufacture of machinery for mining, quarrying and construction",989,948,41,455,445,10,534,503,31,153,144,9,116,114,2,37,30,7
08,000,STATE - RAJASTHAN,28,282,2825,"Manufacture of machinery for food, beverage and tobacco processing",1002,882,120,534,491,43,468,391,77,159,54,105,97,30,67,62,24,38
08,000,STATE - RAJASTHAN,28,282,2826,"Manufacture of machinery for textile, apparel and leather production",3807,3324,483,1235,1083,152,2572,2241,331,584,204,380,273,118,155,311,86,225
08,000,STATE - RAJASTHAN,28,282,2829,Manufacture of other special-purpose machinery,632,606,26,92,89,3,540,517,23,56,48,8,2,0,2,54,48,6
08,000,STATE - RAJASTHAN,29,291,2910,Manufacture of motor vehicles,733,709,24,368,360,8,365,349,16,51,45,6,51,45,6,0,0,0
08,000,STATE - RAJASTHAN,29,292,2920,Manufacture of bodies (coachwork) for motor vehicles; manufacture of trailers and semi-trailers,4742,4704,38,2323,2298,25,2419,2406,13,280,264,16,167,167,0,113,97,16
08,000,STATE - RAJASTHAN,29,293,2930,Manufacture of parts and accessories for motor vehicles,1180,1162,18,227,225,2,953,937,16,42,36,6,22,16,6,20,20,0
08,000,STATE - RAJASTHAN,30,301,3011,Building of ships and floating structures,609,593,16,323,315,8,286,278,8,93,86,7,75,68,7,18,18,0
08,000,STATE - RAJASTHAN,30,301,3012,Building of pleasure and sporting boats,7,7,0,1,1,0,6,6,0,0,0,0,0,0,0,0,0,0
08,000,STATE - RAJASTHAN,30,302,3020,Manufacture of railway locomotives and rolling stock,2422,2356,66,495,490,5,1927,1866,61,135,101,34,89,59,30,46,42,4
08,000,STATE - RAJASTHAN,30,303,3030,Manufacture of air and spacecraft and related machinery,81,66,15,33,30,3,48,36,12,0,0,0,0,0,0,0,0,0
08,000,STATE - RAJASTHAN,30,304,3040,Manufacture of weapons and ammunition,22,22,0,10,10,0,12,12,0,6,0,6,0,0,0,6,0,6
08,000,STATE - RAJASTHAN,30,309,3091,Manufacture of motorcycles,713,708,5,190,190,0,523,518,5,12,8,4,8,8,0,4,0,4
08,000,STATE - RAJASTHAN,30,309,3092,Manufacture of bicycles and invalid carriages,158,150,8,31,29,2,127,121,6,22,18,4,6,6,0,16,12,4
08,000,STATE - RAJASTHAN,30,309,3099,Manufacture of other transport equipment n.e.c.,6996,6888,108,3722,3686,36,3274,3202,72,1230,1157,73,831,790,41,399,367,32
08,000,STATE - RAJASTHAN,31,310,3100,Manufacture of furniture,140948,138226,2722,89689,88401,1288,51259,49825,1434,15937,14428,1509,12125,11131,994,3812,3297,515
08,000,STATE - RAJASTHAN,32,321,3211,Manufacture of jewellery and related articles,143512,135878,7634,35262,33697,1565,108250,102181,6069,11181,8555,2626,3992,3029,963,7189,5526,1663
08,000,STATE - RAJASTHAN,32,321,3212,Manufacture of imitation jewellery and related articles,3445,2499,946,822,584,238,2623,1915,708,604,170,434,185,49,136,419,121,298
08,000,STATE - RAJASTHAN,32,322,3220,Manufacture of musical instruments,245,222,23,60,56,4,185,166,19,124,90,34,52,44,8,72,46,26
08,000,STATE - RAJASTHAN,32,323,3230,Manufacture of sports goods,64,53,11,13,11,2,51,42,9,2,2,0,2,2,0,0,0,0
08,000,STATE - RAJASTHAN,32,324,3240,Manufacture of games and toys,5280,4735,545,1157,1036,121,4123,3699,424,557,349,208,225,149,76,332,200,132
08,000,STATE - RAJASTHAN,32,325,3250,Manufacture of medical and dental instruments and supplies,366,334,32,89,85,4,277,249,28,14,14,0,11,11,0,3,3,0
08,000,STATE - RAJASTHAN,32,329,3290,Other manufacturing n.e.c.,99529,91734,7795,40325,37899,2426,59204,53835,5369,11465,8601,2864,7014,5595,1419,4451,3006,1445
08,000,STATE - RAJASTHAN,33,331,3311,Repair of fabricated metal products,2518,2444,74,951,922,29,1567,1522,45,221,203,18,103,92,11,118,111,7
08,000,STATE - RAJASTHAN,33,331,3312,Repair of machinery,8251,8198,53,4415,4385,30,3836,3813,23,660,633,27,444,437,7,216,196,20
08,000,STATE - RAJASTHAN,33,331,3313,Repair of electronic and optical equipment,1414,1388,26,528,528,0,886,860,26,131,117,14,58,58,0,73,59,14
08,000,STATE - RAJASTHAN,33,331,3314,Repair of electrical equipment,22432,22193,239,9005,8922,83,13427,13271,156,2077,2032,45,1107,1087,20,970,945,25
08,000,STATE - RAJASTHAN,33,331,3315,"Repair of transport equipment, except motor vehicles",7906,7823,83,3122,3097,25,4784,4726,58,604,600,4,364,362,2,240,238,2
08,000,STATE - RAJASTHAN,33,331,3319,Repair of other equipment,2931,2875,56,1162,1125,37,1769,1750,19,220,204,16,92,84,8,128,120,8
08,000,STATE - RAJASTHAN,33,332,3320,Installation of industrial machinery and equipment,981,943,38,390,389,1,591,554,37,83,77,6,28,26,2,55,51,4
08,000,STATE - RAJASTHAN,35,351,3510,"Electric power generation, transmission and distribution",60086,57603,2483,25211,24461,750,34875,33142,1733,2572,2417,155,1400,1332,68,1172,1085,87
08,000,STATE - RAJASTHAN,35,352,3520,Manufacture of gas; distribution of gaseous fuels through mains,5730,5571,159,2320,2286,34,3410,3285,125,482,466,16,303,293,10,179,173,6
08,000,STATE - RAJASTHAN,35,353,3530,Steam and air conditioning supply,668,627,41,259,249,10,409,378,31,34,33,1,27,26,1,7,7,0
08,000,STATE - RAJASTHAN,36,360,3600,"Water collection, treatment and supply",33664,32297,1367,17385,16889,496,16279,15408,871,890,727,163,505,408,97,385,319,66
08,000,STATE - RAJASTHAN,37,370,3700,Sewerage,2920,1682,1238,1113,556,557,1807,1126,681,707,324,383,400,130,270,307,194,113
08,000,STATE - RAJASTHAN,38,381,3811,Collection of non-hazardous waste,1920,1169,751,880,524,356,1040,645,395,747,381,366,531,244,287,216,137,79
08,000,STATE - RAJASTHAN,38,381,3812,Collection of hazardous waste,4552,3353,1199,2227,1668,559,2325,1685,640,1060,408,652,667,260,407,393,148,245
08,000,STATE - RAJASTHAN,38,382,3821,Treatment and disposal of non-hazardous waste,2132,1246,886,754,350,404,1378,896,482,516,195,321,295,89,206,221,106,115
08,000,STATE - RAJASTHAN,38,382,3822,Treatment and disposal of hazardous waste,2309,1747,562,1699,1252,447,610,495,115,751,384,367,687,367,320,64,17,47
08,000,STATE - RAJASTHAN,38,383,3830,Materials recovery,6,5,1,1,0,1,5,5,0,2,2,0,2,2,0,0,0,0
08,000,STATE - RAJASTHAN,39,390,3900,Remediation activities and other waste management services,2426,1610,816,1027,619,408,1399,991,408,774,288,486,499,142,357,275,146,129
08,000,STATE - RAJASTHAN,41,410,4100,Construction of buildings,1069297,973037,96260,611010,557451,53559,458287,415586,42701,330150,230736,99414,247383,165169,82214,82767,65567,17200
08,000,STATE - RAJASTHAN,42,421,4210,Construction roads and railways,27989,20016,7973,21248,14370,6878,6741,5646,1095,86406,20302,66104,84505,19368,65137,1901,934,967
08,000,STATE - RAJASTHAN,42,422,4220,Construction of utility projects,8463,8051,412,6445,6086,359,2018,1965,53,6100,2879,3221,5840,2657,3183,260,222,38
08,000,STATE - RAJASTHAN,42,429,4290,Construction of other civil engineering projects,80535,55937,24598,55413,34510,20903,25122,21427,3695,336481,70603,265878,326120,65583,260537,10361,5020,5341
08,000,STATE - RAJASTHAN,43,431,4311,Demolition,1058,1045,13,940,932,8,118,113,5,269,222,47,245,204,41,24,18,6
08,000,STATE - RAJASTHAN,43,431,4312,Site preparation,4896,4246,650,3740,3230,510,1156,1016,140,6391,1832,4559,6141,1740,4401,250,92,158
08,000,STATE - RAJASTHAN,43,432,4321,Electrical installation,24033,23766,267,9155,9062,93,14878,14704,174,3636,3577,59,1859,1821,38,1777,1756,21
08,000,STATE - RAJASTHAN,43,432,4322,"Plumbing, heat and air-conditioning installation",11638,11464,174,4070,4035,35,7568,7429,139,1568,1538,30,773,757,16,795,781,14
08,000,STATE - RAJASTHAN,43,432,4329,Other construction installation,233,220,13,114,104,10,119,116,3,136,93,43,132,91,41,4,2,2
08,000,STATE - RAJASTHAN,43,433,4330,Building completion and finishing,73936,72525,1411,31331,30677,654,42605,41848,757,16213,15051,1162,8908,8042,866,7305,7009,296
08,000,STATE - RAJASTHAN,43,439,4390,Other specialized construction activities,1414,1374,40,901,883,18,513,491,22,428,264,164,344,184,160,84,80,4
08,000,STATE - RAJASTHAN,45,451,4510,Sale of motor vehicles,6216,5923,293,1470,1447,23,4746,4476,270,244,224,20,72,69,3,172,155,17
08,000,STATE - RAJASTHAN,45,452,4520,Maintenance and repair of motor vehicles,55932,55238,694,16938,16811,127,38994,38427,567,3874,3804,70,1623,1598,25,2251,2206,45
08,000,STATE - RAJASTHAN,45,453,4530,Sale of motor vehicle parts and accessories,19479,19192,287,4941,4903,38,14538,14289,249,695,676,19,280,279,1,415,397,18
08,000,STATE - RAJASTHAN,45,454,4540,"Sale, maintenance and repair of motorcycles and related parts and",26496,26177,319,9763,9669,94,16733,16508,225,2032,1996,36,1033,1018,15,999,978,21
08,000,STATE - RAJASTHAN,46,461,4610,Wholesale on a fee or contract basis,13648,13065,583,2455,2363,92,11193,10702,491,706,549,157,308,197,111,398,352,46
08,000,STATE - RAJASTHAN,46,462,4620,Wholesale of agricultural raw materials and live animals,62618,60234,2384,23650,22671,979,38968,37563,1405,7158,6078,1080,4130,3400,730,3028,2678,350
08,000,STATE - RAJASTHAN,46,463,4630,"Wholesale of food, beverages and tobacco",33323,30391,2932,12596,10945,1651,20727,19446,1281,4027,2241,1786,2685,1184,1501,1342,1057,285
08,000,STATE - RAJASTHAN,46,464,4641,"Wholesale of textiles, clothing and footwear",10162,9610,552,2602,2568,34,7560,7042,518,566,495,71,265,251,14,301,244,57
08,000,STATE - RAJASTHAN,46,464,4649,Wholesale of other household goods,14264,13817,447,3060,2983,77,11204,10834,370,743,683,60,359,345,14,384,338,46
08,000,STATE - RAJASTHAN,46,465,4651,"Wholesale of computers, computer peripheral equipment and software",541,483,58,71,71,0,470,412,58,20,14,6,0,0,0,20,14,6
08,000,STATE - RAJASTHAN,46,465,4652,Wholesale of electronic and telecommunications equipment and parts,4587,4477,110,1541,1510,31,3046,2967,79,371,351,20,211,199,12,160,152,8
08,000,STATE - RAJASTHAN,46,465,4653,"Wholesale of agricultural machinery, equipment and supplies",1451,1411,40,555,544,11,896,867,29,64,51,13,32,25,7,32,26,6
08,000,STATE - RAJASTHAN,46,465,4659,Wholesale of other machinery and equipment,3082,2998,84,900,877,23,2182,2121,61,200,181,19,102,89,13,98,92,6
08,000,STATE - RAJASTHAN,46,466,4661,"Wholesale of solid, liquid and gaseous fuels and related products",433,426,7,105,103,2,328,323,5,27,25,2,19,19,0,8,6,2
08,000,STATE - RAJASTHAN,46,466,4662,Wholesale of metals and metal ores,763,745,18,282,275,7,481,470,11,39,39,0,20,20,0,19,19,0
08,000,STATE - RAJASTHAN,46,466,4663,"Wholesale of construction materials, hardware, plumbing and heating",31942,31143,799,9882,9666,216,22060,21477,583,1566,1413,153,904,827,77,662,586,76
08,000,STATE - RAJASTHAN,46,466,4669,Wholesale of waste and scrap and other products n.e.c.,46650,42323,4327,12848,12032,816,33802,30291,3511,7315,5109,2206,3211,2396,815,4104,2713,1391
08,000,STATE - RAJASTHAN,46,469,4690,Non-specialized wholesale trade,9855,9455,400,2496,2413,83,7359,7042,317,744,615,129,332,265,67,412,350,62
08,000,STATE - RAJASTHAN,47,471,4711,"Retail sale in non-specialized stores with food, beverages or tobacco",9967,9480,487,4538,4280,258,5429,5200,229,917,668,249,503,330,173,414,338,76
08,000,STATE - RAJASTHAN,47,471,4719,Other retail sale in non-specialized stores,29233,27884,1349,14499,13733,766,14734,14151,583,2238,1789,449,1466,1116,350,772,673,99
08,000,STATE - RAJASTHAN,47,472,4721,Retail sale of food in specialized stores,433372,401192,32180,212845,194324,18521,220527,206868,13659,48037,29117,18920,34849,18840,16009,13188,10277,2911
08,000,STATE - RAJASTHAN,47,472,4722,Retail sale of beverages in specialized stores,9307,8983,324,4670,4521,149,4637,4462,175,1346,1194,152,1013,870,143,333,324,9
08,000,STATE - RAJASTHAN,47,472,4723,Retail sale of tobacco products in specialized stores,7507,7393,114,1643,1621,22,5864,5772,92,426,378,48,171,146,25,255,232,23
08,000,STATE - RAJASTHAN,47,473,4730,Retail sale of automotive fuel in specialized stores,14484,14193,291,7120,7056,64,7364,7137,227,787,769,18,594,587,7,193,182,11
08,000,STATE - RAJASTHAN,47,474,4741,"Retail sale of computers, peripheral units, software and",23807,23340,467,8399,8310,89,15408,15030,378,1623,1543,80,860,816,44,763,727,36
08,000,STATE - RAJASTHAN,47,474,4742,Retail sale of audio and video equipment in specialized stores,2409,2376,33,704,702,2,1705,1674,31,149,135,14,57,45,12,92,90,2
08,000,STATE - RAJASTHAN,47,475,4751,Retail sale of textiles in specialized stores,14684,14238,446,5659,5490,169,9025,8748,277,845,737,108,472,419,53,373,318,55
08,000,STATE - RAJASTHAN,47,475,4752,"Retail sale of hardware, paints and glass in specialized stores",45092,44062,1030,15095,14648,447,29997,29414,583,2804,2178,626,1711,1255,456,1093,923,170
08,000,STATE - RAJASTHAN,47,475,4753,"Retail sale of carpets, rugs, wall and floor coverings in specialized",756,715,41,236,219,17,520,496,24,37,24,13,16,15,1,21,9,12
08,000,STATE - RAJASTHAN,47,475,4759,"Retail sale of electrical household appliances, furniture, lighting",49849,48295,1554,17509,16974,535,32340,31321,1019,2874,2439,435,1489,1225,264,1385,1214,171
08,000,STATE - RAJASTHAN,47,476,4761,"Retail sale of books, newspapers and stationary in specialized stores",18694,18252,442,6790,6654,136,11904,11598,306,1709,1609,100,1010,933,77,699,676,23
08,000,STATE - RAJASTHAN,47,476,4762,Retail sale of music and video recordings in specialized stores,937,915,22,259,253,6,678,662,16,42,38,4,19,18,1,23,20,3
08,000,STATE - RAJASTHAN,47,476,4763,Retail sale of sporting equipment in specialized stores,339,331,8,103,95,8,236,236,0,18,12,6,3,1,2,15,11,4
08,000,STATE - RAJASTHAN,47,476,4764,Retail sale of games and toys in specialized stores,4252,3978,274,1180,1041,139,3072,2937,135,390,281,109,207,130,77,183,151,32
08,000,STATE - RAJASTHAN,47,477,4771,"Retail sale of clothing, footwear and leather articles in specialized",105031,101284,3747,35748,34397,1351,69283,66887,2396,5866,5059,807,3102,2632,470,2764,2427,337
08,000,STATE - RAJASTHAN,47,477,4772,"Retail sale of pharmaceutical and medical goods, cosmetic and toilet",61470,57174,4296,22079,19981,2098,39391,37193,2198,3608,2607,1001,2021,1273,748,1587,1334,253
08,000,STATE - RAJASTHAN,47,477,4773,Other retail sale of new goods in specialized stores,78516,72803,5713,22959,20495,2464,55557,52308,3249,5963,3638,2325,3338,1870,1468,2625,1768,857
08,000,STATE - RAJASTHAN,47,477,4774,Retail sale of second-hand goods,621,479,142,96,78,18,525,401,124,139,61,78,16,10,6,123,51,72
08,000,STATE - RAJASTHAN,47,478,4781,"Retail sale via stalls and markets of food, beverages and tobacco",12951,12363,588,6081,5790,291,6870,6573,297,1246,1049,197,737,590,147,509,459,50
08,000,STATE - RAJASTHAN,47,478,4782,"Retail sale via stalls and markets of textiles, clothing and footwear",66302,64259,2043,24502,23828,674,41800,40431,1369,4262,3847,415,2303,2074,229,1959,1773,186
08,000,STATE - RAJASTHAN,47,478,4789,Retail sale via stalls and markets of other goods,122585,116436,6149,47262,44655,2607,75323,71781,3542,10987,8380,2607,6590,4684,1906,4397,3696,701
08,000,STATE - RAJASTHAN,47,479,4791,Retail sale via mail order houses or via Internet,5813,5473,340,1909,1781,128,3904,3692,212,467,377,90,257,202,55,210,175,35
08,000,STATE - RAJASTHAN,47,479,4799,"Other retail sale not in stores, stalls or markets",64723,59230,5493,20424,17887,2537,44299,41343,2956,8107,6227,1880,4033,2916,1117,4074,3311,763
08,000,STATE - RAJASTHAN,49,491,4911,Passenger rail transport,41706,39750,1956,13311,13017,294,28395,26733,1662,630,586,44,216,205,11,414,381,33
08,000,STATE - RAJASTHAN,49,491,4912,Freight rail transport,17025,16249,776,6174,6026,148,10851,10223,628,378,316,62,206,155,51,172,161,11
08,000,STATE - RAJASTHAN,49,492,4921,Urban or suburban passenger land transport,22556,22298,258,10788,10703,85,11768,11595,173,1379,1361,18,882,873,9,497,488,9
08,000,STATE - RAJASTHAN,49,492,4922,Other passenger land transport,232708,230287,2421,109304,108462,842,123404,121825,1579,19460,19117,343,11280,11104,176,8180,8013,167
08,000,STATE - RAJASTHAN,49,492,4923,Freight transport by road,299264,295382,3882,206876,204474,2402,92388,90908,1480,32384,31019,1365,25424,24380,1044,6960,6639,321
08,000,STATE - RAJASTHAN,49,493,4930,Transport via pipeline,101,99,2,48,46,2,53,53,0,19,19,0,14,14,0,5,5,0
08,000,STATE - RAJASTHAN,50,501,5011,Sea and coastal passenger water transport,186,183,3,80,80,0,106,103,3,38,32,6,28,22,6,10,10,0
08,000,STATE - RAJASTHAN,50,501,5012,Sea and coastal freight water transport,5,5,0,0,0,0,5,5,0,6,6,0,6,6,0,0,0,0
08,000,STATE - RAJASTHAN,50,502,5021,Inland passenger water transport,352,338,14,228,228,0,124,110,14,25,25,0,23,23,0,2,2,0
08,000,STATE - RAJASTHAN,50,502,5022,Inland freight water transport,133,130,3,57,57,0,76,73,3,14,14,0,6,6,0,8,8,0
08,000,STATE - RAJASTHAN,51,511,5110,Passenger air transport,638,596,42,313,310,3,325,286,39,54,48,6,42,36,6,12,12,0
08,000,STATE - RAJASTHAN,51,512,5120,Freight air transport,2176,2035,141,957,944,13,1219,1091,128,140,127,13,87,83,4,53,44,9
08,000,STATE - RAJASTHAN,52,521,5210,Warehousing and storage,3697,3541,156,1437,1405,32,2260,2136,124,297,287,10,185,185,0,112,102,10
08,000,STATE - RAJASTHAN,52,522,5221,Service activities incidental to land transportation,47451,45894,1557,21273,20881,392,26178,25013,1165,3874,3624,250,2616,2426,190,1258,1198,60
08,000,STATE - RAJASTHAN,52,522,5222,Service activities incidental to water transportation,91,87,4,57,53,4,34,34,0,6,6,0,6,6,0,0,0,0
08,000,STATE - RAJASTHAN,52,522,5223,Service activities incidental to air transportation,656,642,14,278,272,6,378,370,8,34,32,2,23,23,0,11,9,2
08,000,STATE - RAJASTHAN,52,522,5224,Cargo handling,565,555,10,138,135,3,427,420,7,34,34,0,13,13,0,21,21,0
08,000,STATE - RAJASTHAN,52,522,5229,Other transportation support activities,6267,6043,224,1947,1887,60,4320,4156,164,576,503,73,263,250,13,313,253,60
08,000,STATE - RAJASTHAN,53,531,5310,Postal activities,20667,19282,1385,12347,11993,354,8320,7289,1031,467,390,77,248,227,21,219,163,56
08,000,STATE - RAJASTHAN,53,532,5320,Courier activities,4343,4244,99,1248,1224,24,3095,3020,75,254,231,23,93,81,12,161,150,11
08,000,STATE - RAJASTHAN,55,551,5510,Short term accommodation activities,53229,50905,2324,25108,24277,831,28121,26628,1493,7104,6635,469,5340,5081,259,1764,1554,210
08,000,STATE - RAJASTHAN,55,552,5520,"Camping grounds, recreational vehicle parks and trailer parks",132,128,4,102,100,2,30,28,2,28,14,14,16,2,14,12,12,0
08,000,STATE - RAJASTHAN,55,559,5590,Other accommodation,7888,6239,1649,3694,3116,578,4194,3123,1071,886,711,175,518,475,43,368,236,132
08,000,STATE - RAJASTHAN,56,561,5610,Restaurants and mobile food service activities,20864,20170,694,9350,9096,254,11514,11074,440,3338,3091,247,2520,2368,152,818,723,95
08,000,STATE - RAJASTHAN,56,562,5621,Event catering,30737,26839,3898,15882,13902,1980,14855,12937,1918,8625,6780,1845,5247,4531,716,3378,2249,1129
08,000,STATE - RAJASTHAN,56,562,5629,Other food service activities,4316,3657,659,2224,1841,383,2092,1816,276,732,522,210,437,329,108,295,193,102
08,000,STATE - RAJASTHAN,56,563,5630,Beverage serving activities,61652,60212,1440,29745,29167,578,31907,31045,862,7435,7017,418,5492,5199,293,1943,1818,125
08,000,STATE - RAJASTHAN,58,581,5811,Book publishing,331,303,28,20,20,0,311,283,28,34,29,5,20,20,0,14,9,5
08,000,STATE - RAJASTHAN,58,581,5812,Publishing of directories and mailing lists,52,47,5,15,15,0,37,32,5,0,0,0,0,0,0,0,0,0
08,000,STATE - RAJASTHAN,58,581,5813,"Publishing of newspapers, journals and periodicals",4296,4033,263,658,645,13,3638,3388,250,186,180,6,73,73,0,113,107,6
08,000,STATE - RAJASTHAN,58,581,5819,Other publishing activities,278,262,16,60,60,0,218,202,16,2,0,2,0,0,0,2,0,2
08,000,STATE - RAJASTHAN,58,582,5820,Software publishing,676,570,106,66,63,3,610,507,103,30,30,0,6,6,0,24,24,0
08,000,STATE - RAJASTHAN,59,591,5911,"Motion picture, video and television programme production activities",993,957,36,245,245,0,748,712,36,148,141,7,89,88,1,59,53,6
08,000,STATE - RAJASTHAN,59,591,5912,"Motion picture, video and television programme post-production",186,181,5,46,46,0,140,135,5,11,11,0,2,2,0,9,9,0
08,000,STATE - RAJASTHAN,59,591,5913,"Motion picture, video and television programme distribution activities",363,347,16,67,61,6,296,286,10,8,6,2,0,0,0,8,6,2
08,000,STATE - RAJASTHAN,59,591,5914,Motion picture projection activities,1031,992,39,175,169,6,856,823,33,71,70,1,38,37,1,33,33,0
08,000,STATE - RAJASTHAN,59,592,5920,Sound recording and music publishing activitiesT,1338,1272,66,635,589,46,703,683,20,258,228,30,170,142,28,88,86,2
08,000,STATE - RAJASTHAN,60,601,6010,Radio broadcasting,740,642,98,93,93,0,647,549,98,46,25,21,14,8,6,32,17,15
08,000,STATE - RAJASTHAN,60,602,6020,Television programming and broadcasting activities,1559,1449,110,276,276,0,1283,1173,110,41,38,3,9,9,0,32,29,3
08,000,STATE - RAJASTHAN,61,611,6110,Wired telecommunications activities,8956,8644,312,2516,2438,78,6440,6206,234,370,340,30,155,141,14,215,199,16
08,000,STATE - RAJASTHAN,61,612,6120,Wireless telecommunications activities,5767,5426,341,1421,1390,31,4346,4036,310,315,300,15,147,144,3,168,156,12
08,000,STATE - RAJASTHAN,61,613,6130,Satellite telecommunications activities,1342,1278,64,409,402,7,933,876,57,62,58,4,31,31,0,31,27,4
08,000,STATE - RAJASTHAN,61,619,6190,Other telecommunications activities,8005,7553,452,2324,2259,65,5681,5294,387,298,266,32,124,117,7,174,149,25
08,000,STATE - RAJASTHAN,62,620,6201,Computer programming activities,2382,2051,331,292,280,12,2090,1771,319,128,115,13,49,48,1,79,67,12
08,000,STATE - RAJASTHAN,62,620,6202,Computer consultancy and computer facilities management activities,3234,2975,259,800,768,32,2434,2207,227,309,284,25,155,147,8,154,137,17
08,000,STATE - RAJASTHAN,62,620,6209,Other information technology and computer service activities,5465,4970,495,954,948,6,4511,4022,489,356,315,41,127,110,17,229,205,24
08,000,STATE - RAJASTHAN,63,631,6311,"Data processing, hosting and related activities",4198,3858,340,837,823,14,3361,3035,326,358,327,31,133,124,9,225,203,22
08,000,STATE - RAJASTHAN,63,631,6312,Web portals,118,92,26,6,6,0,112,86,26,6,6,0,0,0,0,6,6,0
08,000,STATE - RAJASTHAN,63,639,6391,News agency activities,1163,1113,50,226,220,6,937,893,44,44,42,2,14,14,0,30,28,2
08,000,STATE - RAJASTHAN,63,639,6399,Other information service activities n.e.c.,3959,3720,239,1025,994,31,2934,2726,208,158,151,7,61,59,2,97,92,5
08,000,STATE - RAJASTHAN,64,641,6411,Central banking,16272,14869,1403,3611,3468,143,12661,11401,1260,417,333,84,131,119,12,286,214,72
08,000,STATE - RAJASTHAN,64,641,6419,Other monetary intermediation,47084,42540,4544,9884,9382,502,37200,33158,4042,1078,900,178,310,276,34,768,624,144
08,000,STATE - RAJASTHAN,64,642,6420,Activities of holding companies,7780,7200,580,1380,1318,62,6400,5882,518,331,272,59,103,85,18,228,187,41
08,000,STATE - RAJASTHAN,64,643,6430,"Trusts, funds and other financial vehicles",914,859,55,130,130,0,784,729,55,32,27,5,11,6,5,21,21,0
08,000,STATE - RAJASTHAN,64,649,6491,Financial leasing,900,828,72,133,127,6,767,701,66,30,30,0,15,15,0,15,15,0
08,000,STATE - RAJASTHAN,64,649,6492,Other credit granting,204,184,20,44,44,0,160,140,20,8,2,6,2,2,0,6,0,6
08,000,STATE - RAJASTHAN,64,649,6499,"Other financial service activities, except insurance and pension funding",1153,1076,77,210,202,8,943,874,69,50,34,16,4,2,2,46,32,14
08,000,STATE - RAJASTHAN,65,651,6511,Life insurance,26408,24024,2384,8310,8033,277,18098,15991,2107,1438,1211,227,778,713,65,660,498,162
08,000,STATE - RAJASTHAN,65,651,6512,Non-life insurance,2047,1903,144,464,450,14,1583,1453,130,46,44,2,33,33,0,13,11,2
08,000,STATE - RAJASTHAN,65,652,6520,Reinsurance,14,14,0,6,6,0,8,8,0,1,1,0,1,1,0,0,0,0
08,000,STATE - RAJASTHAN,65,653,6530,Pension funding,13,13,0,7,7,0,6,6,0,0,0,0,0,0,0,0,0,0
08,000,STATE - RAJASTHAN,66,661,6611,Administration of financial markets,64,58,6,13,13,0,51,45,6,0,0,0,0,0,0,0,0,0
08,000,STATE - RAJASTHAN,66,661,6612,Security and commodity contracts brokerage,177,171,6,9,9,0,168,162,6,9,9,0,6,6,0,3,3,0
08,000,STATE - RAJASTHAN,66,661,6619,Activities auxiliary to financial service activities n.e.c.,156,150,6,35,32,3,121,118,3,12,0,12,0,0,0,12,0,12
08,000,STATE - RAJASTHAN,66,662,6621,Risk and damage evaluation,648,612,36,113,103,10,535,509,26,21,21,0,3,3,0,18,18,0
08,000,STATE - RAJASTHAN,66,662,6622,Activities of insurance agents and brokers,9299,8516,783,2735,2616,119,6564,5900,664,486,417,69,213,206,7,273,211,62
08,000,STATE - RAJASTHAN,66,662,6629,Other activities auxiliary to insurance and pension funding,1146,1069,77,283,281,2,863,788,75,28,21,7,5,4,1,23,17,6
08,000,STATE - RAJASTHAN,66,663,6630,Fund management activities,931,839,92,183,173,10,748,666,82,48,35,13,13,12,1,35,23,12
08,000,STATE - RAJASTHAN,68,681,6810,Real estate activities with own or leased property,15688,15439,249,2526,2495,31,13162,12944,218,824,784,40,218,207,11,606,577,29
08,000,STATE - RAJASTHAN,68,682,6820,Real estate activities on a fee or contract basis,13688,13471,217,2282,2268,14,11406,11203,203,626,603,23,146,142,4,480,461,19
08,000,STATE - RAJASTHAN,69,691,6910,Legal activities,38800,36460,2340,9623,9302,321,29177,27158,2019,1099,994,105,455,424,31,644,570,74
08,000,STATE - RAJASTHAN,69,692,6920,"Accounting, bookkeeping and auditing activities; tax consultancy",23233,22341,892,5355,5271,84,17878,17070,808,884,832,52,284,282,2,600,550,50
08,000,STATE - RAJASTHAN,70,701,7010,Activities of head offices,414,395,19,163,161,2,251,234,17,37,35,2,8,8,0,29,27,2
08,000,STATE - RAJASTHAN,70,702,7020,Management consultancy activities,481,435,46,55,55,0,426,380,46,5,5,0,0,0,0,5,5,0
08,000,STATE - RAJASTHAN,71,711,7110,Architectural and engineering activities and related technical,3024,2681,343,412,385,27,2612,2296,316,127,118,9,34,34,0,93,84,9
08,000,STATE - RAJASTHAN,71,712,7120,Technical testing and analysis,191,163,28,22,22,0,169,141,28,6,0,6,6,0,6,0,0,0
08,000,STATE - RAJASTHAN,72,721,7210,Research and experimental development on natural sciences and,247,226,21,60,58,2,187,168,19,2,2,0,2,2,0,0,0,0
08,000,STATE - RAJASTHAN,72,722,7220,Research and experimental development on social sciences and,80,75,5,30,30,0,50,45,5,0,0,0,0,0,0,0,0,0
08,000,STATE - RAJASTHAN,73,731,7310,Advertising,843,765,78,79,79,0,764,686,78,54,45,9,8,6,2,46,39,7
08,000,STATE - RAJASTHAN,73,732,7320,Market research and public opinion polling,158,148,10,23,16,7,135,132,3,11,11,0,0,0,0,11,11,0
08,000,STATE - RAJASTHAN,74,741,7410,Specialized design activities,3732,3060,672,882,839,43,2850,2221,629,481,312,169,217,157,60,264,155,109
08,000,STATE - RAJASTHAN,74,742,7420,Photographic activities,19600,19371,229,7267,7208,59,12333,12163,170,1993,1921,72,1032,1012,20,961,909,52
08,000,STATE - RAJASTHAN,74,749,7490,"Other professional, scientific and technical activities n.e.c.",2952,2835,117,608,594,14,2344,2241,103,127,107,20,44,44,0,83,63,20
08,000,STATE - RAJASTHAN,75,750,7500,Veterinary activities,6895,6603,292,3972,3866,106,2923,2737,186,303,276,27,236,226,10,67,50,17
08,000,STATE - RAJASTHAN,77,771,7710,Renting and leasing of motor vehicles,509,507,2,213,213,0,296,294,2,40,38,2,21,21,0,19,17,2
08,000,STATE - RAJASTHAN,77,772,7721,Renting and leasing of recreational and sports goods,6,6,0,0,0,0,6,6,0,0,0,0,0,0,0,0,0,0
08,000,STATE - RAJASTHAN,77,772,7722,Renting of video tapes and disks,81,79,2,14,14,0,67,65,2,0,0,0,0,0,0,0,0,0
08,000,STATE - RAJASTHAN,77,772,7729,Renting and leasing of other personal and household goods n.e.c.,16425,16164,261,7263,7157,106,9162,9007,155,2388,2289,99,1436,1367,69,952,922,30
08,000,STATE - RAJASTHAN,77,773,7730,"Renting and leasing of other machinery, equipment and tangible goods",406,396,10,236,228,8,170,168,2,45,45,0,30,30,0,15,15,0
08,000,STATE - RAJASTHAN,77,774,7740,Leasing of nonfinancial intangible assets,39,36,3,6,6,0,33,30,3,0,0,0,0,0,0,0,0,0
08,000,STATE - RAJASTHAN,78,781,7810,Activities of employment placement agencies,1085,983,102,364,343,21,721,640,81,87,81,6,38,34,4,49,47,2
08,000,STATE - RAJASTHAN,78,782,7820,Temporary employment agency activities,65,65,0,20,20,0,45,45,0,3,3,0,0,0,0,3,3,0
08,000,STATE - RAJASTHAN,78,783,7830,Human resources provision and management of human resources,86,73,13,16,14,2,70,59,11,6,6,0,0,0,0,6,6,0
08,000,STATE - RAJASTHAN,79,791,7911,Travel agency activities,2420,2339,81,540,536,4,1880,1803,77,112,104,8,33,27,6,79,77,2
08,000,STATE - RAJASTHAN,79,791,7912,Tour operator activities,1103,1056,47,249,249,0,854,807,47,43,43,0,29,29,0,14,14,0
08,000,STATE - RAJASTHAN,79,799,7990,Other reservation service and related activities,163,163,0,85,85,0,78,78,0,12,12,0,12,12,0,0,0,0
08,000,STATE - RAJASTHAN,80,801,8010,Private security activities,11071,10816,255,4270,4206,64,6801,6610,191,1062,1002,60,528,496,32,534,506,28
08,000,STATE - RAJASTHAN,80,802,8020,Security systems service activities,4298,4194,104,1933,1893,40,2365,2301,64,340,304,36,213,191,22,127,113,14
08,000,STATE - RAJASTHAN,80,803,8030,Investigation activities,208,204,4,95,95,0,113,109,4,1,1,0,1,1,0,0,0,0
08,000,STATE - RAJASTHAN,81,811,8110,Combined facilities support activities,761,609,152,240,184,56,521,425,96,116,56,60,67,27,40,49,29,20
08,000,STATE - RAJASTHAN,81,812,8121,General cleaning of buildings,1287,587,700,357,154,203,930,433,497,404,156,248,152,52,100,252,104,148
08,000,STATE - RAJASTHAN,81,812,8129,Other building and industrial cleaning activities,1477,1070,407,435,306,129,1042,764,278,326,203,123,157,105,52,169,98,71
08,000,STATE - RAJASTHAN,81,813,8130,Landscape care and maintenance service activities,2360,1471,889,838,437,401,1522,1034,488,617,220,397,312,92,220,305,128,177
08,000,STATE - RAJASTHAN,82,821,8211,Combined office administrative service activities,2747,2570,177,831,811,20,1916,1759,157,124,96,28,46,37,9,78,59,19
08,000,STATE - RAJASTHAN,82,821,8219,"Photocopying, document preparation and other specialized office",12610,12127,483,3913,3788,125,8697,8339,358,781,735,46,348,331,17,433,404,29
08,000,STATE - RAJASTHAN,82,822,8220,Activities of call centres,2407,1993,414,298,291,7,2109,1702,407,152,107,45,38,26,12,114,81,33
08,000,STATE - RAJASTHAN,82,823,8230,Organization of conventions and trade shows,91,77,14,34,26,8,57,51,6,1,1,0,1,1,0,0,0,0
08,000,STATE - RAJASTHAN,82,829,8291,Activities of collection agencies and credit bureaus,1570,1499,71,724,718,6,846,781,65,85,68,17,37,27,10,48,41,7
08,000,STATE - RAJASTHAN,82,829,8292,Packaging activities,1412,1200,212,486,427,59,926,773,153,163,64,99,43,31,12,120,33,87
08,000,STATE - RAJASTHAN,82,829,8299,Other business support service activities n.e.c.,179449,167162,12287,40875,39782,1093,138574,127380,11194,9398,8412,986,3493,3289,204,5905,5123,782
08,000,STATE - RAJASTHAN,84,841,8411,General public administration activities,289413,251286,38127,100247,87452,12795,189166,163834,25332,13332,7855,5477,6771,3330,3441,6561,4525,2036
08,000,STATE - RAJASTHAN,84,841,8412,"Regulation of the activities of providing health care, education, cultural",5247,3858,1389,2064,1460,604,3183,2398,785,545,276,269,319,139,180,226,137,89
08,000,STATE - RAJASTHAN,84,841,8413,Regulation of and contribution to more efficient operation of,168,157,11,49,49,0,119,108,11,2,2,0,2,2,0,0,0,0
08,000,STATE - RAJASTHAN,84,842,8421,Foreign affairs,506,487,19,282,282,0,224,205,19,19,19,0,14,14,0,5,5,0
08,000,STATE - RAJASTHAN,84,842,8422,Defence activities,139203,136215,2988,57773,56879,894,81430,79336,2094,1921,1703,218,769,715,54,1152,988,164
08,000,STATE - RAJASTHAN,84,842,8423,Public order and safety activities,28371,26877,1494,13824,13291,533,14547,13586,961,710,652,58,313,291,22,397,361,36
08,000,STATE - RAJASTHAN,84,843,8430,Compulsory social security activities,33212,31338,1874,17268,16437,831,15944,14901,1043,1114,961,153,456,429,27,658,532,126
08,000,STATE - RAJASTHAN,85,851,8510,Primary education,294272,191647,102625,163378,128278,35100,130894,63369,67525,18753,11614,7139,11936,8723,3213,6817,2891,3926
08,000,STATE - RAJASTHAN,85,852,8521,General secondary education,174503,124997,49506,89148,76102,13046,85355,48895,36460,7216,4953,2263,4678,3673,1005,2538,1280,1258
08,000,STATE - RAJASTHAN,85,852,8522,Technical and vocational secondary education,1275,967,308,441,385,56,834,582,252,57,46,11,27,27,0,30,19,11
08,000,STATE - RAJASTHAN,85,853,8530,Higher education,40159,28479,11680,8907,7638,1269,31252,20841,10411,1660,1139,521,659,573,86,1001,566,435
08,000,STATE - RAJASTHAN,85,854,8541,Sports and recreation education,3548,3203,345,1761,1668,93,1787,1535,252,91,74,17,37,28,9,54,46,8
08,000,STATE - RAJASTHAN,85,854,8542,Cultural education,390,297,93,52,40,12,338,257,81,30,18,12,15,11,4,15,7,8
08,000,STATE - RAJASTHAN,85,854,8549,Other education n.e.c.,22500,16733,5767,9536,7931,1605,12964,8802,4162,5315,3450,1865,3140,2352,788,2175,1098,1077
08,000,STATE - RAJASTHAN,85,855,8550,Educational support services,113059,70403,42656,60506,35134,25372,52553,35269,17284,6809,3158,3651,4402,1946,2456,2407,1212,1195
08,000,STATE - RAJASTHAN,86,861,8610,Hospital activities,68889,50208,18681,25752,19259,6493,43137,30949,12188,2474,1717,757,1242,936,306,1232,781,451
08,000,STATE - RAJASTHAN,86,862,8620,Medical and dental practice activities,18403,14881,3522,5493,5037,456,12910,9844,3066,545,431,114,282,244,38,263,187,76
08,000,STATE - RAJASTHAN,86,869,8690,Other human health activities,111999,38599,73400,71825,17372,54453,40174,21227,18947,4507,1508,2999,3120,827,2293,1387,681,706
08,000,STATE - RAJASTHAN,87,871,8710,Nursing care facilities,255,205,50,118,90,28,137,115,22,15,15,0,3,3,0,12,12,0
08,000,STATE - RAJASTHAN,87,872,8720,"Residential care activities for mental retardation, mental health and",32,29,3,24,24,0,8,5,3,0,0,0,0,0,0,0,0,0
08,000,STATE - RAJASTHAN,87,873,8730,Residential care activities for the elderly and disabled,57,51,6,26,22,4,31,29,2,12,8,4,4,2,2,8,6,2
08,000,STATE - RAJASTHAN,87,879,8790,Other residential care activities n.e.c.,105,58,47,44,12,32,61,46,15,2,0,2,0,0,0,2,0,2
08,000,STATE - RAJASTHAN,88,881,8810,Social work activities without accommodation for the elderly and,3728,691,3037,2767,336,2431,961,355,606,248,66,182,177,35,142,71,31,40
08,000,STATE - RAJASTHAN,88,889,8890,Other social work activities without accommodation n.e.c.,28650,3675,24975,22820,1856,20964,5830,1819,4011,1487,312,1175,1149,221,928,338,91,247
08,000,STATE - RAJASTHAN,90,900,9000,"Dramatic arts, music and other arts activities",56585,53384,3201,23494,21884,1610,33091,31500,1591,18561,15335,3226,12690,10243,2447,5871,5092,779
08,000,STATE - RAJASTHAN,91,910,9101,Library and archives activities,574,463,111,227,196,31,347,267,80,13,11,2,2,2,0,11,9,2
08,000,STATE - RAJASTHAN,91,910,9102,Museums activities and operation of historical sites and buildings,821,757,64,157,157,0,664,600,64,80,73,7,24,24,0,56,49,7
08,000,STATE - RAJASTHAN,91,910,9103,Botanical and zoological gardens and nature reserves activities,322,288,34,126,120,6,196,168,28,45,20,25,24,8,16,21,12,9
08,000,STATE - RAJASTHAN,92,920,9200,Gambling and betting activities,410,391,19,278,267,11,132,124,8,183,159,24,139,118,21,44,41,3
08,000,STATE - RAJASTHAN,93,931,9311,Operation of sports facilities,27,27,0,6,6,0,21,21,0,0,0,0,0,0,0,0,0,0
08,000,STATE - RAJASTHAN,93,931,9312,Activities of sports clubs,230,210,20,29,27,2,201,183,18,5,2,3,2,2,0,3,0,3
08,000,STATE - RAJASTHAN,93,931,9319,Other sports activities,166,153,13,17,17,0,149,136,13,43,43,0,37,37,0,6,6,0
08,000,STATE - RAJASTHAN,93,932,9321,Activities of amusement parks and theme parks,17,17,0,9,9,0,8,8,0,0,0,0,0,0,0,0,0,0
08,000,STATE - RAJASTHAN,93,932,9329,Other amusement and recreation activities n.e.c.,4039,3568,471,1879,1622,257,2160,1946,214,2221,1792,429,1449,1206,243,772,586,186
08,000,STATE - RAJASTHAN,94,941,9411,Activities of business and employers membership organizations,624,572,52,255,244,11,369,328,41,71,53,18,41,33,8,30,20,10
08,000,STATE - RAJASTHAN,94,941,9412,Activities of professional membership organizations,116,106,10,76,70,6,40,36,4,15,9,6,6,0,6,9,9,0
08,000,STATE - RAJASTHAN,94,942,9420,Activities of trade unions,806,711,95,340,309,31,466,402,64,156,110,46,81,56,25,75,54,21
08,000,STATE - RAJASTHAN,94,949,9491,Activities of religious organizations,51322,49011,2311,28380,27212,1168,22942,21799,1143,7899,7250,649,5595,5158,437,2304,2092,212
08,000,STATE - RAJASTHAN,94,949,9492,Activities of political organizations,5858,4128,1730,4492,3053,1439,1366,1075,291,796,475,321,707,416,291,89,59,30
08,000,STATE - RAJASTHAN,94,949,9499,Activities of other membership organizations n.e.c.,1420,1246,174,813,720,93,607,526,81,205,169,36,111,93,18,94,76,18
08,000,STATE - RAJASTHAN,95,951,9511,Repair of computers and peripheral equipment,5733,5593,140,1853,1815,38,3880,3778,102,412,405,7,178,177,1,234,228,6
08,000,STATE - RAJASTHAN,95,951,9512,Repair of communication equipment,4026,3976,50,1562,1543,19,2464,2433,31,367,367,0,219,219,0,148,148,0
08,000,STATE - RAJASTHAN,95,952,9521,Repair of consumer electronics,11797,10777,1020,4464,4063,401,7333,6714,619,1706,1063,643,936,501,435,770,562,208
08,000,STATE - RAJASTHAN,95,952,9522,Repair of household appliances and home and garden equipment,8048,7435,613,2471,2170,301,5577,5265,312,1047,732,315,612,384,228,435,348,87
08,000,STATE - RAJASTHAN,95,952,9523,Repair of footwear and leather goods,5255,5089,166,2435,2320,115,2820,2769,51,761,642,119,483,387,96,278,255,23
08,000,STATE - RAJASTHAN,95,952,9524,Repair of furniture and home furnishings,341,341,0,151,151,0,190,190,0,71,68,3,39,39,0,32,29,3
08,000,STATE - RAJASTHAN,95,952,9529,"Repair of personal and household goods, n.e.c.",44172,42507,1665,17848,17279,569,26324,25228,1096,4079,3364,715,2203,1771,432,1876,1593,283
08,000,STATE - RAJASTHAN,96,960,9601,Washing and (dry-) cleaning of textile and fur products,25893,18021,7872,4410,3267,1143,21483,14754,6729,2990,1290,1700,1137,453,684,1853,837,1016
08,000,STATE - RAJASTHAN,96,960,9602,Hairdressing and other beauty treatment,81542,74474,7068,49298,48019,1279,32244,26455,5789,8356,6772,1584,6193,5600,593,2163,1172,991
08,000,STATE - RAJASTHAN,96,960,9603,Funeral and related activities,82,80,2,33,31,2,49,49,0,31,31,0,4,4,0,27,27,0
08,000,STATE - RAJASTHAN,96,960,9609,Other personal service activities n.e.c.,82347,69204,13143,37784,34007,3777,44563,35197,9366,22218,15711,6507,13688,10081,3607,8530,5630,2900
08,000,STATE - RAJASTHAN,97,970,9700,Activities of households as employers of domestic personnel,37057,14025,23032,15415,7764,7651,21642,6261,15381,16644,3238,13406,11513,2602,8911,5131,636,4495
08,000,STATE - RAJASTHAN,98,981,9810,Undifferentiated goods-producing activities of private households for own,91,54,37,52,33,19,39,21,18,9,0,9,9,0,9,0,0,0
08,000,STATE - RAJASTHAN,98,982,9820,Undifferentiated service-producing activities of private households for own,185,131,54,107,88,19,78,43,35,18,2,16,14,2,12,4,0,4
08,000,STATE - RAJASTHAN,99,990,9900,Activities of extraterritorial organizations and bodies,242,225,17,72,72,0,170,153,17,9,6,3,0,0,0,9,6,3
11,000,STATE - SIKKIM,01,011,0111,"Growing of cereals (except rice), leguminous crops and oil seeds",16,14,2,15,13,2,1,1,0,8,0,8,6,0,6,2,0,2
11,000,STATE - SIKKIM,01,011,0112,Growing of rice,204,110,94,192,102,90,12,8,4,59,24,35,56,23,33,3,1,2
11,000,STATE - SIKKIM,01,011,0113,"Growing of vegetables and melons, roots and tubers",208,124,84,191,113,78,17,11,6,96,27,69,88,23,65,8,4,4
11,000,STATE - SIKKIM,01,011,0116,Growing of fibre crops,2,2,0,0,0,0,2,2,0,0,0,0,0,0,0,0,0,0
11,000,STATE - SIKKIM,01,011,0119,Growing of other non-perennial crop,2,2,0,2,2,0,0,0,0,6,4,2,6,4,2,0,0,0
11,000,STATE - SIKKIM,01,012,0122,Growing of tropical and subtropical fruits,1,0,1,1,0,1,0,0,0,0,0,0,0,0,0,0,0,0
11,000,STATE - SIKKIM,01,012,0124,Growing of pome fruits and stone fruits,2,2,0,0,0,0,2,2,0,0,0,0,0,0,0,0,0,0
11,000,STATE - SIKKIM,01,012,0125,Growing of other tree and bush fruits and nuts,4,4,0,4,4,0,0,0,0,0,0,0,0,0,0,0,0,0
11,000,STATE - SIKKIM,01,012,0127,Growing of beverage crops,97,53,44,95,51,44,2,2,0,11,5,6,11,5,6,0,0,0
11,000,STATE - SIKKIM,01,012,0128,"Growing of spices, aromatic, drug and pharmaceutical crops",11,11,0,9,9,0,2,2,0,3,2,1,1,0,1,2,2,0
11,000,STATE - SIKKIM,01,012,0129,Growing of other perennial crops,9,5,4,9,5,4,0,0,0,4,4,0,4,4,0,0,0,0
11,000,STATE - SIKKIM,01,013,0130,Plant propagation,29,20,9,24,17,7,5,3,2,4,2,2,4,2,2,0,0,0
11,000,STATE - SIKKIM,01,014,0141,Raising of cattle and buffaloes,517,321,196,480,294,186,37,27,10,310,147,163,300,146,154,10,1,9
11,000,STATE - SIKKIM,01,014,0142,Raising of horses and other equines,0,0,0,0,0,0,0,0,0,1,1,0,1,1,0,0,0,0
11,000,STATE - SIKKIM,01,014,0144,Raising of sheep and goats,2,2,0,1,1,0,1,1,0,7,0,7,7,0,7,0,0,0
11,000,STATE - SIKKIM,01,014,0145,Raising of swine/pigs,2,0,2,2,0,2,0,0,0,2,0,2,2,0,2,0,0,0
11,000,STATE - SIKKIM,01,014,0146,Raising of poultry,30,21,9,27,19,8,3,2,1,20,8,12,20,8,12,0,0,0
11,000,STATE - SIKKIM,01,014,0149,Raising of other animals,30,29,1,20,19,1,10,10,0,31,14,17,31,14,17,0,0,0
11,000,STATE - SIKKIM,01,015,0150,Mixed farming,50,27,23,37,21,16,13,6,7,4,4,0,4,4,0,0,0,0
11,000,STATE - SIKKIM,01,016,0161,Support activities for crop production,33,21,12,15,15,0,18,6,12,6,2,4,6,2,4,0,0,0
11,000,STATE - SIKKIM,01,016,0162,Support activities for animal production,14,12,2,10,10,0,4,2,2,0,0,0,0,0,0,0,0,0
11,000,STATE - SIKKIM,01,016,0163,Post-harvest crop activities,51,38,13,28,24,4,23,14,9,10,6,4,4,2,2,6,4,2
11,000,STATE - SIKKIM,02,021,0210,Silviculture and other forestry activities,143,102,41,100,71,29,43,31,12,8,4,4,4,2,2,4,2,2
11,000,STATE - SIKKIM,02,022,0220,Logging,28,28,0,22,22,0,6,6,0,27,27,0,25,25,0,2,2,0
11,000,STATE - SIKKIM,02,023,0230,Gathering of non-wood forest products,22,16,6,20,16,4,2,0,2,14,7,7,12,5,7,2,2,0
11,000,STATE - SIKKIM,02,024,0240,Support services to forestry,439,345,94,266,219,47,173,126,47,18,13,5,12,9,3,6,4,2
11,000,STATE - SIKKIM,03,031,0311,Marine fishing,2,2,0,2,2,0,0,0,0,0,0,0,0,0,0,0,0,0
11,000,STATE - SIKKIM,03,031,0312,Freash water fishing,4,4,0,0,0,0,4,4,0,0,0,0,0,0,0,0,0,0
11,000,STATE - SIKKIM,03,032,0322,Freshwater aquaculture,2,2,0,1,1,0,1,1,0,0,0,0,0,0,0,0,0,0
11,000,STATE - SIKKIM,05,051,0510,Mining of hard coal,6,4,2,6,4,2,0,0,0,0,0,0,0,0,0,0,0,0
11,000,STATE - SIKKIM,05,052,0520,Mining of lignite,2,2,0,0,0,0,2,2,0,0,0,0,0,0,0,0,0,0
11,000,STATE - SIKKIM,08,081,0810,"Quarrying of stone, sand and clay",108,70,38,91,55,36,17,15,2,17,11,6,13,9,4,4,2,2
11,000,STATE - SIKKIM,08,089,0892,Extraction and agglomeration of peat,4,2,2,4,2,2,0,0,0,0,0,0,0,0,0,0,0,0
11,000,STATE - SIKKIM,08,089,0893,Extraction of salt,0,0,0,0,0,0,0,0,0,1,1,0,1,1,0,0,0,0
11,000,STATE - SIKKIM,08,089,0899,Other mining and quarrying n.e.c.,112,78,34,90,61,29,22,17,5,25,17,8,23,15,8,2,2,0
11,000,STATE - SIKKIM,09,091,0910,Support activities for petroleum and natural gas mining,2,2,0,2,2,0,0,0,0,0,0,0,0,0,0,0,0,0
11,000,STATE - SIKKIM,09,099,0990,Support activities for other mining and quarrying,18,12,6,16,10,6,2,2,0,0,0,0,0,0,0,0,0,0
11,000,STATE - SIKKIM,10,101,1010,Processing and preserving of meat,2,2,0,2,2,0,0,0,0,4,2,2,4,2,2,0,0,0
11,000,STATE - SIKKIM,10,103,1030,Processing and preserving of fruit and vegetables,55,35,20,41,27,14,14,8,6,28,9,19,23,7,16,5,2,3
11,000,STATE - SIKKIM,10,105,1050,Manufacture of dairy products,62,33,29,59,30,29,3,3,0,20,10,10,18,10,8,2,0,2
11,000,STATE - SIKKIM,10,106,1061,Manufacture of grain mill products,29,16,13,28,16,12,1,0,1,10,5,5,10,5,5,0,0,0
11,000,STATE - SIKKIM,10,106,1062,Manufacture of starches and starch products,2,2,0,2,2,0,0,0,0,0,0,0,0,0,0,0,0,0
11,000,STATE - SIKKIM,10,107,1071,Manufacture of bakery products,22,20,2,7,5,2,15,15,0,0,0,0,0,0,0,0,0,0
11,000,STATE - SIKKIM,10,107,1073,"Manufacture of cocoa, chocolate and sugar confectionery",1,1,0,1,1,0,0,0,0,0,0,0,0,0,0,0,0,0
11,000,STATE - SIKKIM,10,107,1074,"Manufacture of macaroni, noodles, couscous and similar farinaceous",28,18,10,24,18,6,4,0,4,2,2,0,2,2,0,0,0,0
11,000,STATE - SIKKIM,10,107,1075,Manufacture of prepared meals and dishes,17,8,9,15,8,7,2,0,2,17,10,7,17,10,7,0,0,0
11,000,STATE - SIKKIM,10,107,1079,Manufacture of other food products n.e.c.,53,31,22,37,20,17,16,11,5,30,12,18,13,7,6,17,5,12
11,000,STATE - SIKKIM,11,110,1101,"Distilling, rectifying and blending of spirits; ethyl alcohol production",33,21,12,14,10,4,19,11,8,2,0,2,0,0,0,2,0,2
11,000,STATE - SIKKIM,11,110,1103,Manufacture of malt liquors and malt,78,48,30,58,38,20,20,10,10,4,0,4,4,0,4,0,0,0
11,000,STATE - SIKKIM,11,110,1104,Manufacture of soft drinks; production of mineral waters and other,20,14,6,6,4,2,14,10,4,2,2,0,0,0,0,2,2,0
11,000,STATE - SIKKIM,13,131,1311,Preparation and spinning of textile fibres,66,40,26,56,38,18,10,2,8,110,67,43,73,38,35,37,29,8
11,000,STATE - SIKKIM,13,131,1312,Weaving of textiles,12,1,11,8,1,7,4,0,4,13,0,13,9,0,9,4,0,4
11,000,STATE - SIKKIM,13,131,1313,Finishing of textiles,7,1,6,7,1,6,0,0,0,17,2,15,17,2,15,0,0,0
11,000,STATE - SIKKIM,13,139,1391,Manufacture of knitted and crocheted fabrics,2,2,0,0,0,0,2,2,0,6,0,6,6,0,6,0,0,0
11,000,STATE - SIKKIM,13,139,1392,"Manufacture of made-up textile articles, except apparel",1,0,1,1,0,1,0,0,0,6,0,6,6,0,6,0,0,0
11,000,STATE - SIKKIM,13,139,1393,Manufacture of carpets and rugs,39,8,31,27,2,25,12,6,6,34,1,33,24,1,23,10,0,10
11,000,STATE - SIKKIM,13,139,1394,"Manufacture of cordage, rope, twine and netting",1,0,1,0,0,0,1,0,1,0,0,0,0,0,0,0,0,0
11,000,STATE - SIKKIM,13,139,1399,Manufacture of other textiles n.e.c.,9,4,5,4,2,2,5,2,3,11,0,11,11,0,11,0,0,0
11,000,STATE - SIKKIM,14,141,1410,"Manufacture of wearing apparel, except fur apparel",35,20,15,12,6,6,23,14,9,3,0,3,3,0,3,0,0,0
11,000,STATE - SIKKIM,14,142,1420,Manufacture of articles of fur,2,2,0,2,2,0,0,0,0,0,0,0,0,0,0,0,0,0
11,000,STATE - SIKKIM,14,143,1430,Manufacture of knitted and crocheted apparel,4,1,3,4,1,3,0,0,0,5,0,5,1,0,1,4,0,4
11,000,STATE - SIKKIM,15,152,1520,Manufacture of footwear,8,2,6,0,0,0,8,2,6,0,0,0,0,0,0,0,0,0
11,000,STATE - SIKKIM,16,161,1610,Saw milling and planing of wood,17,17,0,15,15,0,2,2,0,18,18,0,16,16,0,2,2,0
11,000,STATE - SIKKIM,16,162,1622,Manufacture of builders carpentry and joinery,10,10,0,7,7,0,3,3,0,1,1,0,1,1,0,0,0,0
11,000,STATE - SIKKIM,16,162,1623,Manufacture of wooden containers,12,10,2,4,4,0,8,6,2,4,4,0,4,4,0,0,0,0
11,000,STATE - SIKKIM,16,162,1629,"Manufacture of other products of wood; manufacture of articles of cork,",128,104,24,98,80,18,30,24,6,42,35,7,34,31,3,8,4,4
11,000,STATE - SIKKIM,17,170,1701,"Manufacture of pulp, paper and paperboard",3,1,2,2,0,2,1,1,0,0,0,0,0,0,0,0,0,0
11,000,STATE - SIKKIM,17,170,1702,Manufacture of corrugated paper and paperboard and containers of,12,2,10,12,2,10,0,0,0,2,0,2,2,0,2,0,0,0
11,000,STATE - SIKKIM,18,181,1811,Printing,23,19,4,4,4,0,19,15,4,0,0,0,0,0,0,0,0,0
11,000,STATE - SIKKIM,18,181,1812,Service activities related to printing,18,17,1,3,3,0,15,14,1,3,2,1,1,0,1,2,2,0
11,000,STATE - SIKKIM,19,192,1920,Manufacture of refined petroleum products,2,2,0,0,0,0,2,2,0,0,0,0,0,0,0,0,0,0
11,000,STATE - SIKKIM,20,201,2011,Manufacture of basic chemicals,4,0,4,0,0,0,4,0,4,0,0,0,0,0,0,0,0,0
11,000,STATE - SIKKIM,20,202,2022,"Manufacture of paints, varnishes and similar coatings, printing ink and",4,0,4,4,0,4,0,0,0,2,2,0,0,0,0,2,2,0
11,000,STATE - SIKKIM,20,202,2023,"Manufacture of soap and detergents, cleaning and polishing preparations,",2,0,2,2,0,2,0,0,0,4,4,0,2,2,0,2,2,0
11,000,STATE - SIKKIM,20,202,2029,Manufacture of other chemical products n.e.c.,6,2,4,6,2,4,0,0,0,0,0,0,0,0,0,0,0,0
11,000,STATE - SIKKIM,21,210,2100,"Manufacture of pharmaceuticals, medicinal chemical and botanical",588,302,286,429,236,193,159,66,93,54,20,34,42,16,26,12,4,8
11,000,STATE - SIKKIM,23,231,2310,Manufacture of glass and glass products,20,16,4,20,16,4,0,0,0,0,0,0,0,0,0,0,0,0
11,000,STATE - SIKKIM,23,239,2391,Manufacture of refractory products,6,4,2,6,4,2,0,0,0,0,0,0,0,0,0,0,0,0
11,000,STATE - SIKKIM,23,239,2395,"Manufacture of articles of concrete, cement and plaster",4,2,2,0,0,0,4,2,2,0,0,0,0,0,0,0,0,0
11,000,STATE - SIKKIM,23,239,2396,"Cutting, shaping and finishing of stone",1,1,0,1,1,0,0,0,0,0,0,0,0,0,0,0,0,0
11,000,STATE - SIKKIM,23,239,2399,Manufacture of other non-metallic mineral products n.e.c.,4,2,2,2,0,2,2,2,0,0,0,0,0,0,0,0,0,0
11,000,STATE - SIKKIM,24,241,2410,Manufacture of basic iron and steel,22,10,12,22,10,12,0,0,0,3,1,2,1,1,0,2,0,2
11,000,STATE - SIKKIM,24,243,2431,Casting of iron and steel,4,4,0,4,4,0,0,0,0,0,0,0,0,0,0,0,0,0
11,000,STATE - SIKKIM,25,251,2511,Manufacture of structural metal products,2,2,0,2,2,0,0,0,0,0,0,0,0,0,0,0,0,0
11,000,STATE - SIKKIM,25,259,2593,"Manufacture of cutlery, hand tools and general hardware",8,6,2,5,3,2,3,3,0,4,4,0,4,4,0,0,0,0
11,000,STATE - SIKKIM,25,259,2599,Manufacture of other fabricated metal products n.e.c.,4,4,0,4,4,0,0,0,0,0,0,0,0,0,0,0,0,0
11,000,STATE - SIKKIM,26,265,2652,Manufacture of watches and clocks,16,6,10,0,0,0,16,6,10,0,0,0,0,0,0,0,0,0
11,000,STATE - SIKKIM,27,274,2740,Manufacture of electric lighting equipment,1,1,0,0,0,0,1,1,0,0,0,0,0,0,0,0,0,0
11,000,STATE - SIKKIM,27,275,2750,Manufacture of domestic appliances,2,2,0,0,0,0,2,2,0,0,0,0,0,0,0,0,0,0
11,000,STATE - SIKKIM,28,281,2814,"Manufacture of bearings, gears, gearing and driving elements",2,2,0,0,0,0,2,2,0,0,0,0,0,0,0,0,0,0
11,000,STATE - SIKKIM,28,282,2825,"Manufacture of machinery for food, beverage and tobacco processing",2,2,0,0,0,0,2,2,0,0,0,0,0,0,0,0,0,0
11,000,STATE - SIKKIM,28,282,2826,"Manufacture of machinery for textile, apparel and leather production",2,1,1,1,1,0,1,0,1,4,0,4,4,0,4,0,0,0
11,000,STATE - SIKKIM,29,292,2920,Manufacture of bodies (coachwork) for motor vehicles; manufacture of trailers and semi-trailers,2,2,0,2,2,0,0,0,0,0,0,0,0,0,0,0,0,0
11,000,STATE - SIKKIM,30,309,3099,Manufacture of other transport equipment n.e.c.,41,41,0,33,33,0,8,8,0,20,20,0,16,16,0,4,4,0
11,000,STATE - SIKKIM,31,310,3100,Manufacture of furniture,518,512,6,438,433,5,80,79,1,142,140,2,121,121,0,21,19,2
11,000,STATE - SIKKIM,32,321,3211,Manufacture of jewellery and related articles,14,6,8,4,2,2,10,4,6,2,2,0,0,0,0,2,2,0
11,000,STATE - SIKKIM,32,324,3240,Manufacture of games and toys,5,1,4,4,0,4,1,1,0,2,0,2,0,0,0,2,0,2
11,000,STATE - SIKKIM,32,325,3250,Manufacture of medical and dental instruments and supplies,2,2,0,2,2,0,0,0,0,0,0,0,0,0,0,0,0,0
11,000,STATE - SIKKIM,32,329,3290,Other manufacturing n.e.c.,23,14,9,17,10,7,6,4,2,6,2,4,2,0,2,4,2,2
11,000,STATE - SIKKIM,33,331,3311,Repair of fabricated metal products,5,5,0,1,1,0,4,4,0,0,0,0,0,0,0,0,0,0
11,000,STATE - SIKKIM,33,331,3312,Repair of machinery,2,2,0,2,2,0,0,0,0,0,0,0,0,0,0,0,0,0
11,000,STATE - SIKKIM,33,331,3314,Repair of electrical equipment,18,11,7,12,7,5,6,4,2,2,2,0,2,2,0,0,0,0
11,000,STATE - SIKKIM,33,331,3315,"Repair of transport equipment, except motor vehicles",3,3,0,0,0,0,3,3,0,0,0,0,0,0,0,0,0,0
11,000,STATE - SIKKIM,33,331,3319,Repair of other equipment,2,2,0,2,2,0,0,0,0,0,0,0,0,0,0,0,0,0
11,000,STATE - SIKKIM,33,332,3320,Installation of industrial machinery and equipment,2,2,0,2,2,0,0,0,0,0,0,0,0,0,0,0,0,0
11,000,STATE - SIKKIM,35,351,3510,"Electric power generation, transmission and distribution",1774,1438,336,1349,1163,186,425,275,150,96,80,16,93,78,15,3,2,1
11,000,STATE - SIKKIM,35,352,3520,Manufacture of gas; distribution of gaseous fuels through mains,24,24,0,8,8,0,16,16,0,2,2,0,0,0,0,2,2,0
11,000,STATE - SIKKIM,36,360,3600,"Water collection, treatment and supply",244,145,99,117,77,40,127,68,59,8,7,1,6,5,1,2,2,0
11,000,STATE - SIKKIM,38,381,3811,Collection of non-hazardous waste,0,0,0,0,0,0,0,0,0,2,2,0,2,2,0,0,0,0
11,000,STATE - SIKKIM,38,381,3812,Collection of hazardous waste,14,14,0,0,0,0,14,14,0,0,0,0,0,0,0,0,0,0
11,000,STATE - SIKKIM,39,390,3900,Remediation activities and other waste management services,2,0,2,2,0,2,0,0,0,0,0,0,0,0,0,0,0,0
11,000,STATE - SIKKIM,41,410,4100,Construction of buildings,1684,1451,233,1039,924,115,645,527,118,416,324,92,276,216,60,140,108,32
11,000,STATE - SIKKIM,42,421,4210,Construction roads and railways,3255,2237,1018,2677,1821,856,578,416,162,2478,1220,1258,2392,1167,1225,86,53,33
11,000,STATE - SIKKIM,42,422,4220,Construction of utility projects,26,24,2,23,22,1,3,2,1,2,2,0,2,2,0,0,0,0
11,000,STATE - SIKKIM,42,429,4290,Construction of other civil engineering projects,319,270,49,167,138,29,152,132,20,80,61,19,56,41,15,24,20,4
11,000,STATE - SIKKIM,43,431,4312,Site preparation,11,10,1,9,8,1,2,2,0,0,0,0,0,0,0,0,0,0
11,000,STATE - SIKKIM,43,432,4321,Electrical installation,36,34,2,27,26,1,9,8,1,0,0,0,0,0,0,0,0,0
11,000,STATE - SIKKIM,43,432,4322,"Plumbing, heat and air-conditioning installation",59,59,0,37,37,0,22,22,0,11,10,1,11,10,1,0,0,0
11,000,STATE - SIKKIM,43,432,4329,Other construction installation,279,214,65,194,153,41,85,61,24,155,105,50,127,88,39,28,17,11
11,000,STATE - SIKKIM,43,433,4330,Building completion and finishing,99,91,8,70,64,6,29,27,2,30,23,7,19,14,5,11,9,2
11,000,STATE - SIKKIM,45,451,4510,Sale of motor vehicles,17,9,8,3,1,2,14,8,6,2,2,0,0,0,0,2,2,0
11,000,STATE - SIKKIM,45,452,4520,Maintenance and repair of motor vehicles,58,54,4,13,11,2,45,43,2,8,6,2,2,2,0,6,4,2
11,000,STATE - SIKKIM,45,453,4530,Sale of motor vehicle parts and accessories,11,11,0,2,2,0,9,9,0,2,2,0,2,2,0,0,0,0
11,000,STATE - SIKKIM,45,454,4540,"Sale, maintenance and repair of motorcycles and related parts and",12,12,0,9,9,0,3,3,0,0,0,0,0,0,0,0,0,0
11,000,STATE - SIKKIM,46,461,4610,Wholesale on a fee or contract basis,9,5,4,8,4,4,1,1,0,2,2,0,2,2,0,0,0,0
11,000,STATE - SIKKIM,46,462,4620,Wholesale of agricultural raw materials and live animals,11,7,4,2,2,0,9,5,4,4,4,0,2,2,0,2,2,0
11,000,STATE - SIKKIM,46,463,4630,"Wholesale of food, beverages and tobacco",13,13,0,10,10,0,3,3,0,0,0,0,0,0,0,0,0,0
11,000,STATE - SIKKIM,46,464,4641,"Wholesale of textiles, clothing and footwear",2,0,2,0,0,0,2,0,2,0,0,0,0,0,0,0,0,0
11,000,STATE - SIKKIM,46,464,4649,Wholesale of other household goods,16,10,6,13,9,4,3,1,2,0,0,0,0,0,0,0,0,0
11,000,STATE - SIKKIM,46,465,4651,"Wholesale of computers, computer peripheral equipment and software",2,0,2,2,0,2,0,0,0,0,0,0,0,0,0,0,0,0
11,000,STATE - SIKKIM,46,465,4659,Wholesale of other machinery and equipment,5,3,2,5,3,2,0,0,0,0,0,0,0,0,0,0,0,0
11,000,STATE - SIKKIM,46,466,4661,"Wholesale of solid, liquid and gaseous fuels and related products",2,2,0,0,0,0,2,2,0,0,0,0,0,0,0,0,0,0
11,000,STATE - SIKKIM,46,466,4663,"Wholesale of construction materials, hardware, plumbing and heating",22,16,6,21,15,6,1,1,0,4,4,0,4,4,0,0,0,0
11,000,STATE - SIKKIM,46,466,4669,Wholesale of waste and scrap and other products n.e.c.,2,2,0,2,2,0,0,0,0,0,0,0,0,0,0,0,0,0
11,000,STATE - SIKKIM,46,469,4690,Non-specialized wholesale trade,32,25,7,21,16,5,11,9,2,8,7,1,2,1,1,6,6,0
11,000,STATE - SIKKIM,47,471,4711,"Retail sale in non-specialized stores with food, beverages or tobacco",217,82,135,163,59,104,54,23,31,61,25,36,50,15,35,11,10,1
11,000,STATE - SIKKIM,47,471,4719,Other retail sale in non-specialized stores,597,292,305,369,185,184,228,107,121,135,51,84,90,28,62,45,23,22
11,000,STATE - SIKKIM,47,472,4721,Retail sale of food in specialized stores,361,192,169,180,85,95,181,107,74,82,30,52,65,19,46,17,11,6
11,000,STATE - SIKKIM,47,472,4722,Retail sale of beverages in specialized stores,65,37,28,40,20,20,25,17,8,7,6,1,2,2,0,5,4,1
11,000,STATE - SIKKIM,47,472,4723,Retail sale of tobacco products in specialized stores,5,2,3,5,2,3,0,0,0,0,0,0,0,0,0,0,0,0
11,000,STATE - SIKKIM,47,473,4730,Retail sale of automotive fuel in specialized stores,15,13,2,10,8,2,5,5,0,2,2,0,2,2,0,0,0,0
11,000,STATE - SIKKIM,47,474,4741,"Retail sale of computers, peripheral units, software and",31,18,13,2,0,2,29,18,11,4,2,2,4,2,2,0,0,0
11,000,STATE - SIKKIM,47,474,4742,Retail sale of audio and video equipment in specialized stores,4,0,4,4,0,4,0,0,0,2,2,0,0,0,0,2,2,0
11,000,STATE - SIKKIM,47,475,4751,Retail sale of textiles in specialized stores,3,3,0,2,2,0,1,1,0,0,0,0,0,0,0,0,0,0
11,000,STATE - SIKKIM,47,475,4752,"Retail sale of hardware, paints and glass in specialized stores",40,40,0,13,13,0,27,27,0,6,6,0,2,2,0,4,4,0
11,000,STATE - SIKKIM,47,475,4753,"Retail sale of carpets, rugs, wall and floor coverings in specialized",1,1,0,0,0,0,1,1,0,0,0,0,0,0,0,0,0,0
11,000,STATE - SIKKIM,47,475,4759,"Retail sale of electrical household appliances, furniture, lighting",24,19,5,10,8,2,14,11,3,4,2,2,0,0,0,4,2,2
11,000,STATE - SIKKIM,47,476,4761,"Retail sale of books, newspapers and stationary in specialized stores",27,15,12,10,8,2,17,7,10,4,2,2,2,0,2,2,2,0
11,000,STATE - SIKKIM,47,476,4762,Retail sale of music and video recordings in specialized stores,2,2,0,2,2,0,0,0,0,2,0,2,2,0,2,0,0,0
11,000,STATE - SIKKIM,47,476,4763,Retail sale of sporting equipment in specialized stores,2,2,0,0,0,0,2,2,0,0,0,0,0,0,0,0,0,0
11,000,STATE - SIKKIM,47,476,4764,Retail sale of games and toys in specialized stores,3,3,0,2,2,0,1,1,0,0,0,0,0,0,0,0,0,0
11,000,STATE - SIKKIM,47,477,4771,"Retail sale of clothing, footwear and leather articles in specialized",224,101,123,55,24,31,169,77,92,63,20,43,42,12,30,21,8,13
11,000,STATE - SIKKIM,47,477,4772,"Retail sale of pharmaceutical and medical goods, cosmetic and toilet",82,34,48,40,14,26,42,20,22,19,8,11,10,2,8,9,6,3
11,000,STATE - SIKKIM,47,477,4773,Other retail sale of new goods in specialized stores,42,23,19,22,8,14,20,15,5,2,2,0,0,0,0,2,2,0
11,000,STATE - SIKKIM,47,478,4781,"Retail sale via stalls and markets of food, beverages and tobacco",2,2,0,2,2,0,0,0,0,0,0,0,0,0,0,0,0,0
11,000,STATE - SIKKIM,47,478,4782,"Retail sale via stalls and markets of textiles, clothing and footwear",2,0,2,2,0,2,0,0,0,0,0,0,0,0,0,0,0,0
11,000,STATE - SIKKIM,47,478,4789,Retail sale via stalls and markets of other goods,73,25,48,43,13,30,30,12,18,13,4,9,7,2,5,6,2,4
11,000,STATE - SIKKIM,47,479,4791,Retail sale via mail order houses or via Internet,4,2,2,4,2,2,0,0,0,0,0,0,0,0,0,0,0,0
11,000,STATE - SIKKIM,47,479,4799,"Other retail sale not in stores, stalls or markets",11,11,0,8,8,0,3,3,0,0,0,0,0,0,0,0,0,0
11,000,STATE - SIKKIM,49,491,4911,Passenger rail transport,4,2,2,4,2,2,0,0,0,0,0,0,0,0,0,0,0,0
11,000,STATE - SIKKIM,49,492,4921,Urban or suburban passenger land transport,257,248,9,136,135,1,121,113,8,32,30,2,22,20,2,10,10,0
11,000,STATE - SIKKIM,49,492,4922,Other passenger land transport,2608,2569,39,1664,1647,17,944,922,22,285,283,2,174,174,0,111,109,2
11,000,STATE - SIKKIM,49,492,4923,Freight transport by road,204,203,1,156,155,1,48,48,0,27,25,2,17,15,2,10,10,0
11,000,STATE - SIKKIM,50,502,5021,Inland passenger water transport,3,3,0,2,2,0,1,1,0,0,0,0,0,0,0,0,0,0
11,000,STATE - SIKKIM,50,502,5022,Inland freight water transport,1,1,0,0,0,0,1,1,0,0,0,0,0,0,0,0,0,0
11,000,STATE - SIKKIM,51,511,5110,Passenger air transport,23,6,17,8,4,4,15,2,13,2,2,0,2,2,0,0,0,0
11,000,STATE - SIKKIM,51,512,5120,Freight air transport,12,2,10,8,2,6,4,0,4,4,4,0,4,4,0,0,0,0
11,000,STATE - SIKKIM,52,521,5210,Warehousing and storage,3,3,0,2,2,0,1,1,0,4,2,2,4,2,2,0,0,0
11,000,STATE - SIKKIM,52,522,5221,Service activities incidental to land transportation,157,147,10,66,64,2,91,83,8,16,14,2,2,2,0,14,12,2
11,000,STATE - SIKKIM,52,522,5222,Service activities incidental to water transportation,1,1,0,1,1,0,0,0,0,0,0,0,0,0,0,0,0,0
11,000,STATE - SIKKIM,52,522,5229,Other transportation support activities,63,40,23,29,18,11,34,22,12,10,10,0,6,6,0,4,4,0
11,000,STATE - SIKKIM,53,531,5310,Postal activities,113,90,23,83,69,14,30,21,9,5,3,2,2,2,0,3,1,2
11,000,STATE - SIKKIM,53,532,5320,Courier activities,0,0,0,0,0,0,0,0,0,2,0,2,0,0,0,2,0,2
11,000,STATE - SIKKIM,55,551,5510,Short term accommodation activities,657,413,244,257,159,98,400,254,146,112,45,67,69,23,46,43,22,21
11,000,STATE - SIKKIM,55,559,5590,Other accommodation,35,17,18,22,11,11,13,6,7,6,4,2,4,2,2,2,2,0
11,000,STATE - SIKKIM,56,561,5610,Restaurants and mobile food service activities,84,44,40,31,17,14,53,27,26,21,6,15,7,2,5,14,4,10
11,000,STATE - SIKKIM,56,562,5621,Event catering,47,28,19,15,12,3,32,16,16,15,10,5,1,0,1,14,10,4
11,000,STATE - SIKKIM,56,562,5629,Other food service activities,49,23,26,26,16,10,23,7,16,10,0,10,6,0,6,4,0,4
11,000,STATE - SIKKIM,56,563,5630,Beverage serving activities,141,70,71,74,35,39,67,35,32,36,12,24,28,10,18,8,2,6
11,000,STATE - SIKKIM,58,581,5811,Book publishing,51,44,7,13,10,3,38,34,4,1,1,0,1,1,0,0,0,0
11,000,STATE - SIKKIM,58,581,5813,"Publishing of newspapers, journals and periodicals",9,5,4,6,2,4,3,3,0,0,0,0,0,0,0,0,0,0
11,000,STATE - SIKKIM,58,581,5819,Other publishing activities,8,6,2,0,0,0,8,6,2,0,0,0,0,0,0,0,0,0
11,000,STATE - SIKKIM,58,582,5820,Software publishing,2,2,0,0,0,0,2,2,0,0,0,0,0,0,0,0,0,0
11,000,STATE - SIKKIM,59,591,5911,"Motion picture, video and television programme production activities",4,4,0,2,2,0,2,2,0,2,0,2,0,0,0,2,0,2
11,000,STATE - SIKKIM,59,591,5912,"Motion picture, video and television programme post-production",1,0,1,0,0,0,1,0,1,0,0,0,0,0,0,0,0,0
11,000,STATE - SIKKIM,59,591,5913,"Motion picture, video and television programme distribution activities",7,5,2,0,0,0,7,5,2,4,2,2,0,0,0,4,2,2
11,000,STATE - SIKKIM,59,591,5914,Motion picture projection activities,4,2,2,0,0,0,4,2,2,0,0,0,0,0,0,0,0,0
11,000,STATE - SIKKIM,60,601,6010,Radio broadcasting,14,8,6,2,0,2,12,8,4,2,0,2,0,0,0,2,0,2
11,000,STATE - SIKKIM,60,602,6020,Television programming and broadcasting activities,4,4,0,0,0,0,4,4,0,0,0,0,0,0,0,0,0,0
11,000,STATE - SIKKIM,61,611,6110,Wired telecommunications activities,36,23,13,14,8,6,22,15,7,2,2,0,2,2,0,0,0,0
11,000,STATE - SIKKIM,61,612,6120,Wireless telecommunications activities,11,11,0,5,5,0,6,6,0,0,0,0,0,0,0,0,0,0
11,000,STATE - SIKKIM,61,613,6130,Satellite telecommunications activities,8,8,0,4,4,0,4,4,0,0,0,0,0,0,0,0,0,0
11,000,STATE - SIKKIM,61,619,6190,Other telecommunications activities,87,62,25,32,26,6,55,36,19,6,6,0,6,6,0,0,0,0
11,000,STATE - SIKKIM,62,620,6202,Computer consultancy and computer facilities management activities,4,2,2,4,2,2,0,0,0,0,0,0,0,0,0,0,0,0
11,000,STATE - SIKKIM,62,620,6209,Other information technology and computer service activities,6,4,2,2,2,0,4,2,2,0,0,0,0,0,0,0,0,0
11,000,STATE - SIKKIM,63,631,6311,"Data processing, hosting and related activities",2,2,0,2,2,0,0,0,0,0,0,0,0,0,0,0,0,0
11,000,STATE - SIKKIM,63,639,6399,Other information service activities n.e.c.,60,45,15,20,19,1,40,26,14,2,0,2,0,0,0,2,0,2
11,000,STATE - SIKKIM,64,641,6411,Central banking,2,2,0,0,0,0,2,2,0,0,0,0,0,0,0,0,0,0
11,000,STATE - SIKKIM,64,641,6419,Other monetary intermediation,337,225,112,105,74,31,232,151,81,2,2,0,0,0,0,2,2,0
11,000,STATE - SIKKIM,64,642,6420,Activities of holding companies,2,2,0,2,2,0,0,0,0,0,0,0,0,0,0,0,0,0
11,000,STATE - SIKKIM,64,649,6499,"Other financial service activities, except insurance and pension funding",6,2,4,0,0,0,6,2,4,0,0,0,0,0,0,0,0,0
11,000,STATE - SIKKIM,65,651,6511,Life insurance,43,26,17,4,4,0,39,22,17,2,2,0,0,0,0,2,2,0
11,000,STATE - SIKKIM,65,651,6512,Non-life insurance,10,4,6,2,0,2,8,4,4,0,0,0,0,0,0,0,0,0
11,000,STATE - SIKKIM,66,662,6622,Activities of insurance agents and brokers,2,0,2,0,0,0,2,0,2,0,0,0,0,0,0,0,0,0
11,000,STATE - SIKKIM,66,662,6629,Other activities auxiliary to insurance and pension funding,2,0,2,0,0,0,2,0,2,0,0,0,0,0,0,0,0,0
11,000,STATE - SIKKIM,66,663,6630,Fund management activities,4,2,2,0,0,0,4,2,2,2,2,0,2,2,0,0,0,0
11,000,STATE - SIKKIM,69,691,6910,Legal activities,119,57,62,24,15,9,95,42,53,2,0,2,0,0,0,2,0,2
11,000,STATE - SIKKIM,69,692,6920,"Accounting, bookkeeping and auditing activities; tax consultancy",6,0,6,0,0,0,6,0,6,0,0,0,0,0,0,0,0,0
11,000,STATE - SIKKIM,71,711,7110,Architectural and engineering activities and related technical,2,2,0,0,0,0,2,2,0,0,0,0,0,0,0,0,0,0
11,000,STATE - SIKKIM,72,722,7220,Research and experimental development on social sciences and,4,2,2,0,0,0,4,2,2,0,0,0,0,0,0,0,0,0
11,000,STATE - SIKKIM,74,741,7410,Specialized design activities,2,2,0,2,2,0,0,0,0,0,0,0,0,0,0,0,0,0
11,000,STATE - SIKKIM,74,742,7420,Photographic activities,18,16,2,7,7,0,11,9,2,0,0,0,0,0,0,0,0,0
11,000,STATE - SIKKIM,74,749,7490,"Other professional, scientific and technical activities n.e.c.",7,3,4,5,1,4,2,2,0,0,0,0,0,0,0,0,0,0
11,000,STATE - SIKKIM,75,750,7500,Veterinary activities,44,27,17,27,16,11,17,11,6,0,0,0,0,0,0,0,0,0
11,000,STATE - SIKKIM,77,773,7730,"Renting and leasing of other machinery, equipment and tangible goods",2,2,0,2,2,0,0,0,0,0,0,0,0,0,0,0,0,0
11,000,STATE - SIKKIM,79,791,7911,Travel agency activities,97,81,16,14,10,4,83,71,12,20,20,0,10,10,0,10,10,0
11,000,STATE - SIKKIM,79,791,7912,Tour operator activities,33,31,2,18,16,2,15,15,0,0,0,0,0,0,0,0,0,0
11,000,STATE - SIKKIM,80,801,8010,Private security activities,12,10,2,8,6,2,4,4,0,1,1,0,1,1,0,0,0,0
11,000,STATE - SIKKIM,80,802,8020,Security systems service activities,15,15,0,12,12,0,3,3,0,0,0,0,0,0,0,0,0,0
11,000,STATE - SIKKIM,81,811,8110,Combined facilities support activities,4,2,2,4,2,2,0,0,0,0,0,0,0,0,0,0,0,0
11,000,STATE - SIKKIM,81,812,8121,General cleaning of buildings,2,0,2,2,0,2,0,0,0,0,0,0,0,0,0,0,0,0
11,000,STATE - SIKKIM,81,812,8129,Other building and industrial cleaning activities,2,2,0,2,2,0,0,0,0,0,0,0,0,0,0,0,0,0
11,000,STATE - SIKKIM,82,821,8211,Combined office administrative service activities,26,17,9,12,7,5,14,10,4,2,0,2,2,0,2,0,0,0
11,000,STATE - SIKKIM,82,821,8219,"Photocopying, document preparation and other specialized office",74,49,25,48,32,16,26,17,9,4,4,0,4,4,0,0,0,0
11,000,STATE - SIKKIM,82,822,8220,Activities of call centres,26,18,8,0,0,0,26,18,8,4,0,4,0,0,0,4,0,4
11,000,STATE - SIKKIM,82,829,8292,Packaging activities,12,6,6,8,2,6,4,4,0,1,0,1,0,0,0,1,0,1
11,000,STATE - SIKKIM,82,829,8299,Other business support service activities n.e.c.,525,335,190,247,145,102,278,190,88,81,56,25,31,26,5,50,30,20
11,000,STATE - SIKKIM,84,841,8411,General public administration activities,4004,2703,1301,1802,1342,460,2202,1361,841,115,78,37,67,43,24,48,35,13
11,000,STATE - SIKKIM,84,841,8412,"Regulation of the activities of providing health care, education, cultural",10,10,0,6,6,0,4,4,0,5,3,2,5,3,2,0,0,0
11,000,STATE - SIKKIM,84,841,8413,Regulation of and contribution to more efficient operation of,6,5,1,3,2,1,3,3,0,0,0,0,0,0,0,0,0,0
11,000,STATE - SIKKIM,84,842,8421,Foreign affairs,2,0,2,0,0,0,2,0,2,0,0,0,0,0,0,0,0,0
11,000,STATE - SIKKIM,84,842,8422,Defence activities,811,796,15,659,657,2,152,139,13,33,33,0,25,25,0,8,8,0
11,000,STATE - SIKKIM,84,842,8423,Public order and safety activities,1175,1023,152,568,524,44,607,499,108,8,8,0,6,6,0,2,2,0
11,000,STATE - SIKKIM,84,843,8430,Compulsory social security activities,298,275,23,157,147,10,141,128,13,6,2,4,0,0,0,6,2,4
11,000,STATE - SIKKIM,85,851,8510,Primary education,3050,1470,1580,2243,1173,1070,807,297,510,128,33,95,96,25,71,32,8,24
11,000,STATE - SIKKIM,85,852,8521,General secondary education,1271,686,585,771,486,285,500,200,300,29,14,15,17,10,7,12,4,8
11,000,STATE - SIKKIM,85,852,8522,Technical and vocational secondary education,14,12,2,4,4,0,10,8,2,0,0,0,0,0,0,0,0,0
11,000,STATE - SIKKIM,85,853,8530,Higher education,203,100,103,81,42,39,122,58,64,19,8,11,10,6,4,9,2,7
11,000,STATE - SIKKIM,85,854,8541,Sports and recreation education,3,0,3,1,0,1,2,0,2,0,0,0,0,0,0,0,0,0
11,000,STATE - SIKKIM,85,854,8542,Cultural education,4,2,2,0,0,0,4,2,2,0,0,0,0,0,0,0,0,0
11,000,STATE - SIKKIM,85,854,8549,Other education n.e.c.,206,104,102,127,68,59,79,36,43,50,16,34,26,8,18,24,8,16
11,000,STATE - SIKKIM,85,855,8550,Educational support services,367,200,167,235,132,103,132,68,64,14,7,7,7,5,2,7,2,5
11,000,STATE - SIKKIM,86,861,8610,Hospital activities,643,301,342,306,157,149,337,144,193,18,4,14,14,2,12,4,2,2
11,000,STATE - SIKKIM,86,862,8620,Medical and dental practice activities,93,49,44,27,21,6,66,28,38,3,1,2,2,0,2,1,1,0
11,000,STATE - SIKKIM,86,869,8690,Other human health activities,1082,174,908,788,103,685,294,71,223,51,4,47,42,0,42,9,4,5
11,000,STATE - SIKKIM,87,879,8790,Other residential care activities n.e.c.,2,0,2,0,0,0,2,0,2,0,0,0,0,0,0,0,0,0
11,000,STATE - SIKKIM,88,881,8810,Social work activities without accommodation for the elderly and,16,3,13,13,1,12,3,2,1,3,0,3,2,0,2,1,0,1
11,000,STATE - SIKKIM,88,889,8890,Other social work activities without accommodation n.e.c.,114,49,65,89,41,48,25,8,17,15,6,9,11,2,9,4,4,0
11,000,STATE - SIKKIM,90,900,9000,"Dramatic arts, music and other arts activities",74,58,16,47,39,8,27,19,8,28,24,4,16,14,2,12,10,2
11,000,STATE - SIKKIM,91,910,9101,Library and archives activities,5,3,2,2,0,2,3,3,0,0,0,0,0,0,0,0,0,0
11,000,STATE - SIKKIM,91,910,9102,Museums activities and operation of historical sites and buildings,6,4,2,4,2,2,2,2,0,0,0,0,0,0,0,0,0,0
11,000,STATE - SIKKIM,91,910,9103,Botanical and zoological gardens and nature reserves activities,2,2,0,2,2,0,0,0,0,0,0,0,0,0,0,0,0,0
11,000,STATE - SIKKIM,92,920,9200,Gambling and betting activities,12,6,6,2,2,0,10,4,6,2,0,2,2,0,2,0,0,0
11,000,STATE - SIKKIM,93,931,9311,Operation of sports facilities,3,3,0,2,2,0,1,1,0,0,0,0,0,0,0,0,0,0
11,000,STATE - SIKKIM,93,931,9319,Other sports activities,22,16,6,9,7,2,13,9,4,2,2,0,0,0,0,2,2,0
11,000,STATE - SIKKIM,93,932,9329,Other amusement and recreation activities n.e.c.,4,2,2,2,2,0,2,0,2,4,2,2,0,0,0,4,2,2
11,000,STATE - SIKKIM,94,941,9411,Activities of business and employers membership organizations,32,25,7,24,17,7,8,8,0,3,1,2,3,1,2,0,0,0
11,000,STATE - SIKKIM,94,949,9491,Activities of religious organizations,172,163,9,132,124,8,40,39,1,84,78,6,69,67,2,15,11,4
11,000,STATE - SIKKIM,94,949,9492,Activities of political organizations,132,94,38,112,82,30,20,12,8,16,10,6,16,10,6,0,0,0
11,000,STATE - SIKKIM,94,949,9499,Activities of other membership organizations n.e.c.,44,37,7,38,33,5,6,4,2,4,3,1,3,3,0,1,0,1
11,000,STATE - SIKKIM,95,951,9511,Repair of computers and peripheral equipment,8,6,2,4,4,0,4,2,2,0,0,0,0,0,0,0,0,0
11,000,STATE - SIKKIM,95,951,9512,Repair of communication equipment,2,2,0,0,0,0,2,2,0,0,0,0,0,0,0,0,0,0
11,000,STATE - SIKKIM,95,952,9521,Repair of consumer electronics,5,2,3,4,1,3,1,1,0,2,0,2,0,0,0,2,0,2
11,000,STATE - SIKKIM,95,952,9522,Repair of household appliances and home and garden equipment,0,0,0,0,0,0,0,0,0,2,2,0,2,2,0,0,0,0
11,000,STATE - SIKKIM,95,952,9529,"Repair of personal and household goods, n.e.c.",11,4,7,5,2,3,6,2,4,2,1,1,1,0,1,1,1,0
11,000,STATE - SIKKIM,96,960,9601,Washing and (dry-) cleaning of textile and fur products,2,0,2,0,0,0,2,0,2,5,0,5,1,0,1,4,0,4
11,000,STATE - SIKKIM,96,960,9602,Hairdressing and other beauty treatment,113,2,111,38,0,38,75,2,73,15,0,15,5,0,5,10,0,10
11,000,STATE - SIKKIM,96,960,9609,Other personal service activities n.e.c.,435,393,42,297,270,27,138,123,15,442,396,46,358,342,16,84,54,30
11,000,STATE - SIKKIM,97,970,9700,Activities of households as employers of domestic personnel,338,142,196,155,69,86,183,73,110,252,40,212,180,20,160,72,20,52
11,000,STATE - SIKKIM,98,981,9810,Undifferentiated goods-producing activities of private households for own,5,3,2,3,2,1,2,1,1,4,2,2,4,2,2,0,0,0
33,000,STATE - TAMIL NADU,01,011,0111,"Growing of cereals (except rice), leguminous crops and oil seeds",88,77,11,39,33,6,49,44,5,6,3,3,3,3,0,3,0,3
33,000,STATE - TAMIL NADU,01,011,0112,Growing of rice,12,6,6,9,3,6,3,3,0,48,24,24,0,0,0,48,24,24
33,000,STATE - TAMIL NADU,01,011,0113,"Growing of vegetables and melons, roots and tubers",314,223,91,133,107,26,181,116,65,22,15,7,8,6,2,14,9,5
33,000,STATE - TAMIL NADU,01,011,0114,Growing of sugar cane,173,119,54,137,93,44,36,26,10,37,29,8,31,23,8,6,6,0
33,000,STATE - TAMIL NADU,01,011,0116,Growing of fibre crops,35,27,8,26,18,8,9,9,0,14,0,14,12,0,12,2,0,2
33,000,STATE - TAMIL NADU,01,011,0119,Growing of other non-perennial crop,148,51,97,62,15,47,86,36,50,130,16,114,72,16,56,58,0,58
33,000,STATE - TAMIL NADU,01,012,0121,Growing of grapes,6,6,0,6,6,0,0,0,0,0,0,0,0,0,0,0,0,0
33,000,STATE - TAMIL NADU,01,012,0122,Growing of tropical and subtropical fruits,68,52,16,46,38,8,22,14,8,17,11,6,17,11,6,0,0,0
33,000,STATE - TAMIL NADU,01,012,0124,Growing of pome fruits and stone fruits,3,3,0,0,0,0,3,3,0,0,0,0,0,0,0,0,0,0
33,000,STATE - TAMIL NADU,01,012,0125,Growing of other tree and bush fruits and nuts,139,76,63,79,41,38,60,35,25,33,21,12,22,12,10,11,9,2
33,000,STATE - TAMIL NADU,01,012,0126,Growing of oleaginous fruits,4491,3564,927,3126,2429,697,1365,1135,230,613,491,122,466,378,88,147,113,34
33,000,STATE - TAMIL NADU,01,012,0127,Growing of beverage crops,58431,26269,32162,21422,9633,11789,37009,16636,20373,4510,1999,2511,1487,682,805,3023,1317,1706
33,000,STATE - TAMIL NADU,01,012,0128,"Growing of spices, aromatic, drug and pharmaceutical crops",358,195,163,58,37,21,300,158,142,3,0,3,0,0,0,3,0,3
33,000,STATE - TAMIL NADU,01,012,0129,Growing of other perennial crops,653,463,190,230,116,114,423,347,76,74,58,16,40,26,14,34,32,2
33,000,STATE - TAMIL NADU,01,013,0130,Plant propagation,118,77,41,52,44,8,66,33,33,15,12,3,0,0,0,15,12,3
33,000,STATE - TAMIL NADU,01,014,0141,Raising of cattle and buffaloes,9121,4833,4288,6703,3536,3167,2418,1297,1121,1797,837,960,1445,685,760,352,152,200
33,000,STATE - TAMIL NADU,01,014,0142,Raising of horses and other equines,73,70,3,30,30,0,43,40,3,3,3,0,0,0,0,3,3,0
33,000,STATE - TAMIL NADU,01,014,0143,Raising and breeding of camels and camelids,6,0,6,6,0,6,0,0,0,0,0,0,0,0,0,0,0,0
33,000,STATE - TAMIL NADU,01,014,0144,Raising of sheep and goats,4630,2464,2166,3643,2007,1636,987,457,530,942,395,547,765,345,420,177,50,127
33,000,STATE - TAMIL NADU,01,014,0145,Raising of swine/pigs,364,239,125,227,149,78,137,90,47,18,5,13,15,2,13,3,3,0
33,000,STATE - TAMIL NADU,01,014,0146,Raising of poultry,1953,1298,655,1417,905,512,536,393,143,195,123,72,136,82,54,59,41,18
33,000,STATE - TAMIL NADU,01,014,0149,Raising of other animals,269,191,78,158,103,55,111,88,23,26,15,11,14,6,8,12,9,3
33,000,STATE - TAMIL NADU,01,015,0150,Mixed farming,3,3,0,0,0,0,3,3,0,0,0,0,0,0,0,0,0,0
33,000,STATE - TAMIL NADU,01,016,0161,Support activities for crop production,48326,30098,18228,26370,16030,10340,21956,14068,7888,15474,8240,7234,11156,5846,5310,4318,2394,1924
33,000,STATE - TAMIL NADU,01,016,0162,Support activities for animal production,15,3,12,12,0,12,3,3,0,6,0,6,6,0,6,0,0,0
33,000,STATE - TAMIL NADU,01,016,0163,Post-harvest crop activities,9687,7817,1870,6447,5475,972,3240,2342,898,2098,1449,649,1560,1076,484,538,373,165
33,000,STATE - TAMIL NADU,01,016,0164,Seed processing for propagation,27,18,9,0,0,0,27,18,9,6,6,0,0,0,0,6,6,0
33,000,STATE - TAMIL NADU,01,017,0170,"Hunting, trapping and related service activities",176,176,0,145,145,0,31,31,0,29,29,0,23,23,0,6,6,0
33,000,STATE - TAMIL NADU,02,021,0210,Silviculture and other forestry activities,326,251,75,157,139,18,169,112,57,84,66,18,75,57,18,9,9,0
33,000,STATE - TAMIL NADU,02,022,0220,Logging,11154,8467,2687,8186,6118,2068,2968,2349,619,2468,1811,657,1955,1386,569,513,425,88
33,000,STATE - TAMIL NADU,02,023,0230,Gathering of non-wood forest products,118,88,30,46,34,12,72,54,18,29,9,20,26,6,20,3,3,0
33,000,STATE - TAMIL NADU,02,024,0240,Support services to forestry,1268,1125,143,666,624,42,602,501,101,23,15,8,20,12,8,3,3,0
33,000,STATE - TAMIL NADU,03,031,0311,Marine fishing,5864,5387,477,3748,3458,290,2116,1929,187,531,460,71,294,254,40,237,206,31
33,000,STATE - TAMIL NADU,03,031,0312,Freash water fishing,1049,932,117,880,785,95,169,147,22,113,93,20,76,72,4,37,21,16
33,000,STATE - TAMIL NADU,03,032,0321,Marine aquaculture,235,198,37,79,69,10,156,129,27,20,12,8,14,6,8,6,6,0
33,000,STATE - TAMIL NADU,03,032,0322,Freshwater aquaculture,172,133,39,122,100,22,50,33,17,26,21,5,20,18,2,6,3,3
33,000,STATE - TAMIL NADU,05,051,0510,Mining of hard coal,858,822,36,404,396,8,454,426,28,115,93,22,96,78,18,19,15,4
33,000,STATE - TAMIL NADU,05,052,0520,Mining of lignite,5090,4748,342,1095,1035,60,3995,3713,282,225,204,21,172,159,13,53,45,8
33,000,STATE - TAMIL NADU,06,061,0610,Extraction of crude petroleum,202,196,6,89,89,0,113,107,6,6,6,0,3,3,0,3,3,0
33,000,STATE - TAMIL NADU,06,062,0620,Extraction of natural gas,256,233,23,141,127,14,115,106,9,15,15,0,0,0,0,15,15,0
33,000,STATE - TAMIL NADU,07,071,0710,Mining of iron ores,26,24,2,20,18,2,6,6,0,12,12,0,12,12,0,0,0,0
33,000,STATE - TAMIL NADU,07,072,0729,Mining of other non-ferrous metal ores,128,108,20,38,38,0,90,70,20,3,0,3,0,0,0,3,0,3
33,000,STATE - TAMIL NADU,08,081,0810,"Quarrying of stone, sand and clay",10425,8108,2317,6947,5364,1583,3478,2744,734,1253,900,353,951,676,275,302,224,78
33,000,STATE - TAMIL NADU,08,089,0891,Mining of chemical and fertilizer minerals,21,18,3,6,6,0,15,12,3,3,3,0,3,3,0,0,0,0
33,000,STATE - TAMIL NADU,08,089,0893,Extraction of salt,5919,3492,2427,2605,1523,1082,3314,1969,1345,1155,575,580,451,223,228,704,352,352
33,000,STATE - TAMIL NADU,08,089,0899,Other mining and quarrying n.e.c.,401,322,79,281,231,50,120,91,29,57,45,12,34,31,3,23,14,9
33,000,STATE - TAMIL NADU,09,091,0910,Support activities for petroleum and natural gas mining,120,120,0,63,63,0,57,57,0,6,6,0,6,6,0,0,0,0
33,000,STATE - TAMIL NADU,09,099,0990,Support activities for other mining and quarrying,15,15,0,12,12,0,3,3,0,3,3,0,0,0,0,3,3,0
33,000,STATE - TAMIL NADU,10,101,1010,Processing and preserving of meat,649,442,207,343,209,134,306,233,73,91,53,38,41,26,15,50,27,23
33,000,STATE - TAMIL NADU,10,102,1020,"Processing and preserving of fish, crustaceans and molluscs and",1071,628,443,428,255,173,643,373,270,154,66,88,76,21,55,78,45,33
33,000,STATE - TAMIL NADU,10,103,1030,Processing and preserving of fruit and vegetables,1312,787,525,712,444,268,600,343,257,326,166,160,189,108,81,137,58,79
33,000,STATE - TAMIL NADU,10,104,1040,Manufacture of vegetable and animal oils and fats,1499,1171,328,739,568,171,760,603,157,143,103,40,84,63,21,59,40,19
33,000,STATE - TAMIL NADU,10,105,1050,Manufacture of dairy products,4379,2511,1868,2803,1571,1232,1576,940,636,1278,461,817,1008,360,648,270,101,169
33,000,STATE - TAMIL NADU,10,106,1061,Manufacture of grain mill products,12582,7850,4732,6806,4313,2493,5776,3537,2239,4463,1938,2525,3648,1611,2037,815,327,488
33,000,STATE - TAMIL NADU,10,106,1062,Manufacture of starches and starch products,826,478,348,262,152,110,564,326,238,108,80,28,24,18,6,84,62,22
33,000,STATE - TAMIL NADU,10,107,1071,Manufacture of bakery products,1422,1081,341,718,548,170,704,533,171,154,116,38,99,75,24,55,41,14
33,000,STATE - TAMIL NADU,10,107,1072,Manufacture of sugar,2613,2286,327,1828,1583,245,785,703,82,380,289,91,267,213,54,113,76,37
33,000,STATE - TAMIL NADU,10,107,1073,"Manufacture of cocoa, chocolate and sugar confectionery",1546,1075,471,645,478,167,901,597,304,135,84,51,64,45,19,71,39,32
33,000,STATE - TAMIL NADU,10,107,1074,"Manufacture of macaroni, noodles, couscous and similar farinaceous",144,76,68,39,33,6,105,43,62,43,20,23,16,8,8,27,12,15
33,000,STATE - TAMIL NADU,10,107,1075,Manufacture of prepared meals and dishes,3386,1829,1557,1900,1055,845,1486,774,712,787,359,428,484,243,241,303,116,187
33,000,STATE - TAMIL NADU,10,107,1079,Manufacture of other food products n.e.c.,8171,3709,4462,2924,1349,1575,5247,2360,2887,1786,567,1219,1034,306,728,752,261,491
33,000,STATE - TAMIL NADU,10,108,1080,Manufacture of prepared animal feeds,297,232,65,175,134,41,122,98,24,46,29,17,31,18,13,15,11,4
33,000,STATE - TAMIL NADU,11,110,1101,"Distilling, rectifying and blending of spirits; ethyl alcohol production",273,203,70,213,153,60,60,50,10,53,29,24,48,26,22,5,3,2
33,000,STATE - TAMIL NADU,11,110,1102,Manufacture of wines,23,17,6,14,8,6,9,9,0,6,6,0,0,0,0,6,6,0
33,000,STATE - TAMIL NADU,11,110,1103,Manufacture of malt liquors and malt,408,165,243,317,96,221,91,69,22,67,28,39,58,22,36,9,6,3
33,000,STATE - TAMIL NADU,11,110,1104,Manufacture of soft drinks; production of mineral waters and other,2167,1722,445,1061,824,237,1106,898,208,219,143,76,159,99,60,60,44,16
33,000,STATE - TAMIL NADU,12,120,1200,Manufacture of tobacco products,32013,5973,26040,17938,2285,15653,14075,3688,10387,4076,658,3418,2502,261,2241,1574,397,1177
33,000,STATE - TAMIL NADU,13,131,1311,Preparation and spinning of textile fibres,40442,22658,17784,25515,13806,11709,14927,8852,6075,6347,2939,3408,4807,2124,2683,1540,815,725
33,000,STATE - TAMIL NADU,13,131,1312,Weaving of textiles,37951,24220,13731,19914,12817,7097,18037,11403,6634,2507,1214,1293,1417,722,695,1090,492,598
33,000,STATE - TAMIL NADU,13,131,1313,Finishing of textiles,6171,4277,1894,2758,1828,930,3413,2449,964,554,353,201,317,212,105,237,141,96
33,000,STATE - TAMIL NADU,13,139,1391,Manufacture of knitted and crocheted fabrics,4619,3002,1617,3191,2124,1067,1428,878,550,461,281,180,333,203,130,128,78,50
33,000,STATE - TAMIL NADU,13,139,1392,"Manufacture of made-up textile articles, except apparel",1211,776,435,511,340,171,700,436,264,158,102,56,41,24,17,117,78,39
33,000,STATE - TAMIL NADU,13,139,1393,Manufacture of carpets and rugs,761,378,383,459,191,268,302,187,115,122,61,61,39,22,17,83,39,44
33,000,STATE - TAMIL NADU,13,139,1394,"Manufacture of cordage, rope, twine and netting",5162,2468,2694,2650,1170,1480,2512,1298,1214,894,454,440,367,135,232,527,319,208
33,000,STATE - TAMIL NADU,13,139,1399,Manufacture of other textiles n.e.c.,2378,1288,1090,1235,648,587,1143,640,503,617,307,310,331,176,155,286,131,155
33,000,STATE - TAMIL NADU,14,141,1410,"Manufacture of wearing apparel, except fur apparel",70918,37975,32943,31548,17059,14489,39370,20916,18454,9667,3781,5886,5463,2167,3296,4204,1614,2590
33,000,STATE - TAMIL NADU,14,142,1420,Manufacture of articles of fur,23,20,3,9,9,0,14,11,3,3,3,0,0,0,0,3,3,0
33,000,STATE - TAMIL NADU,14,143,1430,Manufacture of knitted and crocheted apparel,32425,21127,11298,12171,8181,3990,20254,12946,7308,2552,1481,1071,945,612,333,1607,869,738
33,000,STATE - TAMIL NADU,15,151,1511,Tanning and dressing of leather; dressing and dyeing of fur,17728,12255,5473,6881,4542,2339,10847,7713,3134,1347,818,529,702,402,300,645,416,229
33,000,STATE - TAMIL NADU,15,151,1512,"Manufacture of luggage, handbags and the like, saddlery and harness",1239,748,491,610,352,258,629,396,233,135,84,51,75,47,28,60,37,23
33,000,STATE - TAMIL NADU,15,152,1520,Manufacture of footwear,29213,14226,14987,15565,6791,8774,13648,7435,6213,2965,1184,1781,1826,641,1185,1139,543,596
33,000,STATE - TAMIL NADU,16,161,1610,Saw milling and planing of wood,3034,2782,252,999,957,42,2035,1825,210,336,306,30,202,182,20,134,124,10
33,000,STATE - TAMIL NADU,16,162,1621,"Manufacture of veneer sheets; manufacture of plywood, laminboard,",378,303,75,99,65,34,279,238,41,30,22,8,12,6,6,18,16,2
33,000,STATE - TAMIL NADU,16,162,1622,Manufacture of builders carpentry and joinery,14535,14208,327,5728,5612,116,8807,8596,211,2158,2093,65,1162,1131,31,996,962,34
33,000,STATE - TAMIL NADU,16,162,1623,Manufacture of wooden containers,7808,3891,3917,4030,1947,2083,3778,1944,1834,1818,753,1065,1169,505,664,649,248,401
33,000,STATE - TAMIL NADU,16,162,1629,"Manufacture of other products of wood; manufacture of articles of cork,",6165,2788,3377,3793,1653,2140,2372,1135,1237,1726,636,1090,1164,417,747,562,219,343
33,000,STATE - TAMIL NADU,17,170,1701,"Manufacture of pulp, paper and paperboard",3444,2576,868,1398,1050,348,2046,1526,520,277,158,119,132,79,53,145,79,66
33,000,STATE - TAMIL NADU,17,170,1702,Manufacture of corrugated paper and paperboard and containers of,1279,826,453,590,394,196,689,432,257,160,98,62,66,45,21,94,53,41
33,000,STATE - TAMIL NADU,17,170,1709,Manufacture of other articles of paper and paperboard,1348,1014,334,604,479,125,744,535,209,110,65,45,58,48,10,52,17,35
33,000,STATE - TAMIL NADU,18,181,1811,Printing,1405,1169,236,289,252,37,1116,917,199,89,81,8,26,26,0,63,55,8
33,000,STATE - TAMIL NADU,18,181,1812,Service activities related to printing,7713,6522,1191,1396,1247,149,6317,5275,1042,528,386,142,149,95,54,379,291,88
33,000,STATE - TAMIL NADU,18,182,1820,Reproduction of recorded media,12,9,3,0,0,0,12,9,3,0,0,0,0,0,0,0,0,0
33,000,STATE - TAMIL NADU,19,191,1910,Manufacture of coke oven products,18,18,0,12,12,0,6,6,0,6,0,6,6,0,6,0,0,0
33,000,STATE - TAMIL NADU,19,192,1920,Manufacture of refined petroleum products,1567,1406,161,213,187,26,1354,1219,135,175,161,14,40,40,0,135,121,14
33,000,STATE - TAMIL NADU,20,201,2011,Manufacture of basic chemicals,993,799,194,432,363,69,561,436,125,123,100,23,78,70,8,45,30,15
33,000,STATE - TAMIL NADU,20,201,2012,Manufacture of fertilizers and nitrogen compounds,630,556,74,248,195,53,382,361,21,54,36,18,21,12,9,33,24,9
33,000,STATE - TAMIL NADU,20,201,2013,Manufacture of plastics and synthetic rubber in primary forms,177,98,79,18,12,6,159,86,73,23,14,9,9,9,0,14,5,9
33,000,STATE - TAMIL NADU,20,202,2021,Manufacture of pesticides and other agrochemical products,183,142,41,75,48,27,108,94,14,9,9,0,9,9,0,0,0,0
33,000,STATE - TAMIL NADU,20,202,2022,"Manufacture of paints, varnishes and similar coatings, printing ink and",1071,965,106,471,432,39,600,533,67,109,85,24,54,45,9,55,40,15
33,000,STATE - TAMIL NADU,20,202,2023,"Manufacture of soap and detergents, cleaning and polishing preparations,",3781,1584,2197,2325,739,1586,1456,845,611,1090,172,918,903,83,820,187,89,98
33,000,STATE - TAMIL NADU,20,202,2029,Manufacture of other chemical products n.e.c.,43751,16262,27489,25742,9656,16086,18009,6606,11403,3615,898,2717,2256,546,1710,1359,352,1007
33,000,STATE - TAMIL NADU,20,203,2030,Manufacture of man-made fibres,15,12,3,9,6,3,6,6,0,3,3,0,3,3,0,0,0,0
33,000,STATE - TAMIL NADU,21,210,2100,"Manufacture of pharmaceuticals, medicinal chemical and botanical",2632,1729,903,1117,700,417,1515,1029,486,209,111,98,132,57,75,77,54,23
33,000,STATE - TAMIL NADU,22,221,2211,Manufacture of rubber tyres and tubes; retreading and rebuilding of,4322,4090,232,2470,2324,146,1852,1766,86,311,290,21,163,155,8,148,135,13
33,000,STATE - TAMIL NADU,22,221,2219,Manufacture of other rubber products,1108,886,222,494,390,104,614,496,118,80,47,33,34,14,20,46,33,13
33,000,STATE - TAMIL NADU,22,222,2220,Manufacture of plastics products,4459,2619,1840,1513,964,549,2946,1655,1291,595,257,338,242,129,113,353,128,225
33,000,STATE - TAMIL NADU,23,231,2310,Manufacture of glass and glass products,1655,1103,552,893,521,372,762,582,180,207,112,95,135,84,51,72,28,44
33,000,STATE - TAMIL NADU,23,239,2391,Manufacture of refractory products,536,378,158,331,232,99,205,146,59,86,66,20,50,38,12,36,28,8
33,000,STATE - TAMIL NADU,23,239,2392,Manufacture of clay building materials,26827,15950,10877,18506,11022,7484,8321,4928,3393,6077,3356,2721,5131,2825,2306,946,531,415
33,000,STATE - TAMIL NADU,23,239,2393,Manufacture of other porcelain and ceramic products,1451,887,564,624,383,241,827,504,323,279,169,110,189,125,64,90,44,46
33,000,STATE - TAMIL NADU,23,239,2394,"Manufacture of cement, lime and plaster",2849,2554,295,1504,1349,155,1345,1205,140,376,272,104,188,153,35,188,119,69
33,000,STATE - TAMIL NADU,23,239,2395,"Manufacture of articles of concrete, cement and plaster",2303,1773,530,1117,853,264,1186,920,266,288,198,90,222,151,71,66,47,19
33,000,STATE - TAMIL NADU,23,239,2396,"Cutting, shaping and finishing of stone",1149,949,200,705,562,143,444,387,57,170,133,37,139,107,32,31,26,5
33,000,STATE - TAMIL NADU,23,239,2399,Manufacture of other non-metallic mineral products n.e.c.,356,311,45,200,176,24,156,135,21,56,42,14,36,30,6,20,12,8
33,000,STATE - TAMIL NADU,24,241,2410,Manufacture of basic iron and steel,4037,3666,371,1397,1269,128,2640,2397,243,358,312,46,150,144,6,208,168,40
33,000,STATE - TAMIL NADU,24,242,2420,Manufacture of basic precious and other non-ferrous metals,978,838,140,303,291,12,675,547,128,61,27,34,29,9,20,32,18,14
33,000,STATE - TAMIL NADU,24,243,2431,Casting of iron and steel,941,866,75,505,476,29,436,390,46,106,102,4,75,75,0,31,27,4
33,000,STATE - TAMIL NADU,24,243,2432,Casting of non-ferrous metals,232,199,33,113,99,14,119,100,19,17,14,3,8,8,0,9,6,3
33,000,STATE - TAMIL NADU,25,251,2511,Manufacture of structural metal products,341,319,22,157,151,6,184,168,16,34,32,2,14,12,2,20,20,0
33,000,STATE - TAMIL NADU,25,251,2512,"Manufacture of tanks, reservoirs and containers of metal",2903,2711,192,786,729,57,2117,1982,135,116,89,27,53,29,24,63,60,3
33,000,STATE - TAMIL NADU,25,251,2513,"Manufacture of steam generators, except central heating hot water",154,145,9,82,76,6,72,69,3,6,6,0,6,6,0,0,0,0
33,000,STATE - TAMIL NADU,25,252,2520,Manufacture of weapons and ammunition,146,135,11,42,34,8,104,101,3,6,3,3,0,0,0,6,3,3
33,000,STATE - TAMIL NADU,25,259,2591,"Forging, pressing, stamping and roll-forming of metal; powder",128,126,2,84,82,2,44,44,0,2,2,0,2,2,0,0,0,0
33,000,STATE - TAMIL NADU,25,259,2592,Machining; treatment and coating of metals,291,245,46,59,45,14,232,200,32,44,44,0,9,9,0,35,35,0
33,000,STATE - TAMIL NADU,25,259,2593,"Manufacture of cutlery, hand tools and general hardware",2399,2191,208,860,806,54,1539,1385,154,221,198,23,115,113,2,106,85,21
33,000,STATE - TAMIL NADU,25,259,2599,Manufacture of other fabricated metal products n.e.c.,33401,31573,1828,11764,11295,469,21637,20278,1359,3467,3228,239,1537,1459,78,1930,1769,161
33,000,STATE - TAMIL NADU,26,261,2610,Manufacture of electronic components,520,381,139,235,162,73,285,219,66,58,23,35,20,8,12,38,15,23
33,000,STATE - TAMIL NADU,26,262,2620,Manufacture of computers and peripheral equipment,304,251,53,89,71,18,215,180,35,24,15,9,6,6,0,18,9,9
33,000,STATE - TAMIL NADU,26,263,2630,Manufacture of communication equipment,3855,2309,1546,2491,1423,1068,1364,886,478,569,343,226,422,249,173,147,94,53
33,000,STATE - TAMIL NADU,26,264,2640,Manufacture of consumer electronics,206,176,30,74,60,14,132,116,16,34,21,13,13,3,10,21,18,3
33,000,STATE - TAMIL NADU,26,265,2651,"Manufacture of measuring, testing, navigating and control equipment",131,104,27,54,42,12,77,62,15,3,0,3,0,0,0,3,0,3
33,000,STATE - TAMIL NADU,26,265,2652,Manufacture of watches and clocks,385,181,204,152,86,66,233,95,138,16,11,5,8,6,2,8,5,3
33,000,STATE - TAMIL NADU,26,266,2660,"Manufacture of irradiation, electromedical and electrotherapeutic",3,3,0,0,0,0,3,3,0,0,0,0,0,0,0,0,0,0
33,000,STATE - TAMIL NADU,26,267,2670,Manufacture of optical instruments and equipment,23,20,3,0,0,0,23,20,3,0,0,0,0,0,0,0,0,0
33,000,STATE - TAMIL NADU,26,268,2680,Manufacture of magnetic and optical media,6,6,0,6,6,0,0,0,0,0,0,0,0,0,0,0,0,0
33,000,STATE - TAMIL NADU,27,271,2710,"Manufacture of electric motors, generators, transformers and electricity",1713,1599,114,784,756,28,929,843,86,145,136,9,83,83,0,62,53,9
33,000,STATE - TAMIL NADU,27,272,2720,Manufacture of batteries and accumulators,185,162,23,71,65,6,114,97,17,30,24,6,24,18,6,6,6,0
33,000,STATE - TAMIL NADU,27,273,2732,Manufacture of other electronic and electric wires and cables,112,60,52,52,20,32,60,40,20,26,15,11,18,12,6,8,3,5
33,000,STATE - TAMIL NADU,27,273,2733,Manufacture of wiring devices,219,174,45,101,75,26,118,99,19,32,21,11,9,3,6,23,18,5
33,000,STATE - TAMIL NADU,27,274,2740,Manufacture of electric lighting equipment,162,128,34,95,77,18,67,51,16,8,5,3,2,2,0,6,3,3
33,000,STATE - TAMIL NADU,27,275,2750,Manufacture of domestic appliances,833,506,327,330,202,128,503,304,199,85,40,45,38,22,16,47,18,29
33,000,STATE - TAMIL NADU,27,279,2790,Manufacture of other electrical equipment,276,224,52,88,74,14,188,150,38,24,24,0,12,12,0,12,12,0
33,000,STATE - TAMIL NADU,28,281,2811,"Manufacture of engines and turbines, except aircraft, vehicle and cycle",39,36,3,12,12,0,27,24,3,2,2,0,0,0,0,2,2,0
33,000,STATE - TAMIL NADU,28,281,2812,Manufacture of fluid power equipment,5,2,3,0,0,0,5,2,3,0,0,0,0,0,0,0,0,0
33,000,STATE - TAMIL NADU,28,281,2813,"Manufacture of other pumps, compressors, taps and valves",427,405,22,92,86,6,335,319,16,30,24,6,6,6,0,24,18,6
33,000,STATE - TAMIL NADU,28,281,2814,"Manufacture of bearings, gears, gearing and driving elements",137,128,9,39,33,6,98,95,3,0,0,0,0,0,0,0,0,0
33,000,STATE - TAMIL NADU,28,281,2815,"Manufacture of ovens, furnaces and furnace burners",18,6,12,18,6,12,0,0,0,0,0,0,0,0,0,0,0,0
33,000,STATE - TAMIL NADU,28,281,2816,Manufacture of lifting and handling equipment,166,150,16,54,48,6,112,102,10,14,14,0,0,0,0,14,14,0
33,000,STATE - TAMIL NADU,28,281,2817,Manufacture of office machinery and equipment,57,54,3,33,33,0,24,21,3,0,0,0,0,0,0,0,0,0
33,000,STATE - TAMIL NADU,28,281,2818,Manufacture of power-driven hand tools,27,17,10,10,2,8,17,15,2,3,3,0,3,3,0,0,0,0
33,000,STATE - TAMIL NADU,28,281,2819,Manufacture of other general-purpose machinery,1232,1165,67,486,462,24,746,703,43,102,78,24,62,44,18,40,34,6
33,000,STATE - TAMIL NADU,28,282,2821,Manufacture of agricultural and forestry machinery,435,393,42,269,253,16,166,140,26,37,17,20,25,14,11,12,3,9
33,000,STATE - TAMIL NADU,28,282,2822,Manufacture of metal-forming machinery and machine tools,253,229,24,108,100,8,145,129,16,25,25,0,14,14,0,11,11,0
33,000,STATE - TAMIL NADU,28,282,2823,Manufacture of machinery for metallurgy,107,92,15,63,57,6,44,35,9,3,3,0,0,0,0,3,3,0
33,000,STATE - TAMIL NADU,28,282,2824,"Manufacture of machinery for mining, quarrying and construction",476,430,46,288,256,32,188,174,14,33,30,3,21,18,3,12,12,0
33,000,STATE - TAMIL NADU,28,282,2825,"Manufacture of machinery for food, beverage and tobacco processing",195,148,47,123,83,40,72,65,7,11,9,2,5,3,2,6,6,0
33,000,STATE - TAMIL NADU,28,282,2826,"Manufacture of machinery for textile, apparel and leather production",525,397,128,231,167,64,294,230,64,77,29,48,60,18,42,17,11,6
33,000,STATE - TAMIL NADU,28,282,2829,Manufacture of other special-purpose machinery,146,130,16,50,48,2,96,82,14,14,9,5,8,6,2,6,3,3
33,000,STATE - TAMIL NADU,29,291,2910,Manufacture of motor vehicles,5246,4726,520,2711,2423,288,2535,2303,232,486,418,68,310,271,39,176,147,29
33,000,STATE - TAMIL NADU,29,292,2920,Manufacture of bodies (coachwork) for motor vehicles; manufacture of trailers and semi-trailers,5200,4694,506,2449,2210,239,2751,2484,267,383,346,37,255,235,20,128,111,17
33,000,STATE - TAMIL NADU,29,293,2930,Manufacture of parts and accessories for motor vehicles,414,380,34,196,185,11,218,195,23,21,12,9,12,6,6,9,6,3
33,000,STATE - TAMIL NADU,30,301,3011,Building of ships and floating structures,240,229,11,116,110,6,124,119,5,16,14,2,8,6,2,8,8,0
33,000,STATE - TAMIL NADU,30,302,3020,Manufacture of railway locomotives and rolling stock,2332,2078,254,511,446,65,1821,1632,189,148,110,38,68,46,22,80,64,16
33,000,STATE - TAMIL NADU,30,303,3030,Manufacture of air and spacecraft and related machinery,23,18,5,8,3,5,15,15,0,0,0,0,0,0,0,0,0,0
33,000,STATE - TAMIL NADU,30,304,3040,Manufacture of weapons and ammunition,1092,977,115,20,18,2,1072,959,113,25,20,5,0,0,0,25,20,5
33,000,STATE - TAMIL NADU,30,309,3091,Manufacture of motorcycles,1791,1678,113,821,780,41,970,898,72,197,179,18,125,113,12,72,66,6
33,000,STATE - TAMIL NADU,30,309,3092,Manufacture of bicycles and invalid carriages,366,326,40,113,107,6,253,219,34,32,30,2,5,3,2,27,27,0
33,000,STATE - TAMIL NADU,30,309,3099,Manufacture of other transport equipment n.e.c.,953,905,48,605,594,11,348,311,37,264,251,13,132,130,2,132,121,11
33,000,STATE - TAMIL NADU,31,310,3100,Manufacture of furniture,1886,1692,194,692,592,100,1194,1100,94,370,347,23,140,125,15,230,222,8
33,000,STATE - TAMIL NADU,32,321,3211,Manufacture of jewellery and related articles,2677,1849,828,689,364,325,1988,1485,503,215,155,60,69,45,24,146,110,36
33,000,STATE - TAMIL NADU,32,321,3212,Manufacture of imitation jewellery and related articles,224,65,159,69,27,42,155,38,117,40,23,17,8,8,0,32,15,17
33,000,STATE - TAMIL NADU,32,322,3220,Manufacture of musical instruments,206,206,0,116,116,0,90,90,0,42,42,0,24,24,0,18,18,0
33,000,STATE - TAMIL NADU,32,323,3230,Manufacture of sports goods,20,20,0,6,6,0,14,14,0,0,0,0,0,0,0,0,0,0
33,000,STATE - TAMIL NADU,32,324,3240,Manufacture of games and toys,290,140,150,85,38,47,205,102,103,30,10,20,11,0,11,19,10,9
33,000,STATE - TAMIL NADU,32,325,3250,Manufacture of medical and dental instruments and supplies,345,220,125,124,74,50,221,146,75,54,27,27,18,6,12,36,21,15
33,000,STATE - TAMIL NADU,32,329,3290,Other manufacturing n.e.c.,75222,60275,14947,32627,25986,6641,42595,34289,8306,10567,7739,2828,6182,4517,1665,4385,3222,1163
33,000,STATE - TAMIL NADU,33,331,3311,Repair of fabricated metal products,5814,5636,178,2267,2207,60,3547,3429,118,663,645,18,360,358,2,303,287,16
33,000,STATE - TAMIL NADU,33,331,3312,Repair of machinery,749,737,12,403,393,10,346,344,2,124,124,0,81,81,0,43,43,0
33,000,STATE - TAMIL NADU,33,331,3313,Repair of electronic and optical equipment,125,118,7,48,48,0,77,70,7,0,0,0,0,0,0,0,0,0
33,000,STATE - TAMIL NADU,33,331,3314,Repair of electrical equipment,3295,3231,64,1668,1630,38,1627,1601,26,479,469,10,302,294,8,177,175,2
33,000,STATE - TAMIL NADU,33,331,3315,"Repair of transport equipment, except motor vehicles",521,513,8,185,179,6,336,334,2,23,23,0,5,5,0,18,18,0
33,000,STATE - TAMIL NADU,33,331,3319,Repair of other equipment,69,69,0,15,15,0,54,54,0,15,15,0,12,12,0,3,3,0
33,000,STATE - TAMIL NADU,33,332,3320,Installation of industrial machinery and equipment,60,57,3,42,39,3,18,18,0,0,0,0,0,0,0,0,0,0
33,000,STATE - TAMIL NADU,35,351,3510,"Electric power generation, transmission and distribution",21879,20049,1830,10776,10190,586,11103,9859,1244,1077,969,108,575,537,38,502,432,70
33,000,STATE - TAMIL NADU,35,352,3520,Manufacture of gas; distribution of gaseous fuels through mains,929,850,79,230,222,8,699,628,71,54,51,3,8,8,0,46,43,3
33,000,STATE - TAMIL NADU,35,353,3530,Steam and air conditioning supply,93,78,15,11,5,6,82,73,9,11,9,2,3,3,0,8,6,2
33,000,STATE - TAMIL NADU,36,360,3600,"Water collection, treatment and supply",3918,3603,315,1952,1788,164,1966,1815,151,283,222,61,168,124,44,115,98,17
33,000,STATE - TAMIL NADU,37,370,3700,Sewerage,511,418,93,139,103,36,372,315,57,79,61,18,18,12,6,61,49,12
33,000,STATE - TAMIL NADU,38,381,3811,Collection of non-hazardous waste,1968,992,976,375,205,170,1593,787,806,338,133,205,71,26,45,267,107,160
33,000,STATE - TAMIL NADU,38,381,3812,Collection of hazardous waste,254,114,140,40,15,25,214,99,115,62,19,43,14,6,8,48,13,35
33,000,STATE - TAMIL NADU,38,382,3821,Treatment and disposal of non-hazardous waste,44,30,14,14,12,2,30,18,12,0,0,0,0,0,0,0,0,0
33,000,STATE - TAMIL NADU,38,382,3822,Treatment and disposal of hazardous waste,15,15,0,6,6,0,9,9,0,2,0,2,2,0,2,0,0,0
33,000,STATE - TAMIL NADU,39,390,3900,Remediation activities and other waste management services,50,30,20,6,6,0,44,24,20,3,3,0,0,0,0,3,3,0
33,000,STATE - TAMIL NADU,41,410,4100,Construction of buildings,276116,225842,50274,132467,113427,19040,143649,112415,31234,45735,34535,11200,25146,19791,5355,20589,14744,5845
33,000,STATE - TAMIL NADU,42,421,4210,Construction roads and railways,9796,7505,2291,6723,5006,1717,3073,2499,574,2840,1389,1451,2482,1133,1349,358,256,102
33,000,STATE - TAMIL NADU,42,422,4220,Construction of utility projects,17393,6271,11122,14296,4684,9612,3097,1587,1510,33386,4152,29234,30728,3744,26984,2658,408,2250
33,000,STATE - TAMIL NADU,42,429,4290,Construction of other civil engineering projects,1728,1539,189,667,565,102,1061,974,87,282,167,115,166,86,80,116,81,35
33,000,STATE - TAMIL NADU,43,431,4311,Demolition,30,30,0,14,14,0,16,16,0,0,0,0,0,0,0,0,0,0
33,000,STATE - TAMIL NADU,43,431,4312,Site preparation,3380,3342,38,2475,2449,26,905,893,12,444,410,34,401,372,29,43,38,5
33,000,STATE - TAMIL NADU,43,432,4321,Electrical installation,21903,21474,429,8946,8810,136,12957,12664,293,2680,2617,63,1374,1346,28,1306,1271,35
33,000,STATE - TAMIL NADU,43,432,4322,"Plumbing, heat and air-conditioning installation",6981,6898,83,2314,2286,28,4667,4612,55,944,942,2,382,380,2,562,562,0
33,000,STATE - TAMIL NADU,43,432,4329,Other construction installation,56323,41810,14513,19892,13348,6544,36431,28462,7969,18060,11507,6553,9551,5309,4242,8509,6198,2311
33,000,STATE - TAMIL NADU,43,433,4330,Building completion and finishing,63805,62859,946,20320,20100,220,43485,42759,726,9682,9511,171,4114,4060,54,5568,5451,117
33,000,STATE - TAMIL NADU,43,439,4390,Other specialized construction activities,21,21,0,15,15,0,6,6,0,0,0,0,0,0,0,0,0,0
33,000,STATE - TAMIL NADU,45,451,4510,Sale of motor vehicles,1057,965,92,361,334,27,696,631,65,98,89,9,57,48,9,41,41,0
33,000,STATE - TAMIL NADU,45,452,4520,Maintenance and repair of motor vehicles,18333,17983,350,7431,7317,114,10902,10666,236,1695,1637,58,936,900,36,759,737,22
33,000,STATE - TAMIL NADU,45,453,4530,Sale of motor vehicle parts and accessories,1567,1445,122,603,544,59,964,901,63,125,110,15,77,71,6,48,39,9
33,000,STATE - TAMIL NADU,45,454,4540,"Sale, maintenance and repair of motorcycles and related parts and",6471,6259,212,3075,2998,77,3396,3261,135,721,686,35,423,402,21,298,284,14
33,000,STATE - TAMIL NADU,46,461,4610,Wholesale on a fee or contract basis,1113,1027,86,525,495,30,588,532,56,152,145,7,89,87,2,63,58,5
33,000,STATE - TAMIL NADU,46,462,4620,Wholesale of agricultural raw materials and live animals,2364,1765,599,1153,892,261,1211,873,338,292,221,71,146,105,41,146,116,30
33,000,STATE - TAMIL NADU,46,463,4630,"Wholesale of food, beverages and tobacco",6505,5498,1007,3155,2801,354,3350,2697,653,557,419,138,248,180,68,309,239,70
33,000,STATE - TAMIL NADU,46,464,4641,"Wholesale of textiles, clothing and footwear",331,165,166,188,103,85,143,62,81,25,11,14,14,6,8,11,5,6
33,000,STATE - TAMIL NADU,46,464,4649,Wholesale of other household goods,1064,872,192,398,297,101,666,575,91,112,86,26,80,54,26,32,32,0
33,000,STATE - TAMIL NADU,46,465,4651,"Wholesale of computers, computer peripheral equipment and software",18,12,6,12,6,6,6,6,0,0,0,0,0,0,0,0,0,0
33,000,STATE - TAMIL NADU,46,465,4652,Wholesale of electronic and telecommunications equipment and parts,685,561,124,251,195,56,434,366,68,111,76,35,41,35,6,70,41,29
33,000,STATE - TAMIL NADU,46,465,4653,"Wholesale of agricultural machinery, equipment and supplies",72,52,20,40,29,11,32,23,9,0,0,0,0,0,0,0,0,0
33,000,STATE - TAMIL NADU,46,465,4659,Wholesale of other machinery and equipment,242,224,18,75,67,8,167,157,10,9,9,0,3,3,0,6,6,0
33,000,STATE - TAMIL NADU,46,466,4661,"Wholesale of solid, liquid and gaseous fuels and related products",27,27,0,21,21,0,6,6,0,0,0,0,0,0,0,0,0,0
33,000,STATE - TAMIL NADU,46,466,4662,Wholesale of metals and metal ores,13,9,4,0,0,0,13,9,4,0,0,0,0,0,0,0,0,0
33,000,STATE - TAMIL NADU,46,466,4663,"Wholesale of construction materials, hardware, plumbing and heating",261,242,19,108,103,5,153,139,14,46,42,4,26,24,2,20,18,2
33,000,STATE - TAMIL NADU,46,466,4669,Wholesale of waste and scrap and other products n.e.c.,602,531,71,181,165,16,421,366,55,62,43,19,22,16,6,40,27,13
33,000,STATE - TAMIL NADU,46,469,4690,Non-specialized wholesale trade,168,121,47,29,29,0,139,92,47,35,33,2,24,24,0,11,9,2
33,000,STATE - TAMIL NADU,47,471,4711,"Retail sale in non-specialized stores with food, beverages or tobacco",424,322,102,233,171,62,191,151,40,53,43,10,45,37,8,8,6,2
33,000,STATE - TAMIL NADU,47,471,4719,Other retail sale in non-specialized stores,1684,1349,335,901,740,161,783,609,174,239,167,72,137,103,34,102,64,38
33,000,STATE - TAMIL NADU,47,472,4721,Retail sale of food in specialized stores,57191,43845,13346,24446,19095,5351,32745,24750,7995,7015,4793,2222,3664,2566,1098,3351,2227,1124
33,000,STATE - TAMIL NADU,47,472,4722,Retail sale of beverages in specialized stores,6123,5960,163,3278,3177,101,2845,2783,62,204,177,27,133,113,20,71,64,7
33,000,STATE - TAMIL NADU,47,472,4723,Retail sale of tobacco products in specialized stores,150,100,50,74,47,27,76,53,23,20,14,6,6,0,6,14,14,0
33,000,STATE - TAMIL NADU,47,473,4730,Retail sale of automotive fuel in specialized stores,3580,3237,343,1672,1561,111,1908,1676,232,329,291,38,187,167,20,142,124,18
33,000,STATE - TAMIL NADU,47,474,4741,"Retail sale of computers, peripheral units, software and",2562,2192,370,898,774,124,1664,1418,246,256,180,76,119,77,42,137,103,34
33,000,STATE - TAMIL NADU,47,474,4742,Retail sale of audio and video equipment in specialized stores,88,86,2,17,17,0,71,69,2,9,9,0,6,6,0,3,3,0
33,000,STATE - TAMIL NADU,47,475,4751,Retail sale of textiles in specialized stores,11746,7392,4354,4716,2945,1771,7030,4447,2583,1465,799,666,776,453,323,689,346,343
33,000,STATE - TAMIL NADU,47,475,4752,"Retail sale of hardware, paints and glass in specialized stores",9562,8779,783,2734,2527,207,6828,6252,576,847,726,121,336,307,29,511,419,92
33,000,STATE - TAMIL NADU,47,475,4753,"Retail sale of carpets, rugs, wall and floor coverings in specialized",96,78,18,51,51,0,45,27,18,20,12,8,14,6,8,6,6,0
33,000,STATE - TAMIL NADU,47,475,4759,"Retail sale of electrical household appliances, furniture, lighting",7457,6543,914,2897,2599,298,4560,3944,616,736,631,105,365,315,50,371,316,55
33,000,STATE - TAMIL NADU,47,476,4761,"Retail sale of books, newspapers and stationary in specialized stores",1710,1367,343,508,411,97,1202,956,246,234,178,56,100,91,9,134,87,47
33,000,STATE - TAMIL NADU,47,476,4762,Retail sale of music and video recordings in specialized stores,37,34,3,6,6,0,31,28,3,0,0,0,0,0,0,0,0,0
33,000,STATE - TAMIL NADU,47,476,4763,Retail sale of sporting equipment in specialized stores,15,9,6,6,0,6,9,9,0,5,5,0,0,0,0,5,5,0
33,000,STATE - TAMIL NADU,47,476,4764,Retail sale of games and toys in specialized stores,405,270,135,195,126,69,210,144,66,34,17,17,12,6,6,22,11,11
33,000,STATE - TAMIL NADU,47,477,4771,"Retail sale of clothing, footwear and leather articles in specialized",5126,3834,1292,1995,1436,559,3131,2398,733,536,354,182,246,150,96,290,204,86
33,000,STATE - TAMIL NADU,47,477,4772,"Retail sale of pharmaceutical and medical goods, cosmetic and toilet",8419,5736,2683,3194,2153,1041,5225,3583,1642,960,549,411,448,240,208,512,309,203
33,000,STATE - TAMIL NADU,47,477,4773,Other retail sale of new goods in specialized stores,12024,7605,4419,4123,2949,1174,7901,4656,3245,1923,821,1102,824,402,422,1099,419,680
33,000,STATE - TAMIL NADU,47,477,4774,Retail sale of second-hand goods,2401,1931,470,443,366,77,1958,1565,393,216,173,43,81,69,12,135,104,31
33,000,STATE - TAMIL NADU,47,478,4781,"Retail sale via stalls and markets of food, beverages and tobacco",280,226,54,122,99,23,158,127,31,34,25,9,19,12,7,15,13,2
33,000,STATE - TAMIL NADU,47,478,4782,"Retail sale via stalls and markets of textiles, clothing and footwear",2548,1716,832,978,687,291,1570,1029,541,309,187,122,138,82,56,171,105,66
33,000,STATE - TAMIL NADU,47,478,4789,Retail sale via stalls and markets of other goods,23882,18238,5644,8321,6209,2112,15561,12029,3532,3201,2289,912,1580,1154,426,1621,1135,486
33,000,STATE - TAMIL NADU,47,479,4791,Retail sale via mail order houses or via Internet,21,18,3,0,0,0,21,18,3,0,0,0,0,0,0,0,0,0
33,000,STATE - TAMIL NADU,47,479,4799,"Other retail sale not in stores, stalls or markets",3907,2624,1283,1728,1084,644,2179,1540,639,528,337,191,259,157,102,269,180,89
33,000,STATE - TAMIL NADU,49,491,4911,Passenger rail transport,14933,13275,1658,3962,3613,349,10971,9662,1309,469,396,73,167,136,31,302,260,42
33,000,STATE - TAMIL NADU,49,491,4912,Freight rail transport,560,520,40,215,202,13,345,318,27,36,36,0,12,12,0,24,24,0
33,000,STATE - TAMIL NADU,49,492,4921,Urban or suburban passenger land transport,31611,31051,560,17685,17472,213,13926,13579,347,1447,1432,15,977,969,8,470,463,7
33,000,STATE - TAMIL NADU,49,492,4922,Other passenger land transport,106696,105525,1171,40240,39838,402,66456,65687,769,10007,9850,157,4812,4766,46,5195,5084,111
33,000,STATE - TAMIL NADU,49,492,4923,Freight transport by road,57417,56676,741,31829,31455,374,25588,25221,367,6099,5977,122,3859,3780,79,2240,2197,43
33,000,STATE - TAMIL NADU,49,493,4930,Transport via pipeline,18,18,0,3,3,0,15,15,0,9,9,0,6,6,0,3,3,0
33,000,STATE - TAMIL NADU,50,501,5011,Sea and coastal passenger water transport,2370,2155,215,568,502,66,1802,1653,149,138,130,8,29,29,0,109,101,8
33,000,STATE - TAMIL NADU,50,501,5012,Sea and coastal freight water transport,45,42,3,6,6,0,39,36,3,0,0,0,0,0,0,0,0,0
33,000,STATE - TAMIL NADU,50,502,5021,Inland passenger water transport,210,189,21,74,58,16,136,131,5,18,18,0,9,9,0,9,9,0
33,000,STATE - TAMIL NADU,50,502,5022,Inland freight water transport,18,15,3,12,12,0,6,3,3,8,8,0,8,8,0,0,0,0
33,000,STATE - TAMIL NADU,51,511,5110,Passenger air transport,1560,1371,189,275,270,5,1285,1101,184,66,55,11,3,3,0,63,52,11
33,000,STATE - TAMIL NADU,51,512,5120,Freight air transport,311,279,32,58,50,8,253,229,24,29,23,6,9,6,3,20,17,3
33,000,STATE - TAMIL NADU,52,521,5210,Warehousing and storage,2821,2153,668,730,612,118,2091,1541,550,322,236,86,163,141,22,159,95,64
33,000,STATE - TAMIL NADU,52,522,5221,Service activities incidental to land transportation,3039,2912,127,1393,1375,18,1646,1537,109,238,228,10,126,126,0,112,102,10
33,000,STATE - TAMIL NADU,52,522,5222,Service activities incidental to water transportation,47,47,0,33,33,0,14,14,0,0,0,0,0,0,0,0,0,0
33,000,STATE - TAMIL NADU,52,522,5223,Service activities incidental to air transportation,347,312,35,127,121,6,220,191,29,37,32,5,6,6,0,31,26,5
33,000,STATE - TAMIL NADU,52,522,5224,Cargo handling,2279,1786,493,556,366,190,1723,1420,303,172,128,44,61,37,24,111,91,20
33,000,STATE - TAMIL NADU,52,522,5229,Other transportation support activities,1242,1107,135,336,302,34,906,805,101,67,58,9,32,26,6,35,32,3
33,000,STATE - TAMIL NADU,53,531,5310,Postal activities,7816,6444,1372,3771,3169,602,4045,3275,770,332,256,76,165,137,28,167,119,48
33,000,STATE - TAMIL NADU,53,532,5320,Courier activities,2798,2522,276,541,492,49,2257,2030,227,214,191,23,46,46,0,168,145,23
33,000,STATE - TAMIL NADU,55,551,5510,Short term accommodation activities,7223,5956,1267,3081,2706,375,4142,3250,892,870,688,182,517,448,69,353,240,113
33,000,STATE - TAMIL NADU,55,552,5520,"Camping grounds, recreational vehicle parks and trailer parks",2,2,0,0,0,0,2,2,0,0,0,0,0,0,0,0,0,0
33,000,STATE - TAMIL NADU,55,559,5590,Other accommodation,2337,1531,806,1259,872,387,1078,659,419,43,24,19,16,12,4,27,12,15
33,000,STATE - TAMIL NADU,56,561,5610,Restaurants and mobile food service activities,25204,21240,3964,11580,10575,1005,13624,10665,2959,3255,2726,529,1925,1717,208,1330,1009,321
33,000,STATE - TAMIL NADU,56,562,5621,Event catering,6171,4435,1736,2244,1651,593,3927,2784,1143,1115,817,298,616,487,129,499,330,169
33,000,STATE - TAMIL NADU,56,562,5629,Other food service activities,800,535,265,333,233,100,467,302,165,102,57,45,71,45,26,31,12,19
33,000,STATE - TAMIL NADU,56,563,5630,Beverage serving activities,8291,7259,1032,3025,2606,419,5266,4653,613,803,678,125,376,319,57,427,359,68
33,000,STATE - TAMIL NADU,58,581,5811,Book publishing,53,41,12,0,0,0,53,41,12,17,17,0,0,0,0,17,17,0
33,000,STATE - TAMIL NADU,58,581,5812,Publishing of directories and mailing lists,9,9,0,0,0,0,9,9,0,0,0,0,0,0,0,0,0,0
33,000,STATE - TAMIL NADU,58,581,5813,"Publishing of newspapers, journals and periodicals",917,819,98,212,192,20,705,627,78,59,52,7,27,23,4,32,29,3
33,000,STATE - TAMIL NADU,58,581,5819,Other publishing activities,40,26,14,12,12,0,28,14,14,3,3,0,0,0,0,3,3,0
33,000,STATE - TAMIL NADU,58,582,5820,Software publishing,122,83,39,15,15,0,107,68,39,12,9,3,3,0,3,9,9,0
33,000,STATE - TAMIL NADU,59,591,5911,"Motion picture, video and television programme production activities",759,730,29,146,140,6,613,590,23,68,66,2,26,26,0,42,40,2
33,000,STATE - TAMIL NADU,59,591,5912,"Motion picture, video and television programme post-production",50,50,0,11,11,0,39,39,0,0,0,0,0,0,0,0,0,0
33,000,STATE - TAMIL NADU,59,591,5913,"Motion picture, video and television programme distribution activities",96,81,15,21,21,0,75,60,15,11,11,0,2,2,0,9,9,0
33,000,STATE - TAMIL NADU,59,591,5914,Motion picture projection activities,990,898,92,175,169,6,815,729,86,69,67,2,15,15,0,54,52,2
33,000,STATE - TAMIL NADU,59,592,5920,Sound recording and music publishing activitiesT,801,780,21,386,386,0,415,394,21,147,147,0,97,97,0,50,50,0
33,000,STATE - TAMIL NADU,60,601,6010,Radio broadcasting,220,157,63,24,18,6,196,139,57,13,8,5,2,2,0,11,6,5
33,000,STATE - TAMIL NADU,60,602,6020,Television programming and broadcasting activities,720,632,88,226,200,26,494,432,62,50,44,6,12,12,0,38,32,6
33,000,STATE - TAMIL NADU,61,611,6110,Wired telecommunications activities,4515,3966,549,1343,1232,111,3172,2734,438,308,262,46,148,130,18,160,132,28
33,000,STATE - TAMIL NADU,61,612,6120,Wireless telecommunications activities,424,339,85,151,108,43,273,231,42,18,15,3,9,9,0,9,6,3
33,000,STATE - TAMIL NADU,61,613,6130,Satellite telecommunications activities,107,96,11,54,54,0,53,42,11,12,12,0,6,6,0,6,6,0
33,000,STATE - TAMIL NADU,61,619,6190,Other telecommunications activities,7082,5983,1099,1927,1706,221,5155,4277,878,403,266,137,172,99,73,231,167,64
33,000,STATE - TAMIL NADU,62,620,6201,Computer programming activities,14280,10789,3491,2624,2071,553,11656,8718,2938,869,616,253,219,179,40,650,437,213
33,000,STATE - TAMIL NADU,62,620,6202,Computer consultancy and computer facilities management activities,531,401,130,235,185,50,296,216,80,80,39,41,45,21,24,35,18,17
33,000,STATE - TAMIL NADU,62,620,6209,Other information technology and computer service activities,2966,2144,822,907,709,198,2059,1435,624,362,205,157,139,91,48,223,114,109
33,000,STATE - TAMIL NADU,63,631,6311,"Data processing, hosting and related activities",486,298,188,121,65,56,365,233,132,50,20,30,18,6,12,32,14,18
33,000,STATE - TAMIL NADU,63,631,6312,Web portals,8,8,0,8,8,0,0,0,0,0,0,0,0,0,0,0,0,0
33,000,STATE - TAMIL NADU,63,639,6391,News agency activities,232,217,15,78,78,0,154,139,15,24,15,9,12,6,6,12,9,3
33,000,STATE - TAMIL NADU,63,639,6399,Other information service activities n.e.c.,691,541,150,283,246,37,408,295,113,48,34,14,18,12,6,30,22,8
33,000,STATE - TAMIL NADU,64,641,6411,Central banking,725,603,122,162,146,16,563,457,106,47,30,17,21,9,12,26,21,5
33,000,STATE - TAMIL NADU,64,641,6419,Other monetary intermediation,19046,15538,3508,5102,4317,785,13944,11221,2723,662,531,131,228,175,53,434,356,78
33,000,STATE - TAMIL NADU,64,642,6420,Activities of holding companies,3,3,0,0,0,0,3,3,0,0,0,0,0,0,0,0,0,0
33,000,STATE - TAMIL NADU,64,643,6430,"Trusts, funds and other financial vehicles",199,147,52,81,56,25,118,91,27,15,9,6,12,6,6,3,3,0
33,000,STATE - TAMIL NADU,64,649,6491,Financial leasing,2886,2531,355,1089,978,111,1797,1553,244,240,207,33,127,103,24,113,104,9
33,000,STATE - TAMIL NADU,64,649,6492,Other credit granting,3,3,0,0,0,0,3,3,0,0,0,0,0,0,0,0,0,0
33,000,STATE - TAMIL NADU,64,649,6499,"Other financial service activities, except insurance and pension funding",994,842,152,322,268,54,672,574,98,100,69,31,51,33,18,49,36,13
33,000,STATE - TAMIL NADU,65,651,6511,Life insurance,6526,5437,1089,2216,1892,324,4310,3545,765,361,289,72,189,159,30,172,130,42
33,000,STATE - TAMIL NADU,65,651,6512,Non-life insurance,392,313,79,73,65,8,319,248,71,8,3,5,0,0,0,8,3,5
33,000,STATE - TAMIL NADU,65,653,6530,Pension funding,33,9,24,10,0,10,23,9,14,5,3,2,2,0,2,3,3,0
33,000,STATE - TAMIL NADU,66,661,6611,Administration of financial markets,282,246,36,69,69,0,213,177,36,21,21,0,14,14,0,7,7,0
33,000,STATE - TAMIL NADU,66,661,6612,Security and commodity contracts brokerage,42,39,3,0,0,0,42,39,3,3,3,0,0,0,0,3,3,0
33,000,STATE - TAMIL NADU,66,661,6619,Activities auxiliary to financial service activities n.e.c.,488,442,46,160,150,10,328,292,36,14,9,5,8,6,2,6,3,3
33,000,STATE - TAMIL NADU,66,662,6622,Activities of insurance agents and brokers,745,625,120,334,290,44,411,335,76,58,42,16,25,9,16,33,33,0
33,000,STATE - TAMIL NADU,66,662,6629,Other activities auxiliary to insurance and pension funding,28,19,9,5,2,3,23,17,6,0,0,0,0,0,0,0,0,0
33,000,STATE - TAMIL NADU,66,663,6630,Fund management activities,89,78,11,31,25,6,58,53,5,18,18,0,6,6,0,12,12,0
33,000,STATE - TAMIL NADU,68,681,6810,Real estate activities with own or leased property,2744,2643,101,712,675,37,2032,1968,64,282,272,10,78,78,0,204,194,10
33,000,STATE - TAMIL NADU,68,682,6820,Real estate activities on a fee or contract basis,1914,1861,53,524,512,12,1390,1349,41,209,194,15,83,74,9,126,120,6
33,000,STATE - TAMIL NADU,69,691,6910,Legal activities,6372,5502,870,2488,2227,261,3884,3275,609,317,254,63,134,95,39,183,159,24
33,000,STATE - TAMIL NADU,69,692,6920,"Accounting, bookkeeping and auditing activities; tax consultancy",2468,1772,696,671,515,156,1797,1257,540,159,90,69,31,25,6,128,65,63
33,000,STATE - TAMIL NADU,70,701,7010,Activities of head offices,38,36,2,24,24,0,14,12,2,0,0,0,0,0,0,0,0,0
33,000,STATE - TAMIL NADU,70,702,7020,Management consultancy activities,33,27,6,0,0,0,33,27,6,9,9,0,6,6,0,3,3,0
33,000,STATE - TAMIL NADU,71,711,7110,Architectural and engineering activities and related technical,121,100,21,56,44,12,65,56,9,9,9,0,6,6,0,3,3,0
33,000,STATE - TAMIL NADU,71,712,7120,Technical testing and analysis,15,12,3,6,6,0,9,6,3,0,0,0,0,0,0,0,0,0
33,000,STATE - TAMIL NADU,72,721,7210,Research and experimental development on natural sciences and,161,126,35,47,36,11,114,90,24,13,6,7,0,0,0,13,6,7
33,000,STATE - TAMIL NADU,72,722,7220,Research and experimental development on social sciences and,89,65,24,18,14,4,71,51,20,2,0,2,2,0,2,0,0,0
33,000,STATE - TAMIL NADU,73,731,7310,Advertising,1049,1015,34,314,303,11,735,712,23,147,144,3,71,71,0,76,73,3
33,000,STATE - TAMIL NADU,73,732,7320,Market research and public opinion polling,98,89,9,32,26,6,66,63,3,3,3,0,0,0,0,3,3,0
33,000,STATE - TAMIL NADU,74,741,7410,Specialized design activities,5268,4966,302,1462,1361,101,3806,3605,201,788,745,43,369,339,30,419,406,13
33,000,STATE - TAMIL NADU,74,742,7420,Photographic activities,4600,4299,301,1852,1741,111,2748,2558,190,414,382,32,209,194,15,205,188,17
33,000,STATE - TAMIL NADU,74,749,7490,"Other professional, scientific and technical activities n.e.c.",399,357,42,144,132,12,255,225,30,29,29,0,3,3,0,26,26,0
33,000,STATE - TAMIL NADU,75,750,7500,Veterinary activities,1339,1061,278,616,509,107,723,552,171,43,29,14,26,14,12,17,15,2
33,000,STATE - TAMIL NADU,77,771,7710,Renting and leasing of motor vehicles,47,47,0,15,15,0,32,32,0,8,8,0,5,5,0,3,3,0
33,000,STATE - TAMIL NADU,77,772,7721,Renting and leasing of recreational and sports goods,0,0,0,0,0,0,0,0,0,6,6,0,6,6,0,0,0,0
33,000,STATE - TAMIL NADU,77,772,7722,Renting of video tapes and disks,15,15,0,0,0,0,15,15,0,0,0,0,0,0,0,0,0,0
33,000,STATE - TAMIL NADU,77,772,7729,Renting and leasing of other personal and household goods n.e.c.,347,307,40,129,114,15,218,193,25,59,48,11,35,24,11,24,24,0
33,000,STATE - TAMIL NADU,77,773,7730,"Renting and leasing of other machinery, equipment and tangible goods",143,126,17,83,77,6,60,49,11,18,15,3,12,12,0,6,3,3
33,000,STATE - TAMIL NADU,77,774,7740,Leasing of nonfinancial intangible assets,3,3,0,0,0,0,3,3,0,0,0,0,0,0,0,0,0,0
33,000,STATE - TAMIL NADU,78,781,7810,Activities of employment placement agencies,106,95,11,40,38,2,66,57,9,12,12,0,6,6,0,6,6,0
33,000,STATE - TAMIL NADU,78,782,7820,Temporary employment agency activities,55,55,0,17,17,0,38,38,0,2,2,0,0,0,0,2,2,0
33,000,STATE - TAMIL NADU,78,783,7830,Human resources provision and management of human resources,35,29,6,11,5,6,24,24,0,5,5,0,0,0,0,5,5,0
33,000,STATE - TAMIL NADU,79,791,7911,Travel agency activities,1951,1867,84,421,390,31,1530,1477,53,105,105,0,48,48,0,57,57,0
33,000,STATE - TAMIL NADU,79,791,7912,Tour operator activities,179,177,2,56,54,2,123,123,0,3,3,0,0,0,0,3,3,0
33,000,STATE - TAMIL NADU,79,799,7990,Other reservation service and related activities,38,23,15,12,0,12,26,23,3,6,6,0,6,6,0,0,0,0
33,000,STATE - TAMIL NADU,80,801,8010,Private security activities,14681,14299,382,4151,3993,158,10530,10306,224,1299,1236,63,498,462,36,801,774,27
33,000,STATE - TAMIL NADU,80,802,8020,Security systems service activities,197,195,2,54,54,0,143,141,2,6,6,0,6,6,0,0,0,0
33,000,STATE - TAMIL NADU,80,803,8030,Investigation activities,3,3,0,0,0,0,3,3,0,0,0,0,0,0,0,0,0,0
33,000,STATE - TAMIL NADU,81,811,8110,Combined facilities support activities,61,37,24,18,18,0,43,19,24,0,0,0,0,0,0,0,0,0
33,000,STATE - TAMIL NADU,81,812,8121,General cleaning of buildings,956,506,450,161,96,65,795,410,385,95,37,58,34,4,30,61,33,28
33,000,STATE - TAMIL NADU,81,812,8129,Other building and industrial cleaning activities,559,313,246,137,101,36,422,212,210,60,27,33,13,2,11,47,25,22
33,000,STATE - TAMIL NADU,81,813,8130,Landscape care and maintenance service activities,18,12,6,0,0,0,18,12,6,0,0,0,0,0,0,0,0,0
33,000,STATE - TAMIL NADU,82,821,8211,Combined office administrative service activities,35,33,2,12,12,0,23,21,2,0,0,0,0,0,0,0,0,0
33,000,STATE - TAMIL NADU,82,821,8219,"Photocopying, document preparation and other specialized office",2008,1122,886,626,361,265,1382,761,621,208,94,114,44,8,36,164,86,78
33,000,STATE - TAMIL NADU,82,822,8220,Activities of call centres,1318,860,458,151,112,39,1167,748,419,149,111,38,33,21,12,116,90,26
33,000,STATE - TAMIL NADU,82,829,8291,Activities of collection agencies and credit bureaus,34,29,5,9,9,0,25,20,5,0,0,0,0,0,0,0,0,0
33,000,STATE - TAMIL NADU,82,829,8292,Packaging activities,420,242,178,155,99,56,265,143,122,44,30,14,18,12,6,26,18,8
33,000,STATE - TAMIL NADU,82,829,8299,Other business support service activities n.e.c.,52140,42167,9973,14530,11756,2774,37610,30411,7199,5035,3788,1247,1835,1399,436,3200,2389,811
33,000,STATE - TAMIL NADU,84,841,8411,General public administration activities,116737,88111,28626,40587,32846,7741,76150,55265,20885,4575,2715,1860,2058,1156,902,2517,1559,958
33,000,STATE - TAMIL NADU,84,841,8412,"Regulation of the activities of providing health care, education, cultural",247,137,110,121,62,59,126,75,51,35,18,17,33,18,15,2,0,2
33,000,STATE - TAMIL NADU,84,842,8421,Foreign affairs,6,6,0,0,0,0,6,6,0,0,0,0,0,0,0,0,0,0
33,000,STATE - TAMIL NADU,84,842,8422,Defence activities,5070,4820,250,2173,2113,60,2897,2707,190,133,107,26,64,48,16,69,59,10
33,000,STATE - TAMIL NADU,84,842,8423,Public order and safety activities,2004,1760,244,779,667,112,1225,1093,132,66,64,2,9,9,0,57,55,2
33,000,STATE - TAMIL NADU,84,843,8430,Compulsory social security activities,19331,16220,3111,7063,5705,1358,12268,10515,1753,510,431,79,152,119,33,358,312,46
33,000,STATE - TAMIL NADU,85,851,8510,Primary education,46241,17224,29017,22185,9902,12283,24056,7322,16734,3174,1115,2059,1914,768,1146,1260,347,913
33,000,STATE - TAMIL NADU,85,852,8521,General secondary education,17536,8075,9461,7617,4150,3467,9919,3925,5994,734,278,456,404,184,220,330,94,236
33,000,STATE - TAMIL NADU,85,852,8522,Technical and vocational secondary education,563,453,110,208,160,48,355,293,62,26,21,5,12,9,3,14,12,2
33,000,STATE - TAMIL NADU,85,853,8530,Higher education,15625,9602,6023,5584,3861,1723,10041,5741,4300,898,483,415,477,292,185,421,191,230
33,000,STATE - TAMIL NADU,85,854,8541,Sports and recreation education,570,456,114,214,179,35,356,277,79,15,12,3,0,0,0,15,12,3
33,000,STATE - TAMIL NADU,85,854,8542,Cultural education,117,95,22,33,29,4,84,66,18,9,9,0,6,6,0,3,3,0
33,000,STATE - TAMIL NADU,85,854,8549,Other education n.e.c.,3520,1922,1598,1694,919,775,1826,1003,823,491,272,219,303,179,124,188,93,95
33,000,STATE - TAMIL NADU,85,855,8550,Educational support services,32402,12309,20093,17737,6086,11651,14665,6223,8442,1730,712,1018,953,408,545,777,304,473
33,000,STATE - TAMIL NADU,86,861,8610,Hospital activities,38245,15158,23087,13552,4359,9193,24693,10799,13894,2597,684,1913,1275,297,978,1322,387,935
33,000,STATE - TAMIL NADU,86,862,8620,Medical and dental practice activities,1075,576,499,310,179,131,765,397,368,56,29,27,12,12,0,44,17,27
33,000,STATE - TAMIL NADU,86,869,8690,Other human health activities,16928,3520,13408,10106,1417,8689,6822,2103,4719,903,224,679,548,102,446,355,122,233
33,000,STATE - TAMIL NADU,87,871,8710,Nursing care facilities,557,27,530,301,18,283,256,9,247,82,6,76,51,6,45,31,0,31
33,000,STATE - TAMIL NADU,87,872,8720,"Residential care activities for mental retardation, mental health and",14,12,2,0,0,0,14,12,2,3,0,3,0,0,0,3,0,3
33,000,STATE - TAMIL NADU,87,873,8730,Residential care activities for the elderly and disabled,41,9,32,3,3,0,38,6,32,17,0,17,5,0,5,12,0,12
33,000,STATE - TAMIL NADU,87,879,8790,Other residential care activities n.e.c.,833,408,425,275,135,140,558,273,285,31,17,14,8,6,2,23,11,12
33,000,STATE - TAMIL NADU,88,881,8810,Social work activities without accommodation for the elderly and,123,100,23,85,68,17,38,32,6,17,9,8,11,3,8,6,6,0
33,000,STATE - TAMIL NADU,88,889,8890,Other social work activities without accommodation n.e.c.,2766,1602,1164,1530,836,694,1236,766,470,297,148,149,168,64,104,129,84,45
33,000,STATE - TAMIL NADU,90,900,9000,"Dramatic arts, music and other arts activities",11771,11319,452,5196,5036,160,6575,6283,292,2363,2242,121,1263,1206,57,1100,1036,64
33,000,STATE - TAMIL NADU,91,910,9101,Library and archives activities,965,603,362,517,324,193,448,279,169,78,45,33,63,36,27,15,9,6
33,000,STATE - TAMIL NADU,91,910,9102,Museums activities and operation of historical sites and buildings,3,3,0,0,0,0,3,3,0,0,0,0,0,0,0,0,0,0
33,000,STATE - TAMIL NADU,91,910,9103,Botanical and zoological gardens and nature reserves activities,1218,848,370,435,304,131,783,544,239,178,102,76,94,64,30,84,38,46
33,000,STATE - TAMIL NADU,92,920,9200,Gambling and betting activities,68,63,5,8,8,0,60,55,5,8,8,0,0,0,0,8,8,0
33,000,STATE - TAMIL NADU,93,931,9311,Operation of sports facilities,20,18,2,0,0,0,20,18,2,0,0,0,0,0,0,0,0,0
33,000,STATE - TAMIL NADU,93,931,9312,Activities of sports clubs,172,153,19,12,6,6,160,147,13,15,15,0,6,6,0,9,9,0
33,000,STATE - TAMIL NADU,93,931,9319,Other sports activities,254,244,10,28,28,0,226,216,10,11,11,0,0,0,0,11,11,0
33,000,STATE - TAMIL NADU,93,932,9321,Activities of amusement parks and theme parks,127,108,19,55,51,4,72,57,15,27,22,5,10,10,0,17,12,5
33,000,STATE - TAMIL NADU,93,932,9329,Other amusement and recreation activities n.e.c.,3347,3021,326,1532,1358,174,1815,1663,152,1075,939,136,672,590,82,403,349,54
33,000,STATE - TAMIL NADU,94,941,9411,Activities of business and employers membership organizations,71,44,27,39,26,13,32,18,14,8,0,8,0,0,0,8,0,8
33,000,STATE - TAMIL NADU,94,941,9412,Activities of professional membership organizations,12,2,10,2,0,2,10,2,8,6,3,3,0,0,0,6,3,3
33,000,STATE - TAMIL NADU,94,942,9420,Activities of trade unions,100,74,26,50,42,8,50,32,18,2,0,2,2,0,2,0,0,0
33,000,STATE - TAMIL NADU,94,949,9491,Activities of religious organizations,3484,2673,811,1280,1039,241,2204,1634,570,381,288,93,198,157,41,183,131,52
33,000,STATE - TAMIL NADU,94,949,9492,Activities of political organizations,1307,996,311,703,523,180,604,473,131,87,82,5,40,40,0,47,42,5
33,000,STATE - TAMIL NADU,94,949,9499,Activities of other membership organizations n.e.c.,935,415,520,459,172,287,476,243,233,100,42,58,53,18,35,47,24,23
33,000,STATE - TAMIL NADU,95,951,9511,Repair of computers and peripheral equipment,1354,1208,146,538,467,71,816,741,75,131,105,26,62,56,6,69,49,20
33,000,STATE - TAMIL NADU,95,951,9512,Repair of communication equipment,206,190,16,49,47,2,157,143,14,19,16,3,14,11,3,5,5,0
33,000,STATE - TAMIL NADU,95,952,9521,Repair of consumer electronics,3364,2269,1095,1546,1004,542,1818,1265,553,540,326,214,292,155,137,248,171,77
33,000,STATE - TAMIL NADU,95,952,9522,Repair of household appliances and home and garden equipment,2506,2357,149,806,742,64,1700,1615,85,372,333,39,173,150,23,199,183,16
33,000,STATE - TAMIL NADU,95,952,9523,Repair of footwear and leather goods,4610,4355,255,1195,1140,55,3415,3215,200,522,463,59,233,213,20,289,250,39
33,000,STATE - TAMIL NADU,95,952,9524,Repair of furniture and home furnishings,72,69,3,19,19,0,53,50,3,12,9,3,6,6,0,6,3,3
33,000,STATE - TAMIL NADU,95,952,9529,"Repair of personal and household goods, n.e.c.",6403,5306,1097,2609,2276,333,3794,3030,764,1165,619,546,598,293,305,567,326,241
33,000,STATE - TAMIL NADU,96,960,9601,Washing and (dry-) cleaning of textile and fur products,9056,6212,2844,2922,1883,1039,6134,4329,1805,1084,713,371,379,237,142,705,476,229
33,000,STATE - TAMIL NADU,96,960,9602,Hairdressing and other beauty treatment,3156,2325,831,1047,864,183,2109,1461,648,303,182,121,119,75,44,184,107,77
33,000,STATE - TAMIL NADU,96,960,9603,Funeral and related activities,293,272,21,49,47,2,244,225,19,52,52,0,28,28,0,24,24,0
33,000,STATE - TAMIL NADU,96,960,9609,Other personal service activities n.e.c.,39614,37466,2148,9691,8940,751,29923,28526,1397,5517,5013,504,1884,1622,262,3633,3391,242
33,000,STATE - TAMIL NADU,97,970,9700,Activities of households as employers of domestic personnel,42157,3029,39128,6218,731,5487,35939,2298,33641,10544,735,9809,3082,290,2792,7462,445,7017
33,000,STATE - TAMIL NADU,98,981,9810,Undifferentiated goods-producing activities of private households for own,3,3,0,0,0,0,3,3,0,2,0,2,2,0,2,0,0,0
33,000,STATE - TAMIL NADU,98,982,9820,Undifferentiated service-producing activities of private households for own,26,14,12,3,3,0,23,11,12,0,0,0,0,0,0,0,0,0
33,000,STATE - TAMIL NADU,99,990,9900,Activities of extraterritorial organizations and bodies,20,15,5,8,6,2,12,9,3,0,0,0,0,0,0,0,0,0
16,000,STATE - TRIPURA,01,011,0111,"Growing of cereals (except rice), leguminous crops and oil seeds",6,6,0,6,6,0,0,0,0,0,0,0,0,0,0,0,0,0
16,000,STATE - TRIPURA,01,011,0112,Growing of rice,655,615,40,298,274,24,357,341,16,244,161,83,176,110,66,68,51,17
16,000,STATE - TRIPURA,01,011,0113,"Growing of vegetables and melons, roots and tubers",36,21,15,6,0,6,30,21,9,29,23,6,24,18,6,5,5,0
16,000,STATE - TRIPURA,01,011,0119,Growing of other non-perennial crop,20,17,3,6,6,0,14,11,3,8,8,0,6,6,0,2,2,0
16,000,STATE - TRIPURA,01,012,0122,Growing of tropical and subtropical fruits,12,12,0,6,6,0,6,6,0,0,0,0,0,0,0,0,0,0
16,000,STATE - TRIPURA,01,012,0125,Growing of other tree and bush fruits and nuts,26,18,8,24,18,6,2,0,2,0,0,0,0,0,0,0,0,0
16,000,STATE - TRIPURA,01,012,0126,Growing of oleaginous fruits,9,6,3,6,6,0,3,0,3,0,0,0,0,0,0,0,0,0
16,000,STATE - TRIPURA,01,012,0127,Growing of beverage crops,3231,1790,1441,3004,1638,1366,227,152,75,438,157,281,374,142,232,64,15,49
16,000,STATE - TRIPURA,01,012,0129,Growing of other perennial crops,1602,1452,150,1210,1130,80,392,322,70,310,249,61,256,214,42,54,35,19
16,000,STATE - TRIPURA,01,013,0130,Plant propagation,25,23,2,12,12,0,13,11,2,11,9,2,8,6,2,3,3,0
16,000,STATE - TRIPURA,01,014,0141,Raising of cattle and buffaloes,588,266,322,406,162,244,182,104,78,575,61,514,454,56,398,121,5,116
16,000,STATE - TRIPURA,01,014,0144,Raising of sheep and goats,35,11,24,28,8,20,7,3,4,49,6,43,40,6,34,9,0,9
16,000,STATE - TRIPURA,01,014,0145,Raising of swine/pigs,18,18,0,18,18,0,0,0,0,8,2,6,8,2,6,0,0,0
16,000,STATE - TRIPURA,01,014,0146,Raising of poultry,213,129,84,152,88,64,61,41,20,145,27,118,128,24,104,17,3,14
16,000,STATE - TRIPURA,01,014,0149,Raising of other animals,42,14,28,28,6,22,14,8,6,46,12,34,36,6,30,10,6,4
16,000,STATE - TRIPURA,01,015,0150,Mixed farming,159,141,18,94,84,10,65,57,8,52,49,3,32,32,0,20,17,3
16,000,STATE - TRIPURA,01,016,0161,Support activities for crop production,550,459,91,264,234,30,286,225,61,39,33,6,12,12,0,27,21,6
16,000,STATE - TRIPURA,01,016,0163,Post-harvest crop activities,269,233,36,156,142,14,113,91,22,2,0,2,2,0,2,0,0,0
16,000,STATE - TRIPURA,02,021,0210,Silviculture and other forestry activities,15,15,0,6,6,0,9,9,0,0,0,0,0,0,0,0,0,0
16,000,STATE - TRIPURA,02,022,0220,Logging,848,798,50,724,678,46,124,120,4,217,127,90,180,90,90,37,37,0
16,000,STATE - TRIPURA,02,023,0230,Gathering of non-wood forest products,5,5,0,2,2,0,3,3,0,0,0,0,0,0,0,0,0,0
16,000,STATE - TRIPURA,02,024,0240,Support services to forestry,391,347,44,192,182,10,199,165,34,3,3,0,0,0,0,3,3,0
16,000,STATE - TRIPURA,03,031,0311,Marine fishing,408,400,8,314,308,6,94,92,2,62,62,0,62,62,0,0,0,0
16,000,STATE - TRIPURA,03,031,0312,Freash water fishing,1296,1292,4,1068,1064,4,228,228,0,206,200,6,158,152,6,48,48,0
16,000,STATE - TRIPURA,03,032,0321,Marine aquaculture,12,12,0,6,6,0,6,6,0,0,0,0,0,0,0,0,0,0
16,000,STATE - TRIPURA,03,032,0322,Freshwater aquaculture,104,96,8,78,78,0,26,18,8,6,6,0,6,6,0,0,0,0
16,000,STATE - TRIPURA,05,051,0510,Mining of hard coal,2,2,0,2,2,0,0,0,0,0,0,0,0,0,0,0,0,0
16,000,STATE - TRIPURA,06,061,0610,Extraction of crude petroleum,11,11,0,2,2,0,9,9,0,7,7,0,4,4,0,3,3,0
16,000,STATE - TRIPURA,08,081,0810,"Quarrying of stone, sand and clay",137,105,32,86,66,20,51,39,12,16,6,10,8,0,8,8,6,2
16,000,STATE - TRIPURA,08,089,0892,Extraction and agglomeration of peat,6,6,0,6,6,0,0,0,0,0,0,0,0,0,0,0,0,0
16,000,STATE - TRIPURA,08,089,0899,Other mining and quarrying n.e.c.,51,43,8,32,26,6,19,17,2,11,9,2,8,6,2,3,3,0
16,000,STATE - TRIPURA,09,091,0910,Support activities for petroleum and natural gas mining,48,48,0,12,12,0,36,36,0,6,6,0,0,0,0,6,6,0
16,000,STATE - TRIPURA,09,099,0990,Support activities for other mining and quarrying,13,13,0,0,0,0,13,13,0,0,0,0,0,0,0,0,0,0
16,000,STATE - TRIPURA,10,101,1010,Processing and preserving of meat,35,24,11,8,6,2,27,18,9,91,6,85,82,6,76,9,0,9
16,000,STATE - TRIPURA,10,102,1020,"Processing and preserving of fish, crustaceans and molluscs and",31,29,2,28,26,2,3,3,0,3,3,0,0,0,0,3,3,0
16,000,STATE - TRIPURA,10,103,1030,Processing and preserving of fruit and vegetables,50,50,0,42,42,0,8,8,0,28,6,22,28,6,22,0,0,0
16,000,STATE - TRIPURA,10,105,1050,Manufacture of dairy products,126,64,62,60,38,22,66,26,40,212,23,189,134,20,114,78,3,75
16,000,STATE - TRIPURA,10,106,1061,Manufacture of grain mill products,336,275,61,224,200,24,112,75,37,121,38,83,86,32,54,35,6,29
16,000,STATE - TRIPURA,10,106,1062,Manufacture of starches and starch products,3,3,0,0,0,0,3,3,0,0,0,0,0,0,0,0,0,0
16,000,STATE - TRIPURA,10,107,1071,Manufacture of bakery products,213,190,23,140,130,10,73,60,13,52,29,23,18,18,0,34,11,23
16,000,STATE - TRIPURA,10,107,1073,"Manufacture of cocoa, chocolate and sugar confectionery",134,124,10,84,78,6,50,46,4,6,6,0,6,6,0,0,0,0
16,000,STATE - TRIPURA,10,107,1074,"Manufacture of macaroni, noodles, couscous and similar farinaceous",6,3,3,0,0,0,6,3,3,3,0,3,0,0,0,3,0,3
16,000,STATE - TRIPURA,10,107,1075,Manufacture of prepared meals and dishes,98,75,23,60,48,12,38,27,11,50,12,38,24,0,24,26,12,14
16,000,STATE - TRIPURA,10,107,1079,Manufacture of other food products n.e.c.,118,68,50,34,18,16,84,50,34,116,23,93,68,20,48,48,3,45
16,000,STATE - TRIPURA,11,110,1101,"Distilling, rectifying and blending of spirits; ethyl alcohol production",2,0,2,0,0,0,2,0,2,0,0,0,0,0,0,0,0,0
16,000,STATE - TRIPURA,11,110,1104,Manufacture of soft drinks; production of mineral waters and other,26,26,0,20,20,0,6,6,0,3,3,0,0,0,0,3,3,0
16,000,STATE - TRIPURA,12,120,1200,Manufacture of tobacco products,509,116,393,312,74,238,197,42,155,382,14,368,276,12,264,106,2,104
16,000,STATE - TRIPURA,13,131,1311,Preparation and spinning of textile fibres,750,622,128,368,322,46,382,300,82,601,221,380,322,160,162,279,61,218
16,000,STATE - TRIPURA,13,131,1312,Weaving of textiles,127,90,37,40,30,10,87,60,27,29,5,24,16,0,16,13,5,8
16,000,STATE - TRIPURA,13,131,1313,Finishing of textiles,62,57,5,0,0,0,62,57,5,16,6,10,0,0,0,16,6,10
16,000,STATE - TRIPURA,13,139,1391,Manufacture of knitted and crocheted fabrics,0,0,0,0,0,0,0,0,0,2,0,2,2,0,2,0,0,0
16,000,STATE - TRIPURA,13,139,1392,"Manufacture of made-up textile articles, except apparel",48,42,6,36,30,6,12,12,0,12,6,6,6,6,0,6,0,6
16,000,STATE - TRIPURA,13,139,1393,Manufacture of carpets and rugs,12,12,0,6,6,0,6,6,0,9,6,3,0,0,0,9,6,3
16,000,STATE - TRIPURA,13,139,1394,"Manufacture of cordage, rope, twine and netting",118,105,13,40,36,4,78,69,9,8,6,2,2,0,2,6,6,0
16,000,STATE - TRIPURA,13,139,1399,Manufacture of other textiles n.e.c.,9,9,0,0,0,0,9,9,0,15,6,9,0,0,0,15,6,9
16,000,STATE - TRIPURA,14,141,1410,"Manufacture of wearing apparel, except fur apparel",1072,733,339,524,416,108,548,317,231,207,56,151,78,34,44,129,22,107
16,000,STATE - TRIPURA,15,151,1511,Tanning and dressing of leather; dressing and dyeing of fur,12,12,0,6,6,0,6,6,0,13,9,4,6,6,0,7,3,4
16,000,STATE - TRIPURA,15,151,1512,"Manufacture of luggage, handbags and the like, saddlery and harness",36,33,3,12,12,0,24,21,3,0,0,0,0,0,0,0,0,0
16,000,STATE - TRIPURA,15,152,1520,Manufacture of footwear,79,69,10,18,14,4,61,55,6,13,13,0,2,2,0,11,11,0
16,000,STATE - TRIPURA,16,161,1610,Saw milling and planing of wood,291,282,9,200,198,2,91,84,7,21,21,0,18,18,0,3,3,0
16,000,STATE - TRIPURA,16,162,1621,"Manufacture of veneer sheets; manufacture of plywood, laminboard,",158,158,0,102,102,0,56,56,0,33,33,0,18,18,0,15,15,0
16,000,STATE - TRIPURA,16,162,1623,Manufacture of wooden containers,888,671,217,588,432,156,300,239,61,399,130,269,316,82,234,83,48,35
16,000,STATE - TRIPURA,16,162,1629,"Manufacture of other products of wood; manufacture of articles of cork,",2633,2321,312,1748,1512,236,885,809,76,1495,466,1029,1210,324,886,285,142,143
16,000,STATE - TRIPURA,17,170,1701,"Manufacture of pulp, paper and paperboard",6,0,6,0,0,0,6,0,6,6,0,6,6,0,6,0,0,0
16,000,STATE - TRIPURA,17,170,1709,Manufacture of other articles of paper and paperboard,12,8,4,8,6,2,4,2,2,4,0,4,2,0,2,2,0,2
16,000,STATE - TRIPURA,18,181,1811,Printing,34,29,5,6,6,0,28,23,5,2,0,2,0,0,0,2,0,2
16,000,STATE - TRIPURA,18,181,1812,Service activities related to printing,72,53,19,14,14,0,58,39,19,6,6,0,0,0,0,6,6,0
16,000,STATE - TRIPURA,19,191,1910,Manufacture of coke oven products,3,0,3,0,0,0,3,0,3,0,0,0,0,0,0,0,0,0
16,000,STATE - TRIPURA,19,192,1920,Manufacture of refined petroleum products,77,71,6,18,18,0,59,53,6,9,9,0,6,6,0,3,3,0
16,000,STATE - TRIPURA,20,202,2022,"Manufacture of paints, varnishes and similar coatings, printing ink and",6,6,0,0,0,0,6,6,0,0,0,0,0,0,0,0,0,0
16,000,STATE - TRIPURA,20,202,2023,"Manufacture of soap and detergents, cleaning and polishing preparations,",281,85,196,224,50,174,57,35,22,830,42,788,738,42,696,92,0,92
16,000,STATE - TRIPURA,22,221,2211,Manufacture of rubber tyres and tubes; retreading and rebuilding of,17,17,0,12,12,0,5,5,0,0,0,0,0,0,0,0,0,0
16,000,STATE - TRIPURA,22,221,2219,Manufacture of other rubber products,30,27,3,12,12,0,18,15,3,0,0,0,0,0,0,0,0,0
16,000,STATE - TRIPURA,22,222,2220,Manufacture of plastics products,40,33,7,12,12,0,28,21,7,9,6,3,6,6,0,3,0,3
16,000,STATE - TRIPURA,23,231,2310,Manufacture of glass and glass products,6,6,0,6,6,0,0,0,0,0,0,0,0,0,0,0,0,0
16,000,STATE - TRIPURA,23,239,2391,Manufacture of refractory products,34,32,2,10,8,2,24,24,0,6,6,0,6,6,0,0,0,0
16,000,STATE - TRIPURA,23,239,2392,Manufacture of clay building materials,2040,1506,534,1776,1328,448,264,178,86,464,277,187,396,256,140,68,21,47
16,000,STATE - TRIPURA,23,239,2393,Manufacture of other porcelain and ceramic products,59,59,0,28,28,0,31,31,0,34,15,19,28,12,16,6,3,3
16,000,STATE - TRIPURA,23,239,2394,"Manufacture of cement, lime and plaster",5,5,0,2,2,0,3,3,0,5,3,2,2,0,2,3,3,0
16,000,STATE - TRIPURA,23,239,2395,"Manufacture of articles of concrete, cement and plaster",3,3,0,0,0,0,3,3,0,6,6,0,6,6,0,0,0,0
16,000,STATE - TRIPURA,23,239,2399,Manufacture of other non-metallic mineral products n.e.c.,0,0,0,0,0,0,0,0,0,3,0,3,0,0,0,3,0,3
16,000,STATE - TRIPURA,24,241,2410,Manufacture of basic iron and steel,112,107,5,18,18,0,94,89,5,25,25,0,8,8,0,17,17,0
16,000,STATE - TRIPURA,24,242,2420,Manufacture of basic precious and other non-ferrous metals,25,18,7,0,0,0,25,18,7,0,0,0,0,0,0,0,0,0
16,000,STATE - TRIPURA,24,243,2432,Casting of non-ferrous metals,3,3,0,0,0,0,3,3,0,0,0,0,0,0,0,0,0,0
16,000,STATE - TRIPURA,25,251,2511,Manufacture of structural metal products,65,65,0,12,12,0,53,53,0,14,11,3,6,6,0,8,5,3
16,000,STATE - TRIPURA,25,259,2593,"Manufacture of cutlery, hand tools and general hardware",223,221,2,90,90,0,133,131,2,35,35,0,6,6,0,29,29,0
16,000,STATE - TRIPURA,25,259,2599,Manufacture of other fabricated metal products n.e.c.,56,54,2,14,12,2,42,42,0,3,3,0,0,0,0,3,3,0
16,000,STATE - TRIPURA,26,262,2620,Manufacture of computers and peripheral equipment,3,3,0,0,0,0,3,3,0,0,0,0,0,0,0,0,0,0
16,000,STATE - TRIPURA,26,264,2640,Manufacture of consumer electronics,6,6,0,0,0,0,6,6,0,9,9,0,0,0,0,9,9,0
16,000,STATE - TRIPURA,26,265,2651,"Manufacture of measuring, testing, navigating and control equipment",3,3,0,0,0,0,3,3,0,0,0,0,0,0,0,0,0,0
16,000,STATE - TRIPURA,27,272,2720,Manufacture of batteries and accumulators,6,6,0,0,0,0,6,6,0,0,0,0,0,0,0,0,0,0
16,000,STATE - TRIPURA,28,282,2825,"Manufacture of machinery for food, beverage and tobacco processing",18,12,6,12,6,6,6,6,0,0,0,0,0,0,0,0,0,0
16,000,STATE - TRIPURA,29,293,2930,Manufacture of parts and accessories for motor vehicles,6,6,0,6,6,0,0,0,0,0,0,0,0,0,0,0,0,0
16,000,STATE - TRIPURA,30,309,3099,Manufacture of other transport equipment n.e.c.,66,60,6,42,36,6,24,24,0,23,23,0,12,12,0,11,11,0
16,000,STATE - TRIPURA,31,310,3100,Manufacture of furniture,3539,3462,77,2122,2066,56,1417,1396,21,548,491,57,304,250,54,244,241,3
16,000,STATE - TRIPURA,32,321,3211,Manufacture of jewellery and related articles,351,344,7,206,204,2,145,140,5,38,38,0,30,30,0,8,8,0
16,000,STATE - TRIPURA,32,321,3212,Manufacture of imitation jewellery and related articles,9,9,0,6,6,0,3,3,0,0,0,0,0,0,0,0,0,0
16,000,STATE - TRIPURA,32,322,3220,Manufacture of musical instruments,32,32,0,6,6,0,26,26,0,3,3,0,0,0,0,3,3,0
16,000,STATE - TRIPURA,32,329,3290,Other manufacturing n.e.c.,174,107,67,130,68,62,44,39,5,217,24,193,186,18,168,31,6,25
16,000,STATE - TRIPURA,33,331,3311,Repair of fabricated metal products,3,3,0,0,0,0,3,3,0,0,0,0,0,0,0,0,0,0
16,000,STATE - TRIPURA,33,331,3312,Repair of machinery,15,15,0,6,6,0,9,9,0,3,3,0,0,0,0,3,3,0
16,000,STATE - TRIPURA,33,331,3313,Repair of electronic and optical equipment,37,37,0,6,6,0,31,31,0,3,3,0,0,0,0,3,3,0
16,000,STATE - TRIPURA,33,331,3314,Repair of electrical equipment,80,80,0,30,30,0,50,50,0,32,32,0,14,14,0,18,18,0
16,000,STATE - TRIPURA,33,331,3315,"Repair of transport equipment, except motor vehicles",42,42,0,30,30,0,12,12,0,3,3,0,0,0,0,3,3,0
16,000,STATE - TRIPURA,33,331,3319,Repair of other equipment,21,21,0,6,6,0,15,15,0,0,0,0,0,0,0,0,0,0
16,000,STATE - TRIPURA,33,332,3320,Installation of industrial machinery and equipment,0,0,0,0,0,0,0,0,0,3,3,0,0,0,0,3,3,0
16,000,STATE - TRIPURA,35,351,3510,"Electric power generation, transmission and distribution",990,912,78,396,380,16,594,532,62,24,24,0,0,0,0,24,24,0
16,000,STATE - TRIPURA,35,352,3520,Manufacture of gas; distribution of gaseous fuels through mains,18,18,0,0,0,0,18,18,0,0,0,0,0,0,0,0,0,0
16,000,STATE - TRIPURA,35,353,3530,Steam and air conditioning supply,8,6,2,0,0,0,8,6,2,6,6,0,6,6,0,0,0,0
16,000,STATE - TRIPURA,36,360,3600,"Water collection, treatment and supply",517,489,28,286,272,14,231,217,14,34,32,2,30,30,0,4,2,2
16,000,STATE - TRIPURA,37,370,3700,Sewerage,43,24,19,0,0,0,43,24,19,0,0,0,0,0,0,0,0,0
16,000,STATE - TRIPURA,38,381,3811,Collection of non-hazardous waste,50,36,14,14,0,14,36,36,0,14,11,3,6,6,0,8,5,3
16,000,STATE - TRIPURA,38,381,3812,Collection of hazardous waste,21,21,0,12,12,0,9,9,0,3,0,3,0,0,0,3,0,3
16,000,STATE - TRIPURA,41,410,4100,Construction of buildings,13172,12151,1021,6416,6058,358,6756,6093,663,3446,2370,1076,1902,1322,580,1544,1048,496
16,000,STATE - TRIPURA,42,421,4210,Construction roads and railways,5235,3859,1376,3354,2502,852,1881,1357,524,13397,3703,9694,10048,2970,7078,3349,733,2616
16,000,STATE - TRIPURA,42,422,4220,Construction of utility projects,47,44,3,32,32,0,15,12,3,132,84,48,94,78,16,38,6,32
16,000,STATE - TRIPURA,42,429,4290,Construction of other civil engineering projects,2325,1998,327,1332,1130,202,993,868,125,1435,671,764,954,390,564,481,281,200
16,000,STATE - TRIPURA,43,431,4312,Site preparation,553,453,100,294,240,54,259,213,46,1230,340,890,944,262,682,286,78,208
16,000,STATE - TRIPURA,43,432,4321,Electrical installation,169,160,9,54,50,4,115,110,5,45,45,0,12,12,0,33,33,0
16,000,STATE - TRIPURA,43,432,4322,"Plumbing, heat and air-conditioning installation",197,197,0,82,82,0,115,115,0,44,44,0,26,26,0,18,18,0
16,000,STATE - TRIPURA,43,432,4329,Other construction installation,5818,4928,890,2986,2536,450,2832,2392,440,1855,1295,560,984,704,280,871,591,280
16,000,STATE - TRIPURA,43,433,4330,Building completion and finishing,1191,1177,14,480,478,2,711,699,12,282,248,34,118,100,18,164,148,16
16,000,STATE - TRIPURA,43,439,4390,Other specialized construction activities,6,6,0,0,0,0,6,6,0,2,0,2,0,0,0,2,0,2
16,000,STATE - TRIPURA,45,451,4510,Sale of motor vehicles,12,12,0,6,6,0,6,6,0,0,0,0,0,0,0,0,0,0
16,000,STATE - TRIPURA,45,452,4520,Maintenance and repair of motor vehicles,530,522,8,198,198,0,332,324,8,71,71,0,38,38,0,33,33,0
16,000,STATE - TRIPURA,45,453,4530,Sale of motor vehicle parts and accessories,90,86,4,12,12,0,78,74,4,9,9,0,0,0,0,9,9,0
16,000,STATE - TRIPURA,45,454,4540,"Sale, maintenance and repair of motorcycles and related parts and",116,116,0,54,54,0,62,62,0,14,14,0,8,8,0,6,6,0
16,000,STATE - TRIPURA,46,461,4610,Wholesale on a fee or contract basis,16,2,14,2,2,0,14,0,14,0,0,0,0,0,0,0,0,0
16,000,STATE - TRIPURA,46,462,4620,Wholesale of agricultural raw materials and live animals,126,122,4,88,86,2,38,36,2,6,6,0,6,6,0,0,0,0
16,000,STATE - TRIPURA,46,463,4630,"Wholesale of food, beverages and tobacco",85,85,0,44,44,0,41,41,0,12,12,0,6,6,0,6,6,0
16,000,STATE - TRIPURA,46,464,4649,Wholesale of other household goods,27,24,3,6,6,0,21,18,3,0,0,0,0,0,0,0,0,0
16,000,STATE - TRIPURA,46,465,4652,Wholesale of electronic and telecommunications equipment and parts,6,6,0,6,6,0,0,0,0,0,0,0,0,0,0,0,0,0
16,000,STATE - TRIPURA,46,465,4659,Wholesale of other machinery and equipment,2,2,0,0,0,0,2,2,0,0,0,0,0,0,0,0,0,0
16,000,STATE - TRIPURA,46,466,4661,"Wholesale of solid, liquid and gaseous fuels and related products",11,9,2,6,6,0,5,3,2,0,0,0,0,0,0,0,0,0
16,000,STATE - TRIPURA,46,466,4663,"Wholesale of construction materials, hardware, plumbing and heating",48,48,0,24,24,0,24,24,0,2,2,0,2,2,0,0,0,0
16,000,STATE - TRIPURA,46,466,4669,Wholesale of waste and scrap and other products n.e.c.,26,23,3,6,6,0,20,17,3,0,0,0,0,0,0,0,0,0
16,000,STATE - TRIPURA,46,469,4690,Non-specialized wholesale trade,34,34,0,2,2,0,32,32,0,6,6,0,0,0,0,6,6,0
16,000,STATE - TRIPURA,47,471,4711,"Retail sale in non-specialized stores with food, beverages or tobacco",1808,1733,75,848,814,34,960,919,41,212,189,23,122,120,2,90,69,21
16,000,STATE - TRIPURA,47,471,4719,Other retail sale in non-specialized stores,2617,2520,97,1304,1260,44,1313,1260,53,256,220,36,100,80,20,156,140,16
16,000,STATE - TRIPURA,47,472,4721,Retail sale of food in specialized stores,8645,8488,157,4302,4216,86,4343,4272,71,911,852,59,474,442,32,437,410,27
16,000,STATE - TRIPURA,47,472,4722,Retail sale of beverages in specialized stores,33,33,0,6,6,0,27,27,0,2,2,0,0,0,0,2,2,0
16,000,STATE - TRIPURA,47,472,4723,Retail sale of tobacco products in specialized stores,160,158,2,98,98,0,62,60,2,5,5,0,2,2,0,3,3,0
16,000,STATE - TRIPURA,47,473,4730,Retail sale of automotive fuel in specialized stores,39,39,0,18,18,0,21,21,0,0,0,0,0,0,0,0,0,0
16,000,STATE - TRIPURA,47,474,4741,"Retail sale of computers, peripheral units, software and",85,85,0,24,24,0,61,61,0,14,14,0,0,0,0,14,14,0
16,000,STATE - TRIPURA,47,474,4742,Retail sale of audio and video equipment in specialized stores,24,24,0,18,18,0,6,6,0,3,3,0,0,0,0,3,3,0
16,000,STATE - TRIPURA,47,475,4752,"Retail sale of hardware, paints and glass in specialized stores",598,588,10,292,286,6,306,302,4,53,47,6,44,38,6,9,9,0
16,000,STATE - TRIPURA,47,475,4759,"Retail sale of electrical household appliances, furniture, lighting",312,309,3,108,108,0,204,201,3,26,24,2,2,0,2,24,24,0
16,000,STATE - TRIPURA,47,476,4761,"Retail sale of books, newspapers and stationary in specialized stores",293,281,12,146,142,4,147,139,8,34,34,0,8,8,0,26,26,0
16,000,STATE - TRIPURA,47,476,4762,Retail sale of music and video recordings in specialized stores,18,18,0,12,12,0,6,6,0,6,6,0,0,0,0,6,6,0
16,000,STATE - TRIPURA,47,476,4764,Retail sale of games and toys in specialized stores,9,9,0,0,0,0,9,9,0,0,0,0,0,0,0,0,0,0
16,000,STATE - TRIPURA,47,477,4771,"Retail sale of clothing, footwear and leather articles in specialized",1097,1047,50,486,456,30,611,591,20,122,106,16,50,50,0,72,56,16
16,000,STATE - TRIPURA,47,477,4772,"Retail sale of pharmaceutical and medical goods, cosmetic and toilet",897,866,31,440,428,12,457,438,19,115,107,8,74,74,0,41,33,8
16,000,STATE - TRIPURA,47,477,4773,Other retail sale of new goods in specialized stores,440,421,19,250,236,14,190,185,5,60,56,4,46,44,2,14,12,2
16,000,STATE - TRIPURA,47,477,4774,Retail sale of second-hand goods,6,6,0,0,0,0,6,6,0,0,0,0,0,0,0,0,0,0
16,000,STATE - TRIPURA,47,478,4781,"Retail sale via stalls and markets of food, beverages and tobacco",3,3,0,0,0,0,3,3,0,0,0,0,0,0,0,0,0,0
16,000,STATE - TRIPURA,47,478,4782,"Retail sale via stalls and markets of textiles, clothing and footwear",33,33,0,18,18,0,15,15,0,12,12,0,6,6,0,6,6,0
16,000,STATE - TRIPURA,47,478,4789,Retail sale via stalls and markets of other goods,184,182,2,86,84,2,98,98,0,31,31,0,12,12,0,19,19,0
16,000,STATE - TRIPURA,47,479,4791,Retail sale via mail order houses or via Internet,29,29,0,18,18,0,11,11,0,5,5,0,0,0,0,5,5,0
16,000,STATE - TRIPURA,47,479,4799,"Other retail sale not in stores, stalls or markets",186,171,15,70,66,4,116,105,11,39,30,9,0,0,0,39,30,9
16,000,STATE - TRIPURA,49,491,4911,Passenger rail transport,74,74,0,8,8,0,66,66,0,0,0,0,0,0,0,0,0,0
16,000,STATE - TRIPURA,49,491,4912,Freight rail transport,15,15,0,12,12,0,3,3,0,0,0,0,0,0,0,0,0,0
16,000,STATE - TRIPURA,49,492,4921,Urban or suburban passenger land transport,2087,2078,9,958,952,6,1129,1126,3,183,183,0,96,96,0,87,87,0
16,000,STATE - TRIPURA,49,492,4922,Other passenger land transport,7778,7718,60,3140,3118,22,4638,4600,38,633,624,9,298,292,6,335,332,3
16,000,STATE - TRIPURA,49,492,4923,Freight transport by road,2363,2349,14,1116,1106,10,1247,1243,4,197,194,3,96,96,0,101,98,3
16,000,STATE - TRIPURA,50,502,5021,Inland passenger water transport,19,19,0,16,16,0,3,3,0,0,0,0,0,0,0,0,0,0
16,000,STATE - TRIPURA,51,511,5110,Passenger air transport,12,12,0,0,0,0,12,12,0,5,3,2,0,0,0,5,3,2
16,000,STATE - TRIPURA,51,512,5120,Freight air transport,28,26,2,0,0,0,28,26,2,0,0,0,0,0,0,0,0,0
16,000,STATE - TRIPURA,52,521,5210,Warehousing and storage,104,96,8,20,18,2,84,78,6,6,6,0,0,0,0,6,6,0
16,000,STATE - TRIPURA,52,522,5221,Service activities incidental to land transportation,466,460,6,230,224,6,236,236,0,38,38,0,20,20,0,18,18,0
16,000,STATE - TRIPURA,52,522,5229,Other transportation support activities,22,16,6,0,0,0,22,16,6,0,0,0,0,0,0,0,0,0
16,000,STATE - TRIPURA,53,531,5310,Postal activities,230,198,32,128,110,18,102,88,14,6,6,0,6,6,0,0,0,0
16,000,STATE - TRIPURA,53,532,5320,Courier activities,11,11,0,0,0,0,11,11,0,0,0,0,0,0,0,0,0,0
16,000,STATE - TRIPURA,55,551,5510,Short term accommodation activities,420,366,54,192,172,20,228,194,34,38,32,6,20,20,0,18,12,6
16,000,STATE - TRIPURA,55,559,5590,Other accommodation,94,28,66,36,14,22,58,14,44,6,0,6,0,0,0,6,0,6
16,000,STATE - TRIPURA,56,561,5610,Restaurants and mobile food service activities,219,208,11,114,110,4,105,98,7,14,5,9,0,0,0,14,5,9
16,000,STATE - TRIPURA,56,562,5621,Event catering,143,60,83,62,18,44,81,42,39,34,11,23,2,0,2,32,11,21
16,000,STATE - TRIPURA,56,562,5629,Other food service activities,16,6,10,8,0,8,8,6,2,0,0,0,0,0,0,0,0,0
16,000,STATE - TRIPURA,56,563,5630,Beverage serving activities,955,842,113,540,502,38,415,340,75,104,80,24,40,34,6,64,46,18
16,000,STATE - TRIPURA,58,581,5811,Book publishing,38,23,15,12,12,0,26,11,15,3,3,0,0,0,0,3,3,0
16,000,STATE - TRIPURA,58,581,5813,"Publishing of newspapers, journals and periodicals",18,18,0,6,6,0,12,12,0,3,3,0,0,0,0,3,3,0
16,000,STATE - TRIPURA,59,591,5911,"Motion picture, video and television programme production activities",8,8,0,0,0,0,8,8,0,0,0,0,0,0,0,0,0,0
16,000,STATE - TRIPURA,59,591,5914,Motion picture projection activities,6,6,0,6,6,0,0,0,0,0,0,0,0,0,0,0,0,0
16,000,STATE - TRIPURA,60,601,6010,Radio broadcasting,11,11,0,6,6,0,5,5,0,0,0,0,0,0,0,0,0,0
16,000,STATE - TRIPURA,60,602,6020,Television programming and broadcasting activities,20,18,2,0,0,0,20,18,2,0,0,0,0,0,0,0,0,0
16,000,STATE - TRIPURA,61,611,6110,Wired telecommunications activities,164,149,15,50,42,8,114,107,7,12,12,0,6,6,0,6,6,0
16,000,STATE - TRIPURA,61,612,6120,Wireless telecommunications activities,43,41,2,12,12,0,31,29,2,12,12,0,6,6,0,6,6,0
16,000,STATE - TRIPURA,61,613,6130,Satellite telecommunications activities,35,32,3,6,6,0,29,26,3,6,6,0,6,6,0,0,0,0
16,000,STATE - TRIPURA,61,619,6190,Other telecommunications activities,108,98,10,20,20,0,88,78,10,3,3,0,0,0,0,3,3,0
16,000,STATE - TRIPURA,62,620,6202,Computer consultancy and computer facilities management activities,10,4,6,2,2,0,8,2,6,0,0,0,0,0,0,0,0,0
16,000,STATE - TRIPURA,62,620,6209,Other information technology and computer service activities,3,3,0,0,0,0,3,3,0,3,3,0,0,0,0,3,3,0
16,000,STATE - TRIPURA,63,631,6311,"Data processing, hosting and related activities",6,6,0,6,6,0,0,0,0,0,0,0,0,0,0,0,0,0
16,000,STATE - TRIPURA,63,639,6399,Other information service activities n.e.c.,12,12,0,0,0,0,12,12,0,0,0,0,0,0,0,0,0,0
16,000,STATE - TRIPURA,64,641,6419,Other monetary intermediation,494,422,72,112,102,10,382,320,62,34,23,11,18,12,6,16,11,5
16,000,STATE - TRIPURA,64,642,6420,Activities of holding companies,26,24,2,14,12,2,12,12,0,11,6,5,0,0,0,11,6,5
16,000,STATE - TRIPURA,64,643,6430,"Trusts, funds and other financial vehicles",0,0,0,0,0,0,0,0,0,6,6,0,6,6,0,0,0,0
16,000,STATE - TRIPURA,65,651,6511,Life insurance,232,210,22,54,52,2,178,158,20,28,28,0,16,16,0,12,12,0
16,000,STATE - TRIPURA,65,651,6512,Non-life insurance,51,49,2,12,12,0,39,37,2,0,0,0,0,0,0,0,0,0
16,000,STATE - TRIPURA,66,662,6622,Activities of insurance agents and brokers,21,21,0,6,6,0,15,15,0,0,0,0,0,0,0,0,0,0
16,000,STATE - TRIPURA,66,663,6630,Fund management activities,40,30,10,20,18,2,20,12,8,6,6,0,6,6,0,0,0,0
16,000,STATE - TRIPURA,69,691,6910,Legal activities,88,71,17,26,20,6,62,51,11,6,6,0,6,6,0,0,0,0
16,000,STATE - TRIPURA,69,692,6920,"Accounting, bookkeeping and auditing activities; tax consultancy",27,27,0,18,18,0,9,9,0,0,0,0,0,0,0,0,0,0
16,000,STATE - TRIPURA,72,721,7210,Research and experimental development on natural sciences and,0,0,0,0,0,0,0,0,0,3,3,0,0,0,0,3,3,0
16,000,STATE - TRIPURA,73,731,7310,Advertising,6,6,0,0,0,0,6,6,0,0,0,0,0,0,0,0,0,0
16,000,STATE - TRIPURA,74,741,7410,Specialized design activities,36,36,0,8,8,0,28,28,0,12,12,0,6,6,0,6,6,0
16,000,STATE - TRIPURA,74,742,7420,Photographic activities,66,64,2,20,20,0,46,44,2,5,5,0,2,2,0,3,3,0
16,000,STATE - TRIPURA,75,750,7500,Veterinary activities,275,236,39,152,132,20,123,104,19,8,6,2,6,6,0,2,0,2
16,000,STATE - TRIPURA,77,771,7710,Renting and leasing of motor vehicles,50,50,0,20,20,0,30,30,0,0,0,0,0,0,0,0,0,0
16,000,STATE - TRIPURA,77,772,7729,Renting and leasing of other personal and household goods n.e.c.,238,235,3,54,54,0,184,181,3,71,71,0,30,30,0,41,41,0
16,000,STATE - TRIPURA,79,791,7911,Travel agency activities,6,6,0,0,0,0,6,6,0,0,0,0,0,0,0,0,0,0
16,000,STATE - TRIPURA,80,801,8010,Private security activities,52,50,2,20,18,2,32,32,0,4,4,0,0,0,0,4,4,0
16,000,STATE - TRIPURA,80,802,8020,Security systems service activities,20,20,0,12,12,0,8,8,0,0,0,0,0,0,0,0,0,0
16,000,STATE - TRIPURA,81,811,8110,Combined facilities support activities,22,14,8,6,6,0,16,8,8,0,0,0,0,0,0,0,0,0
16,000,STATE - TRIPURA,81,812,8121,General cleaning of buildings,20,18,2,0,0,0,20,18,2,6,6,0,6,6,0,0,0,0
16,000,STATE - TRIPURA,81,812,8129,Other building and industrial cleaning activities,20,9,11,6,0,6,14,9,5,11,2,9,2,2,0,9,0,9
16,000,STATE - TRIPURA,82,821,8219,"Photocopying, document preparation and other specialized office",78,68,10,24,24,0,54,44,10,5,5,0,0,0,0,5,5,0
16,000,STATE - TRIPURA,82,822,8220,Activities of call centres,6,6,0,0,0,0,6,6,0,2,0,2,2,0,2,0,0,0
16,000,STATE - TRIPURA,82,829,8291,Activities of collection agencies and credit bureaus,9,9,0,6,6,0,3,3,0,0,0,0,0,0,0,0,0,0
16,000,STATE - TRIPURA,82,829,8292,Packaging activities,11,9,2,6,6,0,5,3,2,0,0,0,0,0,0,0,0,0
16,000,STATE - TRIPURA,82,829,8299,Other business support service activities n.e.c.,1083,957,126,320,284,36,763,673,90,164,139,25,64,64,0,100,75,25
16,000,STATE - TRIPURA,84,841,8411,General public administration activities,5673,4696,977,2132,1804,328,3541,2892,649,127,57,70,64,30,34,63,27,36
16,000,STATE - TRIPURA,84,841,8412,"Regulation of the activities of providing health care, education, cultural",15,15,0,6,6,0,9,9,0,0,0,0,0,0,0,0,0,0
16,000,STATE - TRIPURA,84,841,8413,Regulation of and contribution to more efficient operation of,3,0,3,0,0,0,3,0,3,0,0,0,0,0,0,0,0,0
16,000,STATE - TRIPURA,84,842,8421,Foreign affairs,14,6,8,12,6,6,2,0,2,0,0,0,0,0,0,0,0,0
16,000,STATE - TRIPURA,84,842,8422,Defence activities,2186,2164,22,1556,1546,10,630,618,12,24,24,0,12,12,0,12,12,0
16,000,STATE - TRIPURA,84,842,8423,Public order and safety activities,584,561,23,358,344,14,226,217,9,2,2,0,2,2,0,0,0,0
16,000,STATE - TRIPURA,84,843,8430,Compulsory social security activities,2739,2588,151,1296,1246,50,1443,1342,101,26,24,2,18,18,0,8,6,2
16,000,STATE - TRIPURA,85,851,8510,Primary education,3307,2257,1050,1800,1266,534,1507,991,516,287,136,151,186,92,94,101,44,57
16,000,STATE - TRIPURA,85,852,8521,General secondary education,2379,1743,636,1218,944,274,1161,799,362,43,32,11,30,24,6,13,8,5
16,000,STATE - TRIPURA,85,852,8522,Technical and vocational secondary education,21,18,3,18,18,0,3,0,3,6,6,0,0,0,0,6,6,0
16,000,STATE - TRIPURA,85,853,8530,Higher education,178,145,33,38,36,2,140,109,31,18,12,6,12,6,6,6,6,0
16,000,STATE - TRIPURA,85,854,8541,Sports and recreation education,0,0,0,0,0,0,0,0,0,6,6,0,6,6,0,0,0,0
16,000,STATE - TRIPURA,85,854,8542,Cultural education,9,0,9,6,0,6,3,0,3,9,6,3,0,0,0,9,6,3
16,000,STATE - TRIPURA,85,854,8549,Other education n.e.c.,1898,1312,586,1050,702,348,848,610,238,975,586,389,666,390,276,309,196,113
16,000,STATE - TRIPURA,85,855,8550,Educational support services,821,418,403,416,186,230,405,232,173,48,6,42,30,0,30,18,6,12
16,000,STATE - TRIPURA,86,861,8610,Hospital activities,1218,609,609,428,186,242,790,423,367,66,10,56,34,4,30,32,6,26
16,000,STATE - TRIPURA,86,862,8620,Medical and dental practice activities,86,65,21,20,12,8,66,53,13,8,8,0,0,0,0,8,8,0
16,000,STATE - TRIPURA,86,869,8690,Other human health activities,1750,369,1381,1136,166,970,614,203,411,100,15,85,60,12,48,40,3,37
16,000,STATE - TRIPURA,87,873,8730,Residential care activities for the elderly and disabled,0,0,0,0,0,0,0,0,0,3,3,0,0,0,0,3,3,0
16,000,STATE - TRIPURA,88,881,8810,Social work activities without accommodation for the elderly and,52,20,32,16,6,10,36,14,22,4,0,4,4,0,4,0,0,0
16,000,STATE - TRIPURA,88,889,8890,Other social work activities without accommodation n.e.c.,560,93,467,396,54,342,164,39,125,41,13,28,20,6,14,21,7,14
16,000,STATE - TRIPURA,90,900,9000,"Dramatic arts, music and other arts activities",476,460,16,178,178,0,298,282,16,112,112,0,52,52,0,60,60,0
16,000,STATE - TRIPURA,91,910,9101,Library and archives activities,23,14,9,14,14,0,9,0,9,0,0,0,0,0,0,0,0,0
16,000,STATE - TRIPURA,91,910,9102,Museums activities and operation of historical sites and buildings,25,25,0,2,2,0,23,23,0,0,0,0,0,0,0,0,0,0
16,000,STATE - TRIPURA,91,910,9103,Botanical and zoological gardens and nature reserves activities,6,6,0,6,6,0,0,0,0,0,0,0,0,0,0,0,0,0
16,000,STATE - TRIPURA,93,931,9311,Operation of sports facilities,3,3,0,0,0,0,3,3,0,0,0,0,0,0,0,0,0,0
16,000,STATE - TRIPURA,93,931,9312,Activities of sports clubs,6,6,0,6,6,0,0,0,0,0,0,0,0,0,0,0,0,0
16,000,STATE - TRIPURA,93,931,9319,Other sports activities,9,9,0,6,6,0,3,3,0,0,0,0,0,0,0,0,0,0
16,000,STATE - TRIPURA,93,932,9329,Other amusement and recreation activities n.e.c.,171,166,5,94,94,0,77,72,5,56,54,2,14,14,0,42,40,2
16,000,STATE - TRIPURA,94,949,9491,Activities of religious organizations,43,34,9,22,20,2,21,14,7,6,6,0,6,6,0,0,0,0
16,000,STATE - TRIPURA,94,949,9492,Activities of political organizations,69,39,30,52,24,28,17,15,2,6,0,6,6,0,6,0,0,0
16,000,STATE - TRIPURA,94,949,9499,Activities of other membership organizations n.e.c.,9,7,2,2,2,0,7,5,2,0,0,0,0,0,0,0,0,0
16,000,STATE - TRIPURA,95,951,9511,Repair of computers and peripheral equipment,14,14,0,6,6,0,8,8,0,0,0,0,0,0,0,0,0,0
16,000,STATE - TRIPURA,95,951,9512,Repair of communication equipment,18,18,0,0,0,0,18,18,0,6,6,0,6,6,0,0,0,0
16,000,STATE - TRIPURA,95,952,9521,Repair of consumer electronics,23,23,0,18,18,0,5,5,0,2,2,0,0,0,0,2,2,0
16,000,STATE - TRIPURA,95,952,9522,Repair of household appliances and home and garden equipment,41,41,0,12,12,0,29,29,0,3,3,0,0,0,0,3,3,0
16,000,STATE - TRIPURA,95,952,9523,Repair of footwear and leather goods,131,131,0,30,30,0,101,101,0,4,4,0,2,2,0,2,2,0
16,000,STATE - TRIPURA,95,952,9529,"Repair of personal and household goods, n.e.c.",550,550,0,282,282,0,268,268,0,57,49,8,26,20,6,31,29,2
16,000,STATE - TRIPURA,96,960,9601,Washing and (dry-) cleaning of textile and fur products,464,435,29,152,148,4,312,287,25,39,30,9,24,18,6,15,12,3
16,000,STATE - TRIPURA,96,960,9602,Hairdressing and other beauty treatment,307,275,32,160,154,6,147,121,26,32,17,15,14,8,6,18,9,9
16,000,STATE - TRIPURA,96,960,9609,Other personal service activities n.e.c.,817,739,78,358,330,28,459,409,50,86,60,26,36,26,10,50,34,16
16,000,STATE - TRIPURA,97,970,9700,Activities of households as employers of domestic personnel,2463,309,2154,434,174,260,2029,135,1894,507,69,438,176,50,126,331,19,312
16,000,STATE - TRIPURA,98,981,9810,Undifferentiated goods-producing activities of private households for own,3,0,3,0,0,0,3,0,3,0,0,0,0,0,0,0,0,0
16,000,STATE - TRIPURA,98,982,9820,Undifferentiated service-producing activities of private households for own,11,6,5,8,6,2,3,0,3,0,0,0,0,0,0,0,0,0
09,000,STATE - UTTAR PRADESH,01,011,0111,"Growing of cereals (except rice), leguminous crops and oil seeds",522,448,74,456,386,70,66,62,4,547,387,160,538,378,160,9,9,0
09,000,STATE - UTTAR PRADESH,01,011,0112,Growing of rice,2,2,0,2,2,0,0,0,0,0,0,0,0,0,0,0,0,0
09,000,STATE - UTTAR PRADESH,01,011,0113,"Growing of vegetables and melons, roots and tubers",12,10,2,12,10,2,0,0,0,16,9,7,16,9,7,0,0,0
09,000,STATE - UTTAR PRADESH,01,011,0115,Growing of tobacco,0,0,0,0,0,0,0,0,0,1,0,1,1,0,1,0,0,0
09,000,STATE - UTTAR PRADESH,01,011,0116,Growing of fibre crops,3,3,0,1,1,0,2,2,0,0,0,0,0,0,0,0,0,0
09,000,STATE - UTTAR PRADESH,01,011,0119,Growing of other non-perennial crop,2,2,0,0,0,0,2,2,0,0,0,0,0,0,0,0,0,0
09,000,STATE - UTTAR PRADESH,01,012,0127,Growing of beverage crops,1,1,0,1,1,0,0,0,0,0,0,0,0,0,0,0,0,0
09,000,STATE - UTTAR PRADESH,01,012,0128,"Growing of spices, aromatic, drug and pharmaceutical crops",2,2,0,2,2,0,0,0,0,0,0,0,0,0,0,0,0,0
09,000,STATE - UTTAR PRADESH,01,012,0129,Growing of other perennial crops,3,1,2,3,1,2,0,0,0,0,0,0,0,0,0,0,0,0
09,000,STATE - UTTAR PRADESH,01,013,0130,Plant propagation,4,4,0,2,2,0,2,2,0,5,3,2,5,3,2,0,0,0
09,000,STATE - UTTAR PRADESH,01,014,0141,Raising of cattle and buffaloes,392,251,141,362,229,133,30,22,8,491,199,292,475,185,290,16,14,2
09,000,STATE - UTTAR PRADESH,01,014,0143,Raising and breeding of camels and camelids,0,0,0,0,0,0,0,0,0,2,0,2,2,0,2,0,0,0
09,000,STATE - UTTAR PRADESH,01,014,0144,Raising of sheep and goats,125,77,48,125,77,48,0,0,0,235,94,141,223,90,133,12,4,8
09,000,STATE - UTTAR PRADESH,01,014,0145,Raising of swine/pigs,2,2,0,2,2,0,0,0,0,0,0,0,0,0,0,0,0,0
09,000,STATE - UTTAR PRADESH,01,014,0146,Raising of poultry,12,9,3,12,9,3,0,0,0,17,12,5,15,10,5,2,2,0
09,000,STATE - UTTAR PRADESH,01,014,0149,Raising of other animals,41,26,15,27,12,15,14,14,0,27,11,16,19,7,12,8,4,4
09,000,STATE - UTTAR PRADESH,01,015,0150,Mixed farming,77,60,17,76,59,17,1,1,0,56,32,24,54,30,24,2,2,0
09,000,STATE - UTTAR PRADESH,01,016,0161,Support activities for crop production,919,774,145,822,685,137,97,89,8,1217,828,389,1164,779,385,53,49,4
09,000,STATE - UTTAR PRADESH,01,016,0162,Support activities for animal production,11,5,6,9,3,6,2,2,0,24,1,23,22,1,21,2,0,2
09,000,STATE - UTTAR PRADESH,01,016,0163,Post-harvest crop activities,88,74,14,68,54,14,20,20,0,114,69,45,105,64,41,9,5,4
09,000,STATE - UTTAR PRADESH,02,021,0210,Silviculture and other forestry activities,50,47,3,44,41,3,6,6,0,29,19,10,29,19,10,0,0,0
09,000,STATE - UTTAR PRADESH,02,022,0220,Logging,175,68,107,161,54,107,14,14,0,94,40,54,70,20,50,24,20,4
09,000,STATE - UTTAR PRADESH,02,023,0230,Gathering of non-wood forest products,43,17,26,35,11,24,8,6,2,63,20,43,63,20,43,0,0,0
09,000,STATE - UTTAR PRADESH,02,024,0240,Support services to forestry,154,148,6,138,134,4,16,14,2,33,22,11,31,20,11,2,2,0
09,000,STATE - UTTAR PRADESH,03,031,0311,Marine fishing,11,7,4,11,7,4,0,0,0,3,1,2,1,1,0,2,0,2
09,000,STATE - UTTAR PRADESH,03,031,0312,Freash water fishing,15,7,8,13,5,8,2,2,0,2,2,0,2,2,0,0,0,0
09,000,STATE - UTTAR PRADESH,03,032,0321,Marine aquaculture,5,5,0,5,5,0,0,0,0,7,6,1,5,4,1,2,2,0
09,000,STATE - UTTAR PRADESH,03,032,0322,Freshwater aquaculture,26,23,3,14,11,3,12,12,0,4,4,0,4,4,0,0,0,0
09,000,STATE - UTTAR PRADESH,05,051,0510,Mining of hard coal,191,182,9,136,129,7,55,53,2,32,32,0,24,24,0,8,8,0
09,000,STATE - UTTAR PRADESH,05,052,0520,Mining of lignite,25,25,0,25,25,0,0,0,0,1,0,1,1,0,1,0,0,0
09,000,STATE - UTTAR PRADESH,08,081,0810,"Quarrying of stone, sand and clay",1611,1459,152,1553,1405,148,58,54,4,775,665,110,697,609,88,78,56,22
09,000,STATE - UTTAR PRADESH,08,089,0892,Extraction and agglomeration of peat,1,1,0,1,1,0,0,0,0,0,0,0,0,0,0,0,0,0
09,000,STATE - UTTAR PRADESH,08,089,0899,Other mining and quarrying n.e.c.,840,777,63,752,701,51,88,76,12,390,324,66,360,298,62,30,26,4
09,000,STATE - UTTAR PRADESH,09,091,0910,Support activities for petroleum and natural gas mining,2,2,0,0,0,0,2,2,0,0,0,0,0,0,0,0,0,0
09,000,STATE - UTTAR PRADESH,09,099,0990,Support activities for other mining and quarrying,4,2,2,0,0,0,4,2,2,0,0,0,0,0,0,0,0,0
09,000,STATE - UTTAR PRADESH,10,101,1010,Processing and preserving of meat,18,16,2,16,14,2,2,2,0,14,5,9,14,5,9,0,0,0
09,000,STATE - UTTAR PRADESH,10,102,1020,"Processing and preserving of fish, crustaceans and molluscs and",3,2,1,3,2,1,0,0,0,6,6,0,6,6,0,0,0,0
09,000,STATE - UTTAR PRADESH,10,103,1030,Processing and preserving of fruit and vegetables,51,47,4,29,25,4,22,22,0,36,29,7,28,25,3,8,4,4
09,000,STATE - UTTAR PRADESH,10,104,1040,Manufacture of vegetable and animal oils and fats,27,26,1,23,22,1,4,4,0,10,8,2,10,8,2,0,0,0
09,000,STATE - UTTAR PRADESH,10,105,1050,Manufacture of dairy products,400,249,151,268,181,87,132,68,64,527,236,291,469,202,267,58,34,24
09,000,STATE - UTTAR PRADESH,10,106,1061,Manufacture of grain mill products,1499,904,595,1373,817,556,126,87,39,1739,980,759,1683,941,742,56,39,17
09,000,STATE - UTTAR PRADESH,10,106,1062,Manufacture of starches and starch products,2,2,0,2,2,0,0,0,0,2,0,2,0,0,0,2,0,2
09,000,STATE - UTTAR PRADESH,10,107,1071,Manufacture of bakery products,100,70,30,40,38,2,60,32,28,39,25,14,20,16,4,19,9,10
09,000,STATE - UTTAR PRADESH,10,107,1072,Manufacture of sugar,151,151,0,137,137,0,14,14,0,76,73,3,69,66,3,7,7,0
09,000,STATE - UTTAR PRADESH,10,107,1073,"Manufacture of cocoa, chocolate and sugar confectionery",175,168,7,115,112,3,60,56,4,107,101,6,74,70,4,33,31,2
09,000,STATE - UTTAR PRADESH,10,107,1075,Manufacture of prepared meals and dishes,420,386,34,339,313,26,81,73,8,197,156,41,172,137,35,25,19,6
09,000,STATE - UTTAR PRADESH,10,107,1079,Manufacture of other food products n.e.c.,359,248,111,292,201,91,67,47,20,244,130,114,212,104,108,32,26,6
09,000,STATE - UTTAR PRADESH,10,108,1080,Manufacture of prepared animal feeds,1,0,1,1,0,1,0,0,0,3,3,0,3,3,0,0,0,0
09,000,STATE - UTTAR PRADESH,11,110,1101,"Distilling, rectifying and blending of spirits; ethyl alcohol production",1,1,0,1,1,0,0,0,0,0,0,0,0,0,0,0,0,0
09,000,STATE - UTTAR PRADESH,11,110,1102,Manufacture of wines,1,1,0,1,1,0,0,0,0,0,0,0,0,0,0,0,0,0
09,000,STATE - UTTAR PRADESH,11,110,1103,Manufacture of malt liquors and malt,0,0,0,0,0,0,0,0,0,2,2,0,2,2,0,0,0,0
09,000,STATE - UTTAR PRADESH,11,110,1104,Manufacture of soft drinks; production of mineral waters and other,10,10,0,7,7,0,3,3,0,2,2,0,2,2,0,0,0,0
09,000,STATE - UTTAR PRADESH,12,120,1200,Manufacture of tobacco products,65,36,29,31,18,13,34,18,16,65,22,43,43,14,29,22,8,14
09,000,STATE - UTTAR PRADESH,13,131,1311,Preparation and spinning of textile fibres,580,494,86,494,422,72,86,72,14,1508,1170,338,1396,1074,322,112,96,16
09,000,STATE - UTTAR PRADESH,13,131,1312,Weaving of textiles,469,434,35,287,270,17,182,164,18,98,86,12,74,64,10,24,22,2
09,000,STATE - UTTAR PRADESH,13,131,1313,Finishing of textiles,116,115,1,64,63,1,52,52,0,34,27,7,22,17,5,12,10,2
09,000,STATE - UTTAR PRADESH,13,139,1391,Manufacture of knitted and crocheted fabrics,4,4,0,4,4,0,0,0,0,0,0,0,0,0,0,0,0,0
09,000,STATE - UTTAR PRADESH,13,139,1392,"Manufacture of made-up textile articles, except apparel",5,5,0,5,5,0,0,0,0,4,4,0,4,4,0,0,0,0
09,000,STATE - UTTAR PRADESH,13,139,1393,Manufacture of carpets and rugs,320,309,11,286,281,5,34,28,6,221,207,14,203,193,10,18,14,4
09,000,STATE - UTTAR PRADESH,13,139,1394,"Manufacture of cordage, rope, twine and netting",75,59,16,55,41,14,20,18,2,47,10,37,25,10,15,22,0,22
09,000,STATE - UTTAR PRADESH,13,139,1399,Manufacture of other textiles n.e.c.,287,258,29,83,72,11,204,186,18,298,263,35,53,37,16,245,226,19
09,000,STATE - UTTAR PRADESH,14,141,1410,"Manufacture of wearing apparel, except fur apparel",797,675,122,541,453,88,256,222,34,371,233,138,282,174,108,89,59,30
09,000,STATE - UTTAR PRADESH,14,142,1420,Manufacture of articles of fur,1,1,0,1,1,0,0,0,0,0,0,0,0,0,0,0,0,0
09,000,STATE - UTTAR PRADESH,14,143,1430,Manufacture of knitted and crocheted apparel,7,7,0,5,5,0,2,2,0,6,6,0,6,6,0,0,0,0
09,000,STATE - UTTAR PRADESH,15,151,1511,Tanning and dressing of leather; dressing and dyeing of fur,8,8,0,6,6,0,2,2,0,0,0,0,0,0,0,0,0,0
09,000,STATE - UTTAR PRADESH,15,151,1512,"Manufacture of luggage, handbags and the like, saddlery and harness",5,5,0,0,0,0,5,5,0,2,2,0,0,0,0,2,2,0
09,000,STATE - UTTAR PRADESH,15,152,1520,Manufacture of footwear,223,209,14,31,31,0,192,178,14,52,48,4,0,0,0,52,48,4
09,000,STATE - UTTAR PRADESH,16,161,1610,Saw milling and planing of wood,65,63,2,41,39,2,24,24,0,46,31,15,38,25,13,8,6,2
09,000,STATE - UTTAR PRADESH,16,162,1621,"Manufacture of veneer sheets; manufacture of plywood, laminboard,",12,12,0,4,4,0,8,8,0,7,7,0,3,3,0,4,4,0
09,000,STATE - UTTAR PRADESH,16,162,1622,Manufacture of builders carpentry and joinery,313,308,5,255,250,5,58,58,0,139,129,10,124,118,6,15,11,4
09,000,STATE - UTTAR PRADESH,16,162,1623,Manufacture of wooden containers,36,18,18,28,14,14,8,4,4,40,19,21,30,15,15,10,4,6
09,000,STATE - UTTAR PRADESH,16,162,1629,"Manufacture of other products of wood; manufacture of articles of cork,",162,124,38,88,66,22,74,58,16,204,105,99,192,99,93,12,6,6
09,000,STATE - UTTAR PRADESH,17,170,1701,"Manufacture of pulp, paper and paperboard",17,17,0,13,13,0,4,4,0,2,2,0,2,2,0,0,0,0
09,000,STATE - UTTAR PRADESH,17,170,1702,Manufacture of corrugated paper and paperboard and containers of,12,12,0,8,8,0,4,4,0,4,2,2,0,0,0,4,2,2
09,000,STATE - UTTAR PRADESH,17,170,1709,Manufacture of other articles of paper and paperboard,14,12,2,12,12,0,2,0,2,13,11,2,9,9,0,4,2,2
09,000,STATE - UTTAR PRADESH,18,181,1811,Printing,73,71,2,29,29,0,44,42,2,8,8,0,8,8,0,0,0,0
09,000,STATE - UTTAR PRADESH,18,181,1812,Service activities related to printing,59,54,5,15,14,1,44,40,4,2,2,0,0,0,0,2,2,0
09,000,STATE - UTTAR PRADESH,19,191,1910,Manufacture of coke oven products,2,2,0,2,2,0,0,0,0,1,1,0,1,1,0,0,0,0
09,000,STATE - UTTAR PRADESH,19,192,1920,Manufacture of refined petroleum products,11,9,2,1,1,0,10,8,2,3,2,1,3,2,1,0,0,0
09,000,STATE - UTTAR PRADESH,20,201,2011,Manufacture of basic chemicals,47,47,0,15,15,0,32,32,0,5,5,0,3,3,0,2,2,0
09,000,STATE - UTTAR PRADESH,20,201,2012,Manufacture of fertilizers and nitrogen compounds,6,6,0,2,2,0,4,4,0,2,2,0,2,2,0,0,0,0
09,000,STATE - UTTAR PRADESH,20,202,2021,Manufacture of pesticides and other agrochemical products,22,22,0,14,14,0,8,8,0,2,1,1,2,1,1,0,0,0
09,000,STATE - UTTAR PRADESH,20,202,2022,"Manufacture of paints, varnishes and similar coatings, printing ink and",16,16,0,3,3,0,13,13,0,15,12,3,12,9,3,3,3,0
09,000,STATE - UTTAR PRADESH,20,202,2023,"Manufacture of soap and detergents, cleaning and polishing preparations,",58,50,8,37,30,7,21,20,1,16,4,12,11,4,7,5,0,5
09,000,STATE - UTTAR PRADESH,20,202,2029,Manufacture of other chemical products n.e.c.,7,5,2,1,1,0,6,4,2,4,4,0,4,4,0,0,0,0
09,000,STATE - UTTAR PRADESH,21,210,2100,"Manufacture of pharmaceuticals, medicinal chemical and botanical",19,18,1,15,14,1,4,4,0,7,7,0,5,5,0,2,2,0
09,000,STATE - UTTAR PRADESH,22,221,2211,Manufacture of rubber tyres and tubes; retreading and rebuilding of,7,7,0,3,3,0,4,4,0,6,6,0,2,2,0,4,4,0
09,000,STATE - UTTAR PRADESH,22,221,2219,Manufacture of other rubber products,11,11,0,9,9,0,2,2,0,2,2,0,2,2,0,0,0,0
09,000,STATE - UTTAR PRADESH,22,222,2220,Manufacture of plastics products,56,53,3,34,33,1,22,20,2,25,23,2,25,23,2,0,0,0
09,000,STATE - UTTAR PRADESH,23,231,2310,Manufacture of glass and glass products,447,255,192,15,13,2,432,242,190,45,33,12,5,5,0,40,28,12
09,000,STATE - UTTAR PRADESH,23,239,2391,Manufacture of refractory products,51,49,2,37,35,2,14,14,0,60,55,5,60,55,5,0,0,0
09,000,STATE - UTTAR PRADESH,23,239,2392,Manufacture of clay building materials,958,686,272,919,655,264,39,31,8,1387,915,472,1379,909,470,8,6,2
09,000,STATE - UTTAR PRADESH,23,239,2393,Manufacture of other porcelain and ceramic products,56,46,10,38,34,4,18,12,6,26,16,10,24,16,8,2,0,2
09,000,STATE - UTTAR PRADESH,23,239,2394,"Manufacture of cement, lime and plaster",284,271,13,250,237,13,34,34,0,189,174,15,181,168,13,8,6,2
09,000,STATE - UTTAR PRADESH,23,239,2395,"Manufacture of articles of concrete, cement and plaster",31,29,2,27,25,2,4,4,0,5,5,0,5,5,0,0,0,0
09,000,STATE - UTTAR PRADESH,23,239,2396,"Cutting, shaping and finishing of stone",110,80,30,48,38,10,62,42,20,37,32,5,35,30,5,2,2,0
09,000,STATE - UTTAR PRADESH,23,239,2399,Manufacture of other non-metallic mineral products n.e.c.,2,0,2,0,0,0,2,0,2,4,4,0,4,4,0,0,0,0
09,000,STATE - UTTAR PRADESH,24,241,2410,Manufacture of basic iron and steel,158,158,0,138,138,0,20,20,0,55,53,2,47,45,2,8,8,0
09,000,STATE - UTTAR PRADESH,24,242,2420,Manufacture of basic precious and other non-ferrous metals,205,198,7,57,54,3,148,144,4,33,29,4,25,23,2,8,6,2
09,000,STATE - UTTAR PRADESH,24,243,2431,Casting of iron and steel,51,51,0,37,37,0,14,14,0,11,11,0,11,11,0,0,0,0
09,000,STATE - UTTAR PRADESH,24,243,2432,Casting of non-ferrous metals,12,12,0,6,6,0,6,6,0,0,0,0,0,0,0,0,0,0
09,000,STATE - UTTAR PRADESH,25,251,2511,Manufacture of structural metal products,45,45,0,20,20,0,25,25,0,35,33,2,23,23,0,12,10,2
09,000,STATE - UTTAR PRADESH,25,251,2512,"Manufacture of tanks, reservoirs and containers of metal",4,4,0,4,4,0,0,0,0,2,2,0,2,2,0,0,0,0
09,000,STATE - UTTAR PRADESH,25,252,2520,Manufacture of weapons and ammunition,6,6,0,2,2,0,4,4,0,0,0,0,0,0,0,0,0,0
09,000,STATE - UTTAR PRADESH,25,259,2591,"Forging, pressing, stamping and roll-forming of metal; powder",8,8,0,8,8,0,0,0,0,2,2,0,2,2,0,0,0,0
09,000,STATE - UTTAR PRADESH,25,259,2592,Machining; treatment and coating of metals,1,1,0,1,1,0,0,0,0,2,2,0,0,0,0,2,2,0
09,000,STATE - UTTAR PRADESH,25,259,2593,"Manufacture of cutlery, hand tools and general hardware",212,182,30,151,131,20,61,51,10,105,86,19,99,80,19,6,6,0
09,000,STATE - UTTAR PRADESH,25,259,2599,Manufacture of other fabricated metal products n.e.c.,214,204,10,171,165,6,43,39,4,111,107,4,95,95,0,16,12,4
09,000,STATE - UTTAR PRADESH,26,261,2610,Manufacture of electronic components,3,3,0,3,3,0,0,0,0,2,2,0,0,0,0,2,2,0
09,000,STATE - UTTAR PRADESH,26,262,2620,Manufacture of computers and peripheral equipment,2,2,0,0,0,0,2,2,0,0,0,0,0,0,0,0,0,0
09,000,STATE - UTTAR PRADESH,26,263,2630,Manufacture of communication equipment,9,9,0,7,7,0,2,2,0,5,5,0,5,5,0,0,0,0
09,000,STATE - UTTAR PRADESH,26,264,2640,Manufacture of consumer electronics,2,2,0,0,0,0,2,2,0,2,2,0,2,2,0,0,0,0
09,000,STATE - UTTAR PRADESH,26,265,2651,"Manufacture of measuring, testing, navigating and control equipment",7,5,2,1,1,0,6,4,2,4,2,2,2,2,0,2,0,2
09,000,STATE - UTTAR PRADESH,26,265,2652,Manufacture of watches and clocks,4,4,0,0,0,0,4,4,0,2,2,0,2,2,0,0,0,0
09,000,STATE - UTTAR PRADESH,27,271,2710,"Manufacture of electric motors, generators, transformers and electricity",60,60,0,48,48,0,12,12,0,17,17,0,17,17,0,0,0,0
09,000,STATE - UTTAR PRADESH,27,272,2720,Manufacture of batteries and accumulators,7,7,0,5,5,0,2,2,0,0,0,0,0,0,0,0,0,0
09,000,STATE - UTTAR PRADESH,27,273,2732,Manufacture of other electronic and electric wires and cables,28,22,6,2,2,0,26,20,6,3,3,0,1,1,0,2,2,0
09,000,STATE - UTTAR PRADESH,27,273,2733,Manufacture of wiring devices,12,12,0,8,8,0,4,4,0,3,3,0,3,3,0,0,0,0
09,000,STATE - UTTAR PRADESH,27,274,2740,Manufacture of electric lighting equipment,22,22,0,20,20,0,2,2,0,4,2,2,4,2,2,0,0,0
09,000,STATE - UTTAR PRADESH,27,275,2750,Manufacture of domestic appliances,21,20,1,11,10,1,10,10,0,3,3,0,3,3,0,0,0,0
09,000,STATE - UTTAR PRADESH,27,279,2790,Manufacture of other electrical equipment,6,6,0,6,6,0,0,0,0,2,0,2,2,0,2,0,0,0
09,000,STATE - UTTAR PRADESH,28,281,2811,"Manufacture of engines and turbines, except aircraft, vehicle and cycle",0,0,0,0,0,0,0,0,0,1,1,0,1,1,0,0,0,0
09,000,STATE - UTTAR PRADESH,28,281,2813,"Manufacture of other pumps, compressors, taps and valves",6,6,0,0,0,0,6,6,0,6,6,0,6,6,0,0,0,0
09,000,STATE - UTTAR PRADESH,28,281,2814,"Manufacture of bearings, gears, gearing and driving elements",2,2,0,2,2,0,0,0,0,0,0,0,0,0,0,0,0,0
09,000,STATE - UTTAR PRADESH,28,281,2817,Manufacture of office machinery and equipment,1,1,0,1,1,0,0,0,0,0,0,0,0,0,0,0,0,0
09,000,STATE - UTTAR PRADESH,28,281,2819,Manufacture of other general-purpose machinery,5,3,2,3,3,0,2,0,2,6,6,0,4,4,0,2,2,0
09,000,STATE - UTTAR PRADESH,28,282,2821,Manufacture of agricultural and forestry machinery,1,1,0,1,1,0,0,0,0,2,1,1,2,1,1,0,0,0
09,000,STATE - UTTAR PRADESH,28,282,2822,Manufacture of metal-forming machinery and machine tools,10,10,0,10,10,0,0,0,0,11,9,2,7,5,2,4,4,0
09,000,STATE - UTTAR PRADESH,28,282,2824,"Manufacture of machinery for mining, quarrying and construction",9,7,2,7,5,2,2,2,0,1,1,0,1,1,0,0,0,0
09,000,STATE - UTTAR PRADESH,28,282,2825,"Manufacture of machinery for food, beverage and tobacco processing",3,3,0,3,3,0,0,0,0,0,0,0,0,0,0,0,0,0
09,000,STATE - UTTAR PRADESH,28,282,2826,"Manufacture of machinery for textile, apparel and leather production",66,66,0,60,60,0,6,6,0,5,5,0,3,3,0,2,2,0
09,000,STATE - UTTAR PRADESH,28,282,2829,Manufacture of other special-purpose machinery,2,2,0,0,0,0,2,2,0,0,0,0,0,0,0,0,0,0
09,000,STATE - UTTAR PRADESH,29,291,2910,Manufacture of motor vehicles,4,4,0,4,4,0,0,0,0,0,0,0,0,0,0,0,0,0
09,000,STATE - UTTAR PRADESH,29,292,2920,Manufacture of bodies (coachwork) for motor vehicles; manufacture of trailers and semi-trailers,6,6,0,2,2,0,4,4,0,2,2,0,2,2,0,0,0,0
09,000,STATE - UTTAR PRADESH,29,293,2930,Manufacture of parts and accessories for motor vehicles,1,1,0,1,1,0,0,0,0,0,0,0,0,0,0,0,0,0
09,000,STATE - UTTAR PRADESH,30,301,3011,Building of ships and floating structures,4,4,0,4,4,0,0,0,0,3,3,0,3,3,0,0,0,0
09,000,STATE - UTTAR PRADESH,30,302,3020,Manufacture of railway locomotives and rolling stock,71,69,2,33,31,2,38,38,0,23,17,6,23,17,6,0,0,0
09,000,STATE - UTTAR PRADESH,30,303,3030,Manufacture of air and spacecraft and related machinery,2,2,0,0,0,0,2,2,0,1,0,1,1,0,1,0,0,0
09,000,STATE - UTTAR PRADESH,30,304,3040,Manufacture of weapons and ammunition,32,30,2,8,8,0,24,22,2,4,4,0,0,0,0,4,4,0
09,000,STATE - UTTAR PRADESH,30,309,3091,Manufacture of motorcycles,3,3,0,3,3,0,0,0,0,4,3,1,4,3,1,0,0,0
09,000,STATE - UTTAR PRADESH,30,309,3092,Manufacture of bicycles and invalid carriages,4,4,0,2,2,0,2,2,0,0,0,0,0,0,0,0,0,0
09,000,STATE - UTTAR PRADESH,30,309,3099,Manufacture of other transport equipment n.e.c.,167,167,0,125,125,0,42,42,0,141,129,12,119,109,10,22,20,2
09,000,STATE - UTTAR PRADESH,31,310,3100,Manufacture of furniture,174,173,1,107,106,1,67,67,0,89,85,4,72,72,0,17,13,4
09,000,STATE - UTTAR PRADESH,32,321,3211,Manufacture of jewellery and related articles,89,85,4,35,31,4,54,54,0,40,26,14,28,14,14,12,12,0
09,000,STATE - UTTAR PRADESH,32,321,3212,Manufacture of imitation jewellery and related articles,6,2,4,4,0,4,2,2,0,8,0,8,8,0,8,0,0,0
09,000,STATE - UTTAR PRADESH,32,322,3220,Manufacture of musical instruments,2,2,0,2,2,0,0,0,0,2,2,0,2,2,0,0,0,0
09,000,STATE - UTTAR PRADESH,32,323,3230,Manufacture of sports goods,0,0,0,0,0,0,0,0,0,4,4,0,2,2,0,2,2,0
09,000,STATE - UTTAR PRADESH,32,324,3240,Manufacture of games and toys,11,9,2,1,1,0,10,8,2,7,1,6,2,0,2,5,1,4
09,000,STATE - UTTAR PRADESH,32,325,3250,Manufacture of medical and dental instruments and supplies,20,14,6,18,12,6,2,2,0,14,4,10,14,4,10,0,0,0
09,000,STATE - UTTAR PRADESH,32,329,3290,Other manufacturing n.e.c.,594,553,41,407,378,29,187,175,12,357,278,79,294,235,59,63,43,20
09,000,STATE - UTTAR PRADESH,33,331,3311,Repair of fabricated metal products,89,89,0,71,71,0,18,18,0,45,43,2,40,38,2,5,5,0
09,000,STATE - UTTAR PRADESH,33,331,3312,Repair of machinery,35,35,0,27,27,0,8,8,0,19,15,4,15,13,2,4,2,2
09,000,STATE - UTTAR PRADESH,33,331,3313,Repair of electronic and optical equipment,10,10,0,2,2,0,8,8,0,2,2,0,2,2,0,0,0,0
09,000,STATE - UTTAR PRADESH,33,331,3314,Repair of electrical equipment,113,113,0,66,66,0,47,47,0,54,50,4,39,35,4,15,15,0
09,000,STATE - UTTAR PRADESH,33,331,3315,"Repair of transport equipment, except motor vehicles",25,25,0,11,11,0,14,14,0,12,12,0,12,12,0,0,0,0
09,000,STATE - UTTAR PRADESH,33,331,3319,Repair of other equipment,9,9,0,7,7,0,2,2,0,7,7,0,7,7,0,0,0,0
09,000,STATE - UTTAR PRADESH,33,332,3320,Installation of industrial machinery and equipment,2,2,0,2,2,0,0,0,0,0,0,0,0,0,0,0,0,0
09,000,STATE - UTTAR PRADESH,35,351,3510,"Electric power generation, transmission and distribution",1168,1087,81,777,724,53,391,363,28,474,446,28,442,416,26,32,30,2
09,000,STATE - UTTAR PRADESH,35,352,3520,Manufacture of gas; distribution of gaseous fuels through mains,18,16,2,16,14,2,2,2,0,4,4,0,4,4,0,0,0,0
09,000,STATE - UTTAR PRADESH,36,360,3600,"Water collection, treatment and supply",146,135,11,99,94,5,47,41,6,10,10,0,10,10,0,0,0,0
09,000,STATE - UTTAR PRADESH,37,370,3700,Sewerage,0,0,0,0,0,0,0,0,0,8,8,0,0,0,0,8,8,0
09,000,STATE - UTTAR PRADESH,38,381,3811,Collection of non-hazardous waste,101,93,8,13,13,0,88,80,8,56,44,12,11,11,0,45,33,12
09,000,STATE - UTTAR PRADESH,38,381,3812,Collection of hazardous waste,17,15,2,7,7,0,10,8,2,34,24,10,11,7,4,23,17,6
09,000,STATE - UTTAR PRADESH,38,382,3821,Treatment and disposal of non-hazardous waste,4,4,0,0,0,0,4,4,0,0,0,0,0,0,0,0,0,0
09,000,STATE - UTTAR PRADESH,41,410,4100,Construction of buildings,6845,6258,587,4955,4555,400,1890,1703,187,5613,4798,815,4623,3919,704,990,879,111
09,000,STATE - UTTAR PRADESH,42,421,4210,Construction roads and railways,2545,1937,608,2458,1862,596,87,75,12,4085,2774,1311,4002,2707,1295,83,67,16
09,000,STATE - UTTAR PRADESH,42,422,4220,Construction of utility projects,195,172,23,151,134,17,44,38,6,162,107,55,162,107,55,0,0,0
09,000,STATE - UTTAR PRADESH,42,429,4290,Construction of other civil engineering projects,352,295,57,222,179,43,130,116,14,510,375,135,362,241,121,148,134,14
09,000,STATE - UTTAR PRADESH,43,431,4312,Site preparation,7,5,2,7,5,2,0,0,0,2,2,0,2,2,0,0,0,0
09,000,STATE - UTTAR PRADESH,43,432,4321,Electrical installation,76,76,0,50,50,0,26,26,0,27,27,0,16,16,0,11,11,0
09,000,STATE - UTTAR PRADESH,43,432,4322,"Plumbing, heat and air-conditioning installation",73,70,3,55,52,3,18,18,0,133,98,35,117,82,35,16,16,0
09,000,STATE - UTTAR PRADESH,43,432,4329,Other construction installation,1867,1492,375,1532,1199,333,335,293,42,2598,1950,648,2387,1778,609,211,172,39
09,000,STATE - UTTAR PRADESH,43,433,4330,Building completion and finishing,481,464,17,375,364,11,106,100,6,342,317,25,289,266,23,53,51,2
09,000,STATE - UTTAR PRADESH,43,439,4390,Other specialized construction activities,16,16,0,14,14,0,2,2,0,6,6,0,4,4,0,2,2,0
09,000,STATE - UTTAR PRADESH,45,451,4510,Sale of motor vehicles,4,4,0,2,2,0,2,2,0,0,0,0,0,0,0,0,0,0
09,000,STATE - UTTAR PRADESH,45,452,4520,Maintenance and repair of motor vehicles,193,190,3,110,109,1,83,81,2,46,42,4,28,28,0,18,14,4
09,000,STATE - UTTAR PRADESH,45,453,4530,Sale of motor vehicle parts and accessories,21,21,0,7,7,0,14,14,0,7,7,0,1,1,0,6,6,0
09,000,STATE - UTTAR PRADESH,45,454,4540,"Sale, maintenance and repair of motorcycles and related parts and",75,74,1,41,40,1,34,34,0,17,17,0,13,13,0,4,4,0
09,000,STATE - UTTAR PRADESH,46,461,4610,Wholesale on a fee or contract basis,39,39,0,15,15,0,24,24,0,11,8,3,7,4,3,4,4,0
09,000,STATE - UTTAR PRADESH,46,462,4620,Wholesale of agricultural raw materials and live animals,82,78,4,52,52,0,30,26,4,52,36,16,31,19,12,21,17,4
09,000,STATE - UTTAR PRADESH,46,463,4630,"Wholesale of food, beverages and tobacco",109,103,6,66,62,4,43,41,2,35,31,4,25,23,2,10,8,2
09,000,STATE - UTTAR PRADESH,46,464,4641,"Wholesale of textiles, clothing and footwear",30,28,2,14,14,0,16,14,2,4,4,0,2,2,0,2,2,0
09,000,STATE - UTTAR PRADESH,46,464,4649,Wholesale of other household goods,74,74,0,34,34,0,40,40,0,15,13,2,11,9,2,4,4,0
09,000,STATE - UTTAR PRADESH,46,465,4651,"Wholesale of computers, computer peripheral equipment and software",2,2,0,2,2,0,0,0,0,0,0,0,0,0,0,0,0,0
09,000,STATE - UTTAR PRADESH,46,465,4652,Wholesale of electronic and telecommunications equipment and parts,10,10,0,8,8,0,2,2,0,1,0,1,1,0,1,0,0,0
09,000,STATE - UTTAR PRADESH,46,465,4653,"Wholesale of agricultural machinery, equipment and supplies",0,0,0,0,0,0,0,0,0,2,2,0,2,2,0,0,0,0
09,000,STATE - UTTAR PRADESH,46,465,4659,Wholesale of other machinery and equipment,7,6,1,7,6,1,0,0,0,3,3,0,3,3,0,0,0,0
09,000,STATE - UTTAR PRADESH,46,466,4661,"Wholesale of solid, liquid and gaseous fuels and related products",4,4,0,0,0,0,4,4,0,0,0,0,0,0,0,0,0,0
09,000,STATE - UTTAR PRADESH,46,466,4663,"Wholesale of construction materials, hardware, plumbing and heating",7,5,2,3,3,0,4,2,2,16,16,0,14,14,0,2,2,0
09,000,STATE - UTTAR PRADESH,46,466,4669,Wholesale of waste and scrap and other products n.e.c.,133,129,4,31,31,0,102,98,4,77,51,26,38,26,12,39,25,14
09,000,STATE - UTTAR PRADESH,46,469,4690,Non-specialized wholesale trade,179,169,10,39,37,2,140,132,8,35,35,0,13,13,0,22,22,0
09,000,STATE - UTTAR PRADESH,47,471,4711,"Retail sale in non-specialized stores with food, beverages or tobacco",80,79,1,50,49,1,30,30,0,19,16,3,12,11,1,7,5,2
09,000,STATE - UTTAR PRADESH,47,471,4719,Other retail sale in non-specialized stores,305,277,28,148,130,18,157,147,10,90,77,13,52,43,9,38,34,4
09,000,STATE - UTTAR PRADESH,47,472,4721,Retail sale of food in specialized stores,2332,2169,163,1575,1463,112,757,706,51,669,609,60,489,438,51,180,171,9
09,000,STATE - UTTAR PRADESH,47,472,4722,Retail sale of beverages in specialized stores,11,11,0,7,7,0,4,4,0,3,3,0,3,3,0,0,0,0
09,000,STATE - UTTAR PRADESH,47,472,4723,Retail sale of tobacco products in specialized stores,257,243,14,143,134,9,114,109,5,46,45,1,40,39,1,6,6,0
09,000,STATE - UTTAR PRADESH,47,473,4730,Retail sale of automotive fuel in specialized stores,35,35,0,27,27,0,8,8,0,5,5,0,5,5,0,0,0,0
09,000,STATE - UTTAR PRADESH,47,474,4741,"Retail sale of computers, peripheral units, software and",60,60,0,38,38,0,22,22,0,6,6,0,4,4,0,2,2,0
09,000,STATE - UTTAR PRADESH,47,474,4742,Retail sale of audio and video equipment in specialized stores,2,2,0,0,0,0,2,2,0,0,0,0,0,0,0,0,0,0
09,000,STATE - UTTAR PRADESH,47,475,4751,Retail sale of textiles in specialized stores,142,140,2,74,74,0,68,66,2,39,35,4,13,13,0,26,22,4
09,000,STATE - UTTAR PRADESH,47,475,4752,"Retail sale of hardware, paints and glass in specialized stores",177,115,62,117,59,58,60,56,4,198,65,133,181,52,129,17,13,4
09,000,STATE - UTTAR PRADESH,47,475,4753,"Retail sale of carpets, rugs, wall and floor coverings in specialized",4,4,0,0,0,0,4,4,0,0,0,0,0,0,0,0,0,0
09,000,STATE - UTTAR PRADESH,47,475,4759,"Retail sale of electrical household appliances, furniture, lighting",123,121,2,61,59,2,62,62,0,32,30,2,22,20,2,10,10,0
09,000,STATE - UTTAR PRADESH,47,476,4761,"Retail sale of books, newspapers and stationary in specialized stores",124,122,2,86,86,0,38,36,2,20,20,0,13,13,0,7,7,0
09,000,STATE - UTTAR PRADESH,47,476,4763,Retail sale of sporting equipment in specialized stores,6,6,0,0,0,0,6,6,0,0,0,0,0,0,0,0,0,0
09,000,STATE - UTTAR PRADESH,47,476,4764,Retail sale of games and toys in specialized stores,9,9,0,5,5,0,4,4,0,0,0,0,0,0,0,0,0,0
09,000,STATE - UTTAR PRADESH,47,477,4771,"Retail sale of clothing, footwear and leather articles in specialized",237,228,9,115,114,1,122,114,8,34,28,6,20,14,6,14,14,0
09,000,STATE - UTTAR PRADESH,47,477,4772,"Retail sale of pharmaceutical and medical goods, cosmetic and toilet",228,213,15,116,108,8,112,105,7,42,38,4,21,19,2,21,19,2
09,000,STATE - UTTAR PRADESH,47,477,4773,Other retail sale of new goods in specialized stores,299,260,39,115,88,27,184,172,12,150,51,99,123,26,97,27,25,2
09,000,STATE - UTTAR PRADESH,47,478,4781,"Retail sale via stalls and markets of food, beverages and tobacco",73,72,1,44,43,1,29,29,0,22,21,1,17,16,1,5,5,0
09,000,STATE - UTTAR PRADESH,47,478,4782,"Retail sale via stalls and markets of textiles, clothing and footwear",165,163,2,77,77,0,88,86,2,33,32,1,24,23,1,9,9,0
09,000,STATE - UTTAR PRADESH,47,478,4789,Retail sale via stalls and markets of other goods,202,182,20,68,56,12,134,126,8,27,21,6,9,5,4,18,16,2
09,000,STATE - UTTAR PRADESH,47,479,4791,Retail sale via mail order houses or via Internet,0,0,0,0,0,0,0,0,0,2,2,0,2,2,0,0,0,0
09,000,STATE - UTTAR PRADESH,47,479,4799,"Other retail sale not in stores, stalls or markets",619,570,49,322,291,31,297,279,18,169,153,16,85,75,10,84,78,6
09,000,STATE - UTTAR PRADESH,49,491,4911,Passenger rail transport,1138,1076,62,425,418,7,713,658,55,42,35,7,22,21,1,20,14,6
09,000,STATE - UTTAR PRADESH,49,491,4912,Freight rail transport,76,65,11,20,17,3,56,48,8,1,0,1,1,0,1,0,0,0
09,000,STATE - UTTAR PRADESH,49,492,4921,Urban or suburban passenger land transport,97,95,2,42,41,1,55,54,1,29,27,2,17,17,0,12,10,2
09,000,STATE - UTTAR PRADESH,49,492,4922,Other passenger land transport,1607,1567,40,1008,992,16,599,575,24,500,478,22,346,338,8,154,140,14
09,000,STATE - UTTAR PRADESH,49,492,4923,Freight transport by road,1257,1234,23,992,979,13,265,255,10,422,413,9,342,337,5,80,76,4
09,000,STATE - UTTAR PRADESH,50,501,5011,Sea and coastal passenger water transport,1,1,0,1,1,0,0,0,0,0,0,0,0,0,0,0,0,0
09,000,STATE - UTTAR PRADESH,50,501,5012,Sea and coastal freight water transport,2,2,0,0,0,0,2,2,0,0,0,0,0,0,0,0,0,0
09,000,STATE - UTTAR PRADESH,50,502,5021,Inland passenger water transport,6,6,0,4,4,0,2,2,0,2,2,0,2,2,0,0,0,0
09,000,STATE - UTTAR PRADESH,51,511,5110,Passenger air transport,6,5,1,6,5,1,0,0,0,0,0,0,0,0,0,0,0,0
09,000,STATE - UTTAR PRADESH,51,512,5120,Freight air transport,2,2,0,0,0,0,2,2,0,0,0,0,0,0,0,0,0,0
09,000,STATE - UTTAR PRADESH,52,521,5210,Warehousing and storage,61,61,0,31,31,0,30,30,0,14,13,1,14,13,1,0,0,0
09,000,STATE - UTTAR PRADESH,52,522,5221,Service activities incidental to land transportation,869,822,47,538,507,31,331,315,16,877,804,73,751,691,60,126,113,13
09,000,STATE - UTTAR PRADESH,52,522,5223,Service activities incidental to air transportation,6,6,0,4,4,0,2,2,0,0,0,0,0,0,0,0,0,0
09,000,STATE - UTTAR PRADESH,52,522,5224,Cargo handling,21,21,0,6,6,0,15,15,0,4,4,0,4,4,0,0,0,0
09,000,STATE - UTTAR PRADESH,52,522,5229,Other transportation support activities,10,10,0,4,4,0,6,6,0,2,2,0,0,0,0,2,2,0
09,000,STATE - UTTAR PRADESH,53,531,5310,Postal activities,234,217,17,174,167,7,60,50,10,16,16,0,10,10,0,6,6,0
09,000,STATE - UTTAR PRADESH,53,532,5320,Courier activities,9,7,2,1,1,0,8,6,2,1,1,0,1,1,0,0,0,0
09,000,STATE - UTTAR PRADESH,55,551,5510,Short term accommodation activities,257,239,18,167,152,15,90,87,3,69,66,3,52,49,3,17,17,0
09,000,STATE - UTTAR PRADESH,55,559,5590,Other accommodation,6,6,0,4,4,0,2,2,0,2,2,0,2,2,0,0,0,0
09,000,STATE - UTTAR PRADESH,56,561,5610,Restaurants and mobile food service activities,84,81,3,46,43,3,38,38,0,39,32,7,22,15,7,17,17,0
09,000,STATE - UTTAR PRADESH,56,562,5621,Event catering,19,17,2,5,5,0,14,12,2,44,42,2,29,27,2,15,15,0
09,000,STATE - UTTAR PRADESH,56,562,5629,Other food service activities,13,13,0,7,7,0,6,6,0,2,2,0,2,2,0,0,0,0
09,000,STATE - UTTAR PRADESH,56,563,5630,Beverage serving activities,681,619,62,504,454,50,177,165,12,158,140,18,123,106,17,35,34,1
09,000,STATE - UTTAR PRADESH,58,581,5813,"Publishing of newspapers, journals and periodicals",4,4,0,2,2,0,2,2,0,0,0,0,0,0,0,0,0,0
09,000,STATE - UTTAR PRADESH,58,581,5819,Other publishing activities,2,2,0,0,0,0,2,2,0,0,0,0,0,0,0,0,0,0
09,000,STATE - UTTAR PRADESH,58,582,5820,Software publishing,4,4,0,0,0,0,4,4,0,0,0,0,0,0,0,0,0,0
09,000,STATE - UTTAR PRADESH,59,591,5911,"Motion picture, video and television programme production activities",2,2,0,0,0,0,2,2,0,6,6,0,6,6,0,0,0,0
09,000,STATE - UTTAR PRADESH,59,591,5913,"Motion picture, video and television programme distribution activities",4,4,0,2,2,0,2,2,0,0,0,0,0,0,0,0,0,0
09,000,STATE - UTTAR PRADESH,59,591,5914,Motion picture projection activities,6,6,0,4,4,0,2,2,0,6,4,2,4,4,0,2,0,2
09,000,STATE - UTTAR PRADESH,59,592,5920,Sound recording and music publishing activitiesT,0,0,0,0,0,0,0,0,0,2,2,0,2,2,0,0,0,0
09,000,STATE - UTTAR PRADESH,60,601,6010,Radio broadcasting,2,2,0,0,0,0,2,2,0,0,0,0,0,0,0,0,0,0
09,000,STATE - UTTAR PRADESH,60,602,6020,Television programming and broadcasting activities,7,5,2,3,3,0,4,2,2,0,0,0,0,0,0,0,0,0
09,000,STATE - UTTAR PRADESH,61,611,6110,Wired telecommunications activities,42,42,0,20,20,0,22,22,0,2,2,0,0,0,0,2,2,0
09,000,STATE - UTTAR PRADESH,61,612,6120,Wireless telecommunications activities,7,7,0,5,5,0,2,2,0,1,1,0,1,1,0,0,0,0
09,000,STATE - UTTAR PRADESH,61,613,6130,Satellite telecommunications activities,6,6,0,6,6,0,0,0,0,0,0,0,0,0,0,0,0,0
09,000,STATE - UTTAR PRADESH,61,619,6190,Other telecommunications activities,74,64,10,34,32,2,40,32,8,10,10,0,5,5,0,5,5,0
09,000,STATE - UTTAR PRADESH,62,620,6201,Computer programming activities,4,4,0,0,0,0,4,4,0,2,2,0,0,0,0,2,2,0
09,000,STATE - UTTAR PRADESH,62,620,6202,Computer consultancy and computer facilities management activities,8,8,0,0,0,0,8,8,0,0,0,0,0,0,0,0,0,0
09,000,STATE - UTTAR PRADESH,62,620,6209,Other information technology and computer service activities,25,25,0,13,13,0,12,12,0,4,4,0,0,0,0,4,4,0
09,000,STATE - UTTAR PRADESH,63,631,6311,"Data processing, hosting and related activities",2,2,0,0,0,0,2,2,0,0,0,0,0,0,0,0,0,0
09,000,STATE - UTTAR PRADESH,63,639,6391,News agency activities,6,6,0,4,4,0,2,2,0,0,0,0,0,0,0,0,0,0
09,000,STATE - UTTAR PRADESH,63,639,6399,Other information service activities n.e.c.,28,26,2,18,16,2,10,10,0,4,2,2,0,0,0,4,2,2
09,000,STATE - UTTAR PRADESH,64,641,6411,Central banking,97,90,7,48,48,0,49,42,7,11,9,2,3,3,0,8,6,2
09,000,STATE - UTTAR PRADESH,64,641,6419,Other monetary intermediation,283,265,18,124,119,5,159,146,13,19,15,4,9,5,4,10,10,0
09,000,STATE - UTTAR PRADESH,64,649,6499,"Other financial service activities, except insurance and pension funding",8,8,0,4,4,0,4,4,0,3,2,1,1,0,1,2,2,0
09,000,STATE - UTTAR PRADESH,65,651,6511,Life insurance,123,116,7,81,78,3,42,38,4,16,16,0,14,14,0,2,2,0
09,000,STATE - UTTAR PRADESH,65,651,6512,Non-life insurance,10,10,0,6,6,0,4,4,0,1,1,0,1,1,0,0,0,0
09,000,STATE - UTTAR PRADESH,66,661,6611,Administration of financial markets,4,4,0,2,2,0,2,2,0,0,0,0,0,0,0,0,0,0
09,000,STATE - UTTAR PRADESH,66,661,6619,Activities auxiliary to financial service activities n.e.c.,6,6,0,4,4,0,2,2,0,2,2,0,2,2,0,0,0,0
09,000,STATE - UTTAR PRADESH,66,662,6622,Activities of insurance agents and brokers,22,22,0,20,20,0,2,2,0,1,1,0,1,1,0,0,0,0
09,000,STATE - UTTAR PRADESH,66,662,6629,Other activities auxiliary to insurance and pension funding,3,1,2,1,1,0,2,0,2,1,1,0,1,1,0,0,0,0
09,000,STATE - UTTAR PRADESH,66,663,6630,Fund management activities,3,3,0,3,3,0,0,0,0,0,0,0,0,0,0,0,0,0
09,000,STATE - UTTAR PRADESH,68,681,6810,Real estate activities with own or leased property,14,14,0,5,5,0,9,9,0,8,8,0,0,0,0,8,8,0
09,000,STATE - UTTAR PRADESH,68,682,6820,Real estate activities on a fee or contract basis,6,6,0,4,4,0,2,2,0,4,2,2,0,0,0,4,2,2
09,000,STATE - UTTAR PRADESH,69,691,6910,Legal activities,117,114,3,56,55,1,61,59,2,12,12,0,4,4,0,8,8,0
09,000,STATE - UTTAR PRADESH,69,692,6920,"Accounting, bookkeeping and auditing activities; tax consultancy",26,26,0,12,12,0,14,14,0,5,5,0,5,5,0,0,0,0
09,000,STATE - UTTAR PRADESH,71,711,7110,Architectural and engineering activities and related technical,13,11,2,7,5,2,6,6,0,2,2,0,0,0,0,2,2,0
09,000,STATE - UTTAR PRADESH,72,721,7210,Research and experimental development on natural sciences and,4,4,0,0,0,0,4,4,0,0,0,0,0,0,0,0,0,0
09,000,STATE - UTTAR PRADESH,73,731,7310,Advertising,3,3,0,1,1,0,2,2,0,0,0,0,0,0,0,0,0,0
09,000,STATE - UTTAR PRADESH,73,732,7320,Market research and public opinion polling,4,4,0,0,0,0,4,4,0,0,0,0,0,0,0,0,0,0
09,000,STATE - UTTAR PRADESH,74,741,7410,Specialized design activities,16,16,0,4,4,0,12,12,0,5,5,0,2,2,0,3,3,0
09,000,STATE - UTTAR PRADESH,74,742,7420,Photographic activities,40,40,0,19,19,0,21,21,0,11,11,0,9,9,0,2,2,0
09,000,STATE - UTTAR PRADESH,74,749,7490,"Other professional, scientific and technical activities n.e.c.",24,22,2,14,12,2,10,10,0,0,0,0,0,0,0,0,0,0
09,000,STATE - UTTAR PRADESH,75,750,7500,Veterinary activities,33,32,1,28,27,1,5,5,0,2,2,0,2,2,0,0,0,0
09,000,STATE - UTTAR PRADESH,77,771,7710,Renting and leasing of motor vehicles,1,1,0,1,1,0,0,0,0,2,2,0,2,2,0,0,0,0
09,000,STATE - UTTAR PRADESH,77,772,7729,Renting and leasing of other personal and household goods n.e.c.,73,71,2,34,34,0,39,37,2,32,31,1,18,17,1,14,14,0
09,000,STATE - UTTAR PRADESH,77,773,7730,"Renting and leasing of other machinery, equipment and tangible goods",14,14,0,6,6,0,8,8,0,0,0,0,0,0,0,0,0,0
09,000,STATE - UTTAR PRADESH,78,783,7830,Human resources provision and management of human resources,1,0,1,1,0,1,0,0,0,0,0,0,0,0,0,0,0,0
09,000,STATE - UTTAR PRADESH,79,791,7911,Travel agency activities,2,2,0,0,0,0,2,2,0,0,0,0,0,0,0,0,0,0
09,000,STATE - UTTAR PRADESH,80,801,8010,Private security activities,103,100,3,71,68,3,32,32,0,20,20,0,10,10,0,10,10,0
09,000,STATE - UTTAR PRADESH,80,802,8020,Security systems service activities,7,7,0,3,3,0,4,4,0,6,6,0,2,2,0,4,4,0
09,000,STATE - UTTAR PRADESH,80,803,8030,Investigation activities,0,0,0,0,0,0,0,0,0,2,2,0,0,0,0,2,2,0
09,000,STATE - UTTAR PRADESH,81,811,8110,Combined facilities support activities,43,39,4,39,37,2,4,2,2,6,6,0,6,6,0,0,0,0
09,000,STATE - UTTAR PRADESH,81,812,8121,General cleaning of buildings,27,22,5,25,20,5,2,2,0,0,0,0,0,0,0,0,0,0
09,000,STATE - UTTAR PRADESH,81,812,8129,Other building and industrial cleaning activities,283,246,37,226,201,25,57,45,12,22,20,2,18,16,2,4,4,0
09,000,STATE - UTTAR PRADESH,81,813,8130,Landscape care and maintenance service activities,83,71,12,73,61,12,10,10,0,14,10,4,10,8,2,4,2,2
09,000,STATE - UTTAR PRADESH,82,821,8211,Combined office administrative service activities,483,451,32,290,276,14,193,175,18,47,47,0,35,35,0,12,12,0
09,000,STATE - UTTAR PRADESH,82,821,8219,"Photocopying, document preparation and other specialized office",78,75,3,49,46,3,29,29,0,4,4,0,2,2,0,2,2,0
09,000,STATE - UTTAR PRADESH,82,822,8220,Activities of call centres,7,7,0,1,1,0,6,6,0,0,0,0,0,0,0,0,0,0
09,000,STATE - UTTAR PRADESH,82,829,8291,Activities of collection agencies and credit bureaus,3,3,0,1,1,0,2,2,0,0,0,0,0,0,0,0,0,0
09,000,STATE - UTTAR PRADESH,82,829,8292,Packaging activities,6,6,0,4,4,0,2,2,0,0,0,0,0,0,0,0,0,0
09,000,STATE - UTTAR PRADESH,82,829,8299,Other business support service activities n.e.c.,335,316,19,163,158,5,172,158,14,70,63,7,42,41,1,28,22,6
09,000,STATE - UTTAR PRADESH,84,841,8411,General public administration activities,1999,1835,164,1102,1013,89,897,822,75,149,116,33,91,66,25,58,50,8
09,000,STATE - UTTAR PRADESH,84,841,8412,"Regulation of the activities of providing health care, education, cultural",5,4,1,3,2,1,2,2,0,3,3,0,1,1,0,2,2,0
09,000,STATE - UTTAR PRADESH,84,842,8421,Foreign affairs,3,3,0,3,3,0,0,0,0,0,0,0,0,0,0,0,0,0
09,000,STATE - UTTAR PRADESH,84,842,8422,Defence activities,651,633,18,280,274,6,371,359,12,27,21,6,11,11,0,16,10,6
09,000,STATE - UTTAR PRADESH,84,842,8423,Public order and safety activities,641,610,31,444,429,15,197,181,16,65,61,4,52,50,2,13,11,2
09,000,STATE - UTTAR PRADESH,84,843,8430,Compulsory social security activities,49,47,2,21,19,2,28,28,0,2,2,0,2,2,0,0,0,0
09,000,STATE - UTTAR PRADESH,85,851,8510,Primary education,2347,1266,1081,1988,1059,929,359,207,152,278,133,145,242,113,129,36,20,16
09,000,STATE - UTTAR PRADESH,85,852,8521,General secondary education,363,315,48,279,252,27,84,63,21,31,25,6,19,17,2,12,8,4
09,000,STATE - UTTAR PRADESH,85,852,8522,Technical and vocational secondary education,3,3,0,1,1,0,2,2,0,0,0,0,0,0,0,0,0,0
09,000,STATE - UTTAR PRADESH,85,853,8530,Higher education,137,112,25,61,56,5,76,56,20,15,12,3,7,6,1,8,6,2
09,000,STATE - UTTAR PRADESH,85,854,8549,Other education n.e.c.,267,156,111,206,118,88,61,38,23,57,39,18,45,33,12,12,6,6
09,000,STATE - UTTAR PRADESH,85,855,8550,Educational support services,1682,529,1153,1483,381,1102,199,148,51,214,58,156,189,41,148,25,17,8
09,000,STATE - UTTAR PRADESH,86,861,8610,Hospital activities,136,109,27,59,51,8,77,58,19,15,10,5,5,2,3,10,8,2
09,000,STATE - UTTAR PRADESH,86,862,8620,Medical and dental practice activities,123,103,20,61,55,6,62,48,14,14,14,0,10,10,0,4,4,0
09,000,STATE - UTTAR PRADESH,86,869,8690,Other human health activities,1244,369,875,986,225,761,258,144,114,142,35,107,109,21,88,33,14,19
09,000,STATE - UTTAR PRADESH,87,871,8710,Nursing care facilities,2,2,0,2,2,0,0,0,0,2,2,0,2,2,0,0,0,0
09,000,STATE - UTTAR PRADESH,88,881,8810,Social work activities without accommodation for the elderly and,7,2,5,7,2,5,0,0,0,1,0,1,1,0,1,0,0,0
09,000,STATE - UTTAR PRADESH,88,889,8890,Other social work activities without accommodation n.e.c.,15,7,8,13,5,8,2,2,0,0,0,0,0,0,0,0,0,0
09,000,STATE - UTTAR PRADESH,90,900,9000,"Dramatic arts, music and other arts activities",211,184,27,155,134,21,56,50,6,82,73,9,62,53,9,20,20,0
09,000,STATE - UTTAR PRADESH,91,910,9101,Library and archives activities,2,2,0,0,0,0,2,2,0,0,0,0,0,0,0,0,0,0
09,000,STATE - UTTAR PRADESH,91,910,9102,Museums activities and operation of historical sites and buildings,1,1,0,1,1,0,0,0,0,0,0,0,0,0,0,0,0,0
09,000,STATE - UTTAR PRADESH,91,910,9103,Botanical and zoological gardens and nature reserves activities,3,3,0,1,1,0,2,2,0,0,0,0,0,0,0,0,0,0
09,000,STATE - UTTAR PRADESH,92,920,9200,Gambling and betting activities,2,2,0,0,0,0,2,2,0,0,0,0,0,0,0,0,0,0
09,000,STATE - UTTAR PRADESH,93,931,9319,Other sports activities,4,4,0,0,0,0,4,4,0,0,0,0,0,0,0,0,0,0
09,000,STATE - UTTAR PRADESH,93,932,9329,Other amusement and recreation activities n.e.c.,28,28,0,10,10,0,18,18,0,19,14,5,11,10,1,8,4,4
09,000,STATE - UTTAR PRADESH,94,941,9411,Activities of business and employers membership organizations,172,157,15,48,45,3,124,112,12,16,16,0,8,8,0,8,8,0
09,000,STATE - UTTAR PRADESH,94,941,9412,Activities of professional membership organizations,1,1,0,1,1,0,0,0,0,1,1,0,1,1,0,0,0,0
09,000,STATE - UTTAR PRADESH,94,942,9420,Activities of trade unions,0,0,0,0,0,0,0,0,0,2,2,0,0,0,0,2,2,0
09,000,STATE - UTTAR PRADESH,94,949,9491,Activities of religious organizations,38,34,4,21,19,2,17,15,2,16,11,5,16,11,5,0,0,0
09,000,STATE - UTTAR PRADESH,94,949,9492,Activities of political organizations,28,22,6,24,19,5,4,3,1,3,3,0,3,3,0,0,0,0
09,000,STATE - UTTAR PRADESH,94,949,9499,Activities of other membership organizations n.e.c.,14,13,1,6,5,1,8,8,0,1,1,0,1,1,0,0,0,0
09,000,STATE - UTTAR PRADESH,95,951,9511,Repair of computers and peripheral equipment,12,12,0,11,11,0,1,1,0,2,2,0,2,2,0,0,0,0
09,000,STATE - UTTAR PRADESH,95,951,9512,Repair of communication equipment,32,30,2,13,13,0,19,17,2,2,2,0,2,2,0,0,0,0
09,000,STATE - UTTAR PRADESH,95,952,9521,Repair of consumer electronics,94,62,32,39,39,0,55,23,32,31,22,9,16,12,4,15,10,5
09,000,STATE - UTTAR PRADESH,95,952,9522,Repair of household appliances and home and garden equipment,42,37,5,26,23,3,16,14,2,4,2,2,4,2,2,0,0,0
09,000,STATE - UTTAR PRADESH,95,952,9523,Repair of footwear and leather goods,41,41,0,11,11,0,30,30,0,10,10,0,4,4,0,6,6,0
09,000,STATE - UTTAR PRADESH,95,952,9524,Repair of furniture and home furnishings,1,1,0,1,1,0,0,0,0,0,0,0,0,0,0,0,0,0
09,000,STATE - UTTAR PRADESH,95,952,9529,"Repair of personal and household goods, n.e.c.",461,448,13,340,327,13,121,121,0,124,113,11,104,95,9,20,18,2
09,000,STATE - UTTAR PRADESH,96,960,9601,Washing and (dry-) cleaning of textile and fur products,83,53,30,33,21,12,50,32,18,26,15,11,16,5,11,10,10,0
09,000,STATE - UTTAR PRADESH,96,960,9602,Hairdressing and other beauty treatment,84,65,19,50,39,11,34,26,8,22,20,2,6,6,0,16,14,2
09,000,STATE - UTTAR PRADESH,96,960,9609,Other personal service activities n.e.c.,98,53,45,44,25,19,54,28,26,46,32,14,26,22,4,20,10,10
09,000,STATE - UTTAR PRADESH,97,970,9700,Activities of households as employers of domestic personnel,2662,185,2477,2288,127,2161,374,58,316,3647,233,3414,3294,207,3087,353,26,327
09,000,STATE - UTTAR PRADESH,98,981,9810,Undifferentiated goods-producing activities of private households for own,1,1,0,1,1,0,0,0,0,0,0,0,0,0,0,0,0,0
09,000,STATE - UTTAR PRADESH,98,982,9820,Undifferentiated service-producing activities of private households for own,1,1,0,1,1,0,0,0,0,10,5,5,8,3,5,2,2,0
05,000,STATE - UTTARAKHAND,01,011,0111,"Growing of cereals (except rice), leguminous crops and oil seeds",102,76,26,92,70,22,10,6,4,135,65,70,132,64,68,3,1,2
05,000,STATE - UTTARAKHAND,01,011,0112,Growing of rice,4,2,2,2,0,2,2,2,0,0,0,0,0,0,0,0,0,0
05,000,STATE - UTTARAKHAND,01,011,0113,"Growing of vegetables and melons, roots and tubers",26,10,16,26,10,16,0,0,0,60,22,38,60,22,38,0,0,0
05,000,STATE - UTTARAKHAND,01,011,0114,Growing of sugar cane,2,2,0,2,2,0,0,0,0,10,4,6,10,4,6,0,0,0
05,000,STATE - UTTARAKHAND,01,011,0116,Growing of fibre crops,50,38,12,40,28,12,10,10,0,50,28,22,48,26,22,2,2,0
05,000,STATE - UTTARAKHAND,01,011,0119,Growing of other non-perennial crop,54,46,8,20,16,4,34,30,4,22,10,12,14,8,6,8,2,6
05,000,STATE - UTTARAKHAND,01,012,0122,Growing of tropical and subtropical fruits,2,2,0,2,2,0,0,0,0,0,0,0,0,0,0,0,0,0
05,000,STATE - UTTARAKHAND,01,012,0124,Growing of pome fruits and stone fruits,2,2,0,2,2,0,0,0,0,0,0,0,0,0,0,0,0,0
05,000,STATE - UTTARAKHAND,01,012,0125,Growing of other tree and bush fruits and nuts,2,2,0,2,2,0,0,0,0,0,0,0,0,0,0,0,0,0
05,000,STATE - UTTARAKHAND,01,012,0127,Growing of beverage crops,20,6,14,20,6,14,0,0,0,12,8,4,12,8,4,0,0,0
05,000,STATE - UTTARAKHAND,01,012,0128,"Growing of spices, aromatic, drug and pharmaceutical crops",2,2,0,0,0,0,2,2,0,0,0,0,0,0,0,0,0,0
05,000,STATE - UTTARAKHAND,01,012,0129,Growing of other perennial crops,18,12,6,16,10,6,2,2,0,10,10,0,8,8,0,2,2,0
05,000,STATE - UTTARAKHAND,01,013,0130,Plant propagation,6,4,2,6,4,2,0,0,0,2,2,0,2,2,0,0,0,0
05,000,STATE - UTTARAKHAND,01,014,0141,Raising of cattle and buffaloes,222,58,164,216,54,162,6,4,2,206,36,170,194,36,158,12,0,12
05,000,STATE - UTTARAKHAND,01,014,0144,Raising of sheep and goats,146,120,26,140,114,26,6,6,0,48,28,20,48,28,20,0,0,0
05,000,STATE - UTTARAKHAND,01,014,0146,Raising of poultry,12,10,2,12,10,2,0,0,0,8,4,4,8,4,4,0,0,0
05,000,STATE - UTTARAKHAND,01,014,0149,Raising of other animals,118,68,50,116,66,50,2,2,0,278,50,228,276,50,226,2,0,2
05,000,STATE - UTTARAKHAND,01,015,0150,Mixed farming,82,48,34,80,48,32,2,0,2,36,14,22,36,14,22,0,0,0
05,000,STATE - UTTARAKHAND,01,016,0161,Support activities for crop production,56,50,6,50,44,6,6,6,0,62,22,40,62,22,40,0,0,0
05,000,STATE - UTTARAKHAND,01,016,0162,Support activities for animal production,2,0,2,2,0,2,0,0,0,0,0,0,0,0,0,0,0,0
05,000,STATE - UTTARAKHAND,01,016,0163,Post-harvest crop activities,60,50,10,44,34,10,16,16,0,84,28,56,80,28,52,4,0,4
05,000,STATE - UTTARAKHAND,02,021,0210,Silviculture and other forestry activities,18,16,2,16,14,2,2,2,0,8,8,0,8,8,0,0,0,0
05,000,STATE - UTTARAKHAND,02,022,0220,Logging,18,18,0,16,16,0,2,2,0,50,8,42,50,8,42,0,0,0
05,000,STATE - UTTARAKHAND,02,023,0230,Gathering of non-wood forest products,8,8,0,8,8,0,0,0,0,16,8,8,16,8,8,0,0,0
05,000,STATE - UTTARAKHAND,02,024,0240,Support services to forestry,8,8,0,8,8,0,0,0,0,0,0,0,0,0,0,0,0,0
05,000,STATE - UTTARAKHAND,03,031,0311,Marine fishing,4,4,0,4,4,0,0,0,0,0,0,0,0,0,0,0,0,0
05,000,STATE - UTTARAKHAND,03,032,0322,Freshwater aquaculture,2,2,0,2,2,0,0,0,0,0,0,0,0,0,0,0,0,0
05,000,STATE - UTTARAKHAND,05,051,0510,Mining of hard coal,0,0,0,0,0,0,0,0,0,2,2,0,2,2,0,0,0,0
05,000,STATE - UTTARAKHAND,07,072,0729,Mining of other non-ferrous metal ores,4,4,0,4,4,0,0,0,0,2,2,0,2,2,0,0,0,0
05,000,STATE - UTTARAKHAND,08,081,0810,"Quarrying of stone, sand and clay",24,22,2,24,22,2,0,0,0,12,12,0,12,12,0,0,0,0
05,000,STATE - UTTARAKHAND,08,089,0899,Other mining and quarrying n.e.c.,208,200,8,208,200,8,0,0,0,24,20,4,20,16,4,4,4,0
05,000,STATE - UTTARAKHAND,10,101,1010,Processing and preserving of meat,18,10,8,16,8,8,2,2,0,8,4,4,8,4,4,0,0,0
05,000,STATE - UTTARAKHAND,10,102,1020,"Processing and preserving of fish, crustaceans and molluscs and",2,2,0,0,0,0,2,2,0,0,0,0,0,0,0,0,0,0
05,000,STATE - UTTARAKHAND,10,103,1030,Processing and preserving of fruit and vegetables,64,42,22,52,34,18,12,8,4,62,28,34,62,28,34,0,0,0
05,000,STATE - UTTARAKHAND,10,104,1040,Manufacture of vegetable and animal oils and fats,2,2,0,2,2,0,0,0,0,0,0,0,0,0,0,0,0,0
05,000,STATE - UTTARAKHAND,10,105,1050,Manufacture of dairy products,142,74,68,134,66,68,8,8,0,260,76,184,258,76,182,2,0,2
05,000,STATE - UTTARAKHAND,10,106,1061,Manufacture of grain mill products,210,170,40,188,154,34,22,16,6,98,52,46,96,52,44,2,0,2
05,000,STATE - UTTARAKHAND,10,107,1071,Manufacture of bakery products,38,38,0,34,34,0,4,4,0,6,6,0,6,6,0,0,0,0
05,000,STATE - UTTARAKHAND,10,107,1072,Manufacture of sugar,58,56,2,52,50,2,6,6,0,20,20,0,20,20,0,0,0,0
05,000,STATE - UTTARAKHAND,10,107,1073,"Manufacture of cocoa, chocolate and sugar confectionery",22,22,0,16,16,0,6,6,0,4,4,0,2,2,0,2,2,0
05,000,STATE - UTTARAKHAND,10,107,1075,Manufacture of prepared meals and dishes,104,86,18,90,76,14,14,10,4,24,10,14,24,10,14,0,0,0
05,000,STATE - UTTARAKHAND,10,107,1079,Manufacture of other food products n.e.c.,64,48,16,50,34,16,14,14,0,12,10,2,10,8,2,2,2,0
05,000,STATE - UTTARAKHAND,11,110,1104,Manufacture of soft drinks; production of mineral waters and other,8,8,0,8,8,0,0,0,0,0,0,0,0,0,0,0,0,0
05,000,STATE - UTTARAKHAND,12,120,1200,Manufacture of tobacco products,10,8,2,6,4,2,4,4,0,2,0,2,2,0,2,0,0,0
05,000,STATE - UTTARAKHAND,13,131,1311,Preparation and spinning of textile fibres,235,128,107,196,114,82,39,14,25,226,76,150,212,66,146,14,10,4
05,000,STATE - UTTARAKHAND,13,131,1312,Weaving of textiles,688,226,462,590,202,388,98,24,74,992,275,717,896,260,636,96,15,81
05,000,STATE - UTTARAKHAND,13,131,1313,Finishing of textiles,75,16,59,74,16,58,1,0,1,80,28,52,70,24,46,10,4,6
05,000,STATE - UTTARAKHAND,13,139,1391,Manufacture of knitted and crocheted fabrics,30,6,24,30,6,24,0,0,0,34,0,34,26,0,26,8,0,8
05,000,STATE - UTTARAKHAND,13,139,1392,"Manufacture of made-up textile articles, except apparel",2,2,0,2,2,0,0,0,0,12,4,8,12,4,8,0,0,0
05,000,STATE - UTTARAKHAND,13,139,1393,Manufacture of carpets and rugs,452,70,382,446,68,378,6,2,4,444,32,412,310,32,278,134,0,134
05,000,STATE - UTTARAKHAND,13,139,1394,"Manufacture of cordage, rope, twine and netting",6,2,4,6,2,4,0,0,0,2,0,2,2,0,2,0,0,0
05,000,STATE - UTTARAKHAND,13,139,1399,Manufacture of other textiles n.e.c.,82,34,48,80,34,46,2,0,2,28,2,26,20,2,18,8,0,8
05,000,STATE - UTTARAKHAND,14,141,1410,"Manufacture of wearing apparel, except fur apparel",399,313,86,330,258,72,69,55,14,191,35,156,170,32,138,21,3,18
05,000,STATE - UTTARAKHAND,14,143,1430,Manufacture of knitted and crocheted apparel,6,2,4,6,2,4,0,0,0,4,0,4,4,0,4,0,0,0
05,000,STATE - UTTARAKHAND,15,151,1511,Tanning and dressing of leather; dressing and dyeing of fur,0,0,0,0,0,0,0,0,0,2,0,2,0,0,0,2,0,2
05,000,STATE - UTTARAKHAND,15,151,1512,"Manufacture of luggage, handbags and the like, saddlery and harness",0,0,0,0,0,0,0,0,0,2,0,2,2,0,2,0,0,0
05,000,STATE - UTTARAKHAND,15,152,1520,Manufacture of footwear,14,14,0,10,10,0,4,4,0,12,8,4,10,6,4,2,2,0
05,000,STATE - UTTARAKHAND,16,161,1610,Saw milling and planing of wood,22,18,4,20,16,4,2,2,0,14,12,2,8,6,2,6,6,0
05,000,STATE - UTTARAKHAND,16,162,1621,"Manufacture of veneer sheets; manufacture of plywood, laminboard,",4,4,0,4,4,0,0,0,0,0,0,0,0,0,0,0,0,0
05,000,STATE - UTTARAKHAND,16,162,1623,Manufacture of wooden containers,12,6,6,10,6,4,2,0,2,16,6,10,16,6,10,0,0,0
05,000,STATE - UTTARAKHAND,16,162,1629,"Manufacture of other products of wood; manufacture of articles of cork,",28,14,14,28,14,14,0,0,0,28,18,10,24,18,6,4,0,4
05,000,STATE - UTTARAKHAND,17,170,1701,"Manufacture of pulp, paper and paperboard",6,4,2,6,4,2,0,0,0,2,2,0,2,2,0,0,0,0
05,000,STATE - UTTARAKHAND,17,170,1702,Manufacture of corrugated paper and paperboard and containers of,22,18,4,20,16,4,2,2,0,2,2,0,2,2,0,0,0,0
05,000,STATE - UTTARAKHAND,17,170,1709,Manufacture of other articles of paper and paperboard,8,8,0,8,8,0,0,0,0,2,2,0,2,2,0,0,0,0
05,000,STATE - UTTARAKHAND,18,181,1811,Printing,8,8,0,6,6,0,2,2,0,0,0,0,0,0,0,0,0,0
05,000,STATE - UTTARAKHAND,18,181,1812,Service activities related to printing,4,4,0,4,4,0,0,0,0,0,0,0,0,0,0,0,0,0
05,000,STATE - UTTARAKHAND,19,192,1920,Manufacture of refined petroleum products,4,4,0,4,4,0,0,0,0,0,0,0,0,0,0,0,0,0
05,000,STATE - UTTARAKHAND,20,201,2013,Manufacture of plastics and synthetic rubber in primary forms,0,0,0,0,0,0,0,0,0,2,2,0,2,2,0,0,0,0
05,000,STATE - UTTARAKHAND,20,202,2022,"Manufacture of paints, varnishes and similar coatings, printing ink and",12,12,0,10,10,0,2,2,0,4,2,2,4,2,2,0,0,0
05,000,STATE - UTTARAKHAND,20,202,2023,"Manufacture of soap and detergents, cleaning and polishing preparations,",24,24,0,24,24,0,0,0,0,0,0,0,0,0,0,0,0,0
05,000,STATE - UTTARAKHAND,20,202,2029,Manufacture of other chemical products n.e.c.,6,6,0,6,6,0,0,0,0,0,0,0,0,0,0,0,0,0
05,000,STATE - UTTARAKHAND,21,210,2100,"Manufacture of pharmaceuticals, medicinal chemical and botanical",30,20,10,24,18,6,6,2,4,4,2,2,4,2,2,0,0,0
05,000,STATE - UTTARAKHAND,22,221,2211,Manufacture of rubber tyres and tubes; retreading and rebuilding of,14,14,0,8,8,0,6,6,0,0,0,0,0,0,0,0,0,0
05,000,STATE - UTTARAKHAND,22,222,2220,Manufacture of plastics products,48,44,4,40,38,2,8,6,2,8,8,0,8,8,0,0,0,0
05,000,STATE - UTTARAKHAND,23,231,2310,Manufacture of glass and glass products,14,14,0,6,6,0,8,8,0,0,0,0,0,0,0,0,0,0
05,000,STATE - UTTARAKHAND,23,239,2391,Manufacture of refractory products,0,0,0,0,0,0,0,0,0,2,2,0,2,2,0,0,0,0
05,000,STATE - UTTARAKHAND,23,239,2392,Manufacture of clay building materials,106,76,30,104,74,30,2,2,0,44,34,10,44,34,10,0,0,0
05,000,STATE - UTTARAKHAND,23,239,2394,"Manufacture of cement, lime and plaster",0,0,0,0,0,0,0,0,0,2,2,0,2,2,0,0,0,0
05,000,STATE - UTTARAKHAND,23,239,2395,"Manufacture of articles of concrete, cement and plaster",54,38,16,54,38,16,0,0,0,4,4,0,4,4,0,0,0,0
05,000,STATE - UTTARAKHAND,24,241,2410,Manufacture of basic iron and steel,16,16,0,14,14,0,2,2,0,0,0,0,0,0,0,0,0,0
05,000,STATE - UTTARAKHAND,24,242,2420,Manufacture of basic precious and other non-ferrous metals,2,2,0,2,2,0,0,0,0,0,0,0,0,0,0,0,0,0
05,000,STATE - UTTARAKHAND,24,243,2431,Casting of iron and steel,2,2,0,2,2,0,0,0,0,0,0,0,0,0,0,0,0,0
05,000,STATE - UTTARAKHAND,24,243,2432,Casting of non-ferrous metals,4,4,0,4,4,0,0,0,0,0,0,0,0,0,0,0,0,0
05,000,STATE - UTTARAKHAND,25,251,2511,Manufacture of structural metal products,26,26,0,22,22,0,4,4,0,4,4,0,4,4,0,0,0,0
05,000,STATE - UTTARAKHAND,25,251,2512,"Manufacture of tanks, reservoirs and containers of metal",0,0,0,0,0,0,0,0,0,2,2,0,2,2,0,0,0,0
05,000,STATE - UTTARAKHAND,25,252,2520,Manufacture of weapons and ammunition,2,2,0,2,2,0,0,0,0,0,0,0,0,0,0,0,0,0
05,000,STATE - UTTARAKHAND,25,259,2592,Machining; treatment and coating of metals,4,4,0,4,4,0,0,0,0,0,0,0,0,0,0,0,0,0
05,000,STATE - UTTARAKHAND,25,259,2593,"Manufacture of cutlery, hand tools and general hardware",31,27,4,26,22,4,5,5,0,8,8,0,8,8,0,0,0,0
05,000,STATE - UTTARAKHAND,25,259,2599,Manufacture of other fabricated metal products n.e.c.,4,4,0,2,2,0,2,2,0,2,0,2,2,0,2,0,0,0
05,000,STATE - UTTARAKHAND,26,262,2620,Manufacture of computers and peripheral equipment,2,2,0,0,0,0,2,2,0,0,0,0,0,0,0,0,0,0
05,000,STATE - UTTARAKHAND,26,263,2630,Manufacture of communication equipment,2,2,0,0,0,0,2,2,0,0,0,0,0,0,0,0,0,0
05,000,STATE - UTTARAKHAND,26,264,2640,Manufacture of consumer electronics,2,0,2,2,0,2,0,0,0,0,0,0,0,0,0,0,0,0
05,000,STATE - UTTARAKHAND,26,265,2652,Manufacture of watches and clocks,4,4,0,4,4,0,0,0,0,0,0,0,0,0,0,0,0,0
05,000,STATE - UTTARAKHAND,27,271,2710,"Manufacture of electric motors, generators, transformers and electricity",34,32,2,4,4,0,30,28,2,2,2,0,2,2,0,0,0,0
05,000,STATE - UTTARAKHAND,27,272,2720,Manufacture of batteries and accumulators,2,0,2,2,0,2,0,0,0,0,0,0,0,0,0,0,0,0
05,000,STATE - UTTARAKHAND,27,273,2732,Manufacture of other electronic and electric wires and cables,6,6,0,6,6,0,0,0,0,0,0,0,0,0,0,0,0,0
05,000,STATE - UTTARAKHAND,27,273,2733,Manufacture of wiring devices,2,0,2,2,0,2,0,0,0,0,0,0,0,0,0,0,0,0
05,000,STATE - UTTARAKHAND,27,274,2740,Manufacture of electric lighting equipment,18,16,2,18,16,2,0,0,0,2,2,0,2,2,0,0,0,0
05,000,STATE - UTTARAKHAND,27,275,2750,Manufacture of domestic appliances,0,0,0,0,0,0,0,0,0,2,2,0,0,0,0,2,2,0
05,000,STATE - UTTARAKHAND,27,279,2790,Manufacture of other electrical equipment,10,8,2,10,8,2,0,0,0,0,0,0,0,0,0,0,0,0
05,000,STATE - UTTARAKHAND,28,281,2812,Manufacture of fluid power equipment,2,2,0,2,2,0,0,0,0,0,0,0,0,0,0,0,0,0
05,000,STATE - UTTARAKHAND,28,281,2813,"Manufacture of other pumps, compressors, taps and valves",8,6,2,8,6,2,0,0,0,0,0,0,0,0,0,0,0,0
05,000,STATE - UTTARAKHAND,28,281,2819,Manufacture of other general-purpose machinery,4,4,0,2,2,0,2,2,0,0,0,0,0,0,0,0,0,0
05,000,STATE - UTTARAKHAND,28,282,2822,Manufacture of metal-forming machinery and machine tools,2,2,0,2,2,0,0,0,0,0,0,0,0,0,0,0,0,0
05,000,STATE - UTTARAKHAND,28,282,2824,"Manufacture of machinery for mining, quarrying and construction",2,2,0,0,0,0,2,2,0,2,2,0,2,2,0,0,0,0
05,000,STATE - UTTARAKHAND,28,282,2826,"Manufacture of machinery for textile, apparel and leather production",8,2,6,6,2,4,2,0,2,0,0,0,0,0,0,0,0,0
05,000,STATE - UTTARAKHAND,29,291,2910,Manufacture of motor vehicles,10,4,6,4,2,2,6,2,4,0,0,0,0,0,0,0,0,0
05,000,STATE - UTTARAKHAND,29,292,2920,Manufacture of bodies (coachwork) for motor vehicles; manufacture of trailers and semi-trailers,16,14,2,14,12,2,2,2,0,0,0,0,0,0,0,0,0,0
05,000,STATE - UTTARAKHAND,29,293,2930,Manufacture of parts and accessories for motor vehicles,2,2,0,2,2,0,0,0,0,0,0,0,0,0,0,0,0,0
05,000,STATE - UTTARAKHAND,30,301,3011,Building of ships and floating structures,0,0,0,0,0,0,0,0,0,2,2,0,2,2,0,0,0,0
05,000,STATE - UTTARAKHAND,30,302,3020,Manufacture of railway locomotives and rolling stock,2,2,0,0,0,0,2,2,0,0,0,0,0,0,0,0,0,0
05,000,STATE - UTTARAKHAND,30,303,3030,Manufacture of air and spacecraft and related machinery,2,2,0,2,2,0,0,0,0,0,0,0,0,0,0,0,0,0
05,000,STATE - UTTARAKHAND,30,304,3040,Manufacture of weapons and ammunition,18,18,0,4,4,0,14,14,0,0,0,0,0,0,0,0,0,0
05,000,STATE - UTTARAKHAND,30,309,3091,Manufacture of motorcycles,4,4,0,4,4,0,0,0,0,0,0,0,0,0,0,0,0,0
05,000,STATE - UTTARAKHAND,30,309,3092,Manufacture of bicycles and invalid carriages,6,6,0,2,2,0,4,4,0,0,0,0,0,0,0,0,0,0
05,000,STATE - UTTARAKHAND,30,309,3099,Manufacture of other transport equipment n.e.c.,20,20,0,18,18,0,2,2,0,6,4,2,4,4,0,2,0,2
05,000,STATE - UTTARAKHAND,31,310,3100,Manufacture of furniture,8,6,2,8,6,2,0,0,0,8,8,0,8,8,0,0,0,0
05,000,STATE - UTTARAKHAND,32,321,3212,Manufacture of imitation jewellery and related articles,2,2,0,2,2,0,0,0,0,0,0,0,0,0,0,0,0,0
05,000,STATE - UTTARAKHAND,32,324,3240,Manufacture of games and toys,4,4,0,0,0,0,4,4,0,0,0,0,0,0,0,0,0,0
05,000,STATE - UTTARAKHAND,32,329,3290,Other manufacturing n.e.c.,412,346,66,364,308,56,48,38,10,96,80,16,88,72,16,8,8,0
05,000,STATE - UTTARAKHAND,33,331,3312,Repair of machinery,6,6,0,6,6,0,0,0,0,2,2,0,0,0,0,2,2,0
05,000,STATE - UTTARAKHAND,33,331,3314,Repair of electrical equipment,6,6,0,2,2,0,4,4,0,4,4,0,4,4,0,0,0,0
05,000,STATE - UTTARAKHAND,35,351,3510,"Electric power generation, transmission and distribution",235,215,20,176,164,12,59,51,8,8,8,0,8,8,0,0,0,0
05,000,STATE - UTTARAKHAND,35,352,3520,Manufacture of gas; distribution of gaseous fuels through mains,32,32,0,16,16,0,16,16,0,0,0,0,0,0,0,0,0,0
05,000,STATE - UTTARAKHAND,36,360,3600,"Water collection, treatment and supply",103,93,10,64,56,8,39,37,2,5,5,0,4,4,0,1,1,0
05,000,STATE - UTTARAKHAND,38,381,3811,Collection of non-hazardous waste,31,27,4,4,4,0,27,23,4,7,7,0,0,0,0,7,7,0
05,000,STATE - UTTARAKHAND,38,381,3812,Collection of hazardous waste,4,2,2,0,0,0,4,2,2,0,0,0,0,0,0,0,0,0
05,000,STATE - UTTARAKHAND,41,410,4100,Construction of buildings,1842,1736,106,1552,1466,86,290,270,20,1186,1096,90,1090,1004,86,96,92,4
05,000,STATE - UTTARAKHAND,42,421,4210,Construction roads and railways,261,255,6,224,220,4,37,35,2,208,174,34,200,166,34,8,8,0
05,000,STATE - UTTARAKHAND,42,422,4220,Construction of utility projects,16,16,0,16,16,0,0,0,0,2,2,0,2,2,0,0,0,0
05,000,STATE - UTTARAKHAND,42,429,4290,Construction of other civil engineering projects,60,60,0,58,58,0,2,2,0,8,8,0,8,8,0,0,0,0
05,000,STATE - UTTARAKHAND,43,431,4312,Site preparation,2,2,0,2,2,0,0,0,0,2,2,0,2,2,0,0,0,0
05,000,STATE - UTTARAKHAND,43,432,4321,Electrical installation,8,8,0,6,6,0,2,2,0,2,2,0,2,2,0,0,0,0
05,000,STATE - UTTARAKHAND,43,432,4322,"Plumbing, heat and air-conditioning installation",14,14,0,12,12,0,2,2,0,10,10,0,10,10,0,0,0,0
05,000,STATE - UTTARAKHAND,43,433,4330,Building completion and finishing,44,44,0,26,26,0,18,18,0,16,16,0,12,12,0,4,4,0
05,000,STATE - UTTARAKHAND,45,451,4510,Sale of motor vehicles,28,26,2,14,14,0,14,12,2,0,0,0,0,0,0,0,0,0
05,000,STATE - UTTARAKHAND,45,452,4520,Maintenance and repair of motor vehicles,78,76,2,62,60,2,16,16,0,6,4,2,4,4,0,2,0,2
05,000,STATE - UTTARAKHAND,45,453,4530,Sale of motor vehicle parts and accessories,12,12,0,10,10,0,2,2,0,2,2,0,2,2,0,0,0,0
05,000,STATE - UTTARAKHAND,45,454,4540,"Sale, maintenance and repair of motorcycles and related parts and",34,34,0,32,32,0,2,2,0,2,2,0,2,2,0,0,0,0
05,000,STATE - UTTARAKHAND,46,461,4610,Wholesale on a fee or contract basis,4,4,0,2,2,0,2,2,0,0,0,0,0,0,0,0,0,0
05,000,STATE - UTTARAKHAND,46,462,4620,Wholesale of agricultural raw materials and live animals,4,4,0,2,2,0,2,2,0,0,0,0,0,0,0,0,0,0
05,000,STATE - UTTARAKHAND,46,463,4630,"Wholesale of food, beverages and tobacco",26,26,0,16,16,0,10,10,0,6,6,0,6,6,0,0,0,0
05,000,STATE - UTTARAKHAND,46,464,4649,Wholesale of other household goods,24,22,2,14,14,0,10,8,2,2,0,2,2,0,2,0,0,0
05,000,STATE - UTTARAKHAND,46,465,4652,Wholesale of electronic and telecommunications equipment and parts,2,2,0,0,0,0,2,2,0,0,0,0,0,0,0,0,0,0
05,000,STATE - UTTARAKHAND,46,465,4653,"Wholesale of agricultural machinery, equipment and supplies",2,2,0,2,2,0,0,0,0,0,0,0,0,0,0,0,0,0
05,000,STATE - UTTARAKHAND,46,465,4659,Wholesale of other machinery and equipment,6,6,0,6,6,0,0,0,0,0,0,0,0,0,0,0,0,0
05,000,STATE - UTTARAKHAND,46,466,4661,"Wholesale of solid, liquid and gaseous fuels and related products",6,2,4,2,2,0,4,0,4,2,2,0,0,0,0,2,2,0
05,000,STATE - UTTARAKHAND,46,466,4663,"Wholesale of construction materials, hardware, plumbing and heating",10,10,0,8,8,0,2,2,0,0,0,0,0,0,0,0,0,0
05,000,STATE - UTTARAKHAND,46,466,4669,Wholesale of waste and scrap and other products n.e.c.,4,4,0,2,2,0,2,2,0,0,0,0,0,0,0,0,0,0
05,000,STATE - UTTARAKHAND,46,469,4690,Non-specialized wholesale trade,40,40,0,36,36,0,4,4,0,14,14,0,12,12,0,2,2,0
05,000,STATE - UTTARAKHAND,47,471,4711,"Retail sale in non-specialized stores with food, beverages or tobacco",2,2,0,2,2,0,0,0,0,0,0,0,0,0,0,0,0,0
05,000,STATE - UTTARAKHAND,47,471,4719,Other retail sale in non-specialized stores,30,28,2,12,10,2,18,18,0,6,6,0,2,2,0,4,4,0
05,000,STATE - UTTARAKHAND,47,472,4721,Retail sale of food in specialized stores,898,824,74,706,644,62,192,180,12,164,76,88,136,54,82,28,22,6
05,000,STATE - UTTARAKHAND,47,472,4722,Retail sale of beverages in specialized stores,4,4,0,4,4,0,0,0,0,0,0,0,0,0,0,0,0,0
05,000,STATE - UTTARAKHAND,47,473,4730,Retail sale of automotive fuel in specialized stores,8,8,0,8,8,0,0,0,0,2,2,0,2,2,0,0,0,0
05,000,STATE - UTTARAKHAND,47,474,4741,"Retail sale of computers, peripheral units, software and",20,20,0,14,14,0,6,6,0,8,8,0,4,4,0,4,4,0
05,000,STATE - UTTARAKHAND,47,475,4751,Retail sale of textiles in specialized stores,10,8,2,0,0,0,10,8,2,0,0,0,0,0,0,0,0,0
05,000,STATE - UTTARAKHAND,47,475,4752,"Retail sale of hardware, paints and glass in specialized stores",84,84,0,56,56,0,28,28,0,40,18,22,38,16,22,2,2,0
05,000,STATE - UTTARAKHAND,47,475,4753,"Retail sale of carpets, rugs, wall and floor coverings in specialized",0,0,0,0,0,0,0,0,0,3,1,2,2,0,2,1,1,0
05,000,STATE - UTTARAKHAND,47,475,4759,"Retail sale of electrical household appliances, furniture, lighting",146,144,2,110,108,2,36,36,0,48,38,10,32,28,4,16,10,6
05,000,STATE - UTTARAKHAND,47,476,4761,"Retail sale of books, newspapers and stationary in specialized stores",24,22,2,14,12,2,10,10,0,2,2,0,0,0,0,2,2,0
05,000,STATE - UTTARAKHAND,47,476,4764,Retail sale of games and toys in specialized stores,4,4,0,2,2,0,2,2,0,0,0,0,0,0,0,0,0,0
05,000,STATE - UTTARAKHAND,47,477,4771,"Retail sale of clothing, footwear and leather articles in specialized",232,198,34,108,98,10,124,100,24,8,6,2,4,4,0,4,2,2
05,000,STATE - UTTARAKHAND,47,477,4772,"Retail sale of pharmaceutical and medical goods, cosmetic and toilet",110,70,40,78,46,32,32,24,8,10,8,2,0,0,0,10,8,2
05,000,STATE - UTTARAKHAND,47,477,4773,Other retail sale of new goods in specialized stores,121,108,13,76,70,6,45,38,7,66,14,52,58,10,48,8,4,4
05,000,STATE - UTTARAKHAND,47,478,4781,"Retail sale via stalls and markets of food, beverages and tobacco",22,22,0,10,10,0,12,12,0,4,4,0,0,0,0,4,4,0
05,000,STATE - UTTARAKHAND,47,478,4782,"Retail sale via stalls and markets of textiles, clothing and footwear",90,78,12,38,32,6,52,46,6,6,6,0,2,2,0,4,4,0
05,000,STATE - UTTARAKHAND,47,478,4789,Retail sale via stalls and markets of other goods,341,299,42,222,192,30,119,107,12,66,44,22,56,36,20,10,8,2
05,000,STATE - UTTARAKHAND,47,479,4799,"Other retail sale not in stores, stalls or markets",65,62,3,44,42,2,21,20,1,12,10,2,10,8,2,2,2,0
05,000,STATE - UTTARAKHAND,49,491,4911,Passenger rail transport,151,147,4,118,114,4,33,33,0,0,0,0,0,0,0,0,0,0
05,000,STATE - UTTARAKHAND,49,491,4912,Freight rail transport,20,20,0,12,12,0,8,8,0,2,2,0,0,0,0,2,2,0
05,000,STATE - UTTARAKHAND,49,492,4921,Urban or suburban passenger land transport,222,220,2,172,170,2,50,50,0,44,44,0,40,40,0,4,4,0
05,000,STATE - UTTARAKHAND,49,492,4922,Other passenger land transport,381,377,4,296,294,2,85,83,2,112,112,0,98,98,0,14,14,0
05,000,STATE - UTTARAKHAND,49,492,4923,Freight transport by road,220,216,4,156,152,4,64,64,0,50,46,4,48,44,4,2,2,0
05,000,STATE - UTTARAKHAND,50,501,5011,Sea and coastal passenger water transport,4,4,0,0,0,0,4,4,0,0,0,0,0,0,0,0,0,0
05,000,STATE - UTTARAKHAND,50,502,5021,Inland passenger water transport,2,2,0,0,0,0,2,2,0,0,0,0,0,0,0,0,0,0
05,000,STATE - UTTARAKHAND,51,512,5120,Freight air transport,2,2,0,0,0,0,2,2,0,0,0,0,0,0,0,0,0,0
05,000,STATE - UTTARAKHAND,52,521,5210,Warehousing and storage,26,24,2,14,14,0,12,10,2,6,4,2,2,2,0,4,2,2
05,000,STATE - UTTARAKHAND,52,522,5221,Service activities incidental to land transportation,20,18,2,14,14,0,6,4,2,8,6,2,8,6,2,0,0,0
05,000,STATE - UTTARAKHAND,52,522,5223,Service activities incidental to air transportation,2,2,0,2,2,0,0,0,0,0,0,0,0,0,0,0,0,0
05,000,STATE - UTTARAKHAND,52,522,5224,Cargo handling,2,2,0,0,0,0,2,2,0,0,0,0,0,0,0,0,0,0
05,000,STATE - UTTARAKHAND,52,522,5229,Other transportation support activities,34,34,0,28,28,0,6,6,0,4,4,0,4,4,0,0,0,0
05,000,STATE - UTTARAKHAND,53,531,5310,Postal activities,286,250,36,208,196,12,78,54,24,12,12,0,10,10,0,2,2,0
05,000,STATE - UTTARAKHAND,53,532,5320,Courier activities,8,4,4,8,4,4,0,0,0,4,4,0,2,2,0,2,2,0
05,000,STATE - UTTARAKHAND,55,551,5510,Short term accommodation activities,178,158,20,98,88,10,80,70,10,12,12,0,12,12,0,0,0,0
05,000,STATE - UTTARAKHAND,56,562,5621,Event catering,19,19,0,6,6,0,13,13,0,10,10,0,10,10,0,0,0,0
05,000,STATE - UTTARAKHAND,56,563,5630,Beverage serving activities,110,100,10,90,80,10,20,20,0,6,6,0,6,6,0,0,0,0
05,000,STATE - UTTARAKHAND,58,581,5813,"Publishing of newspapers, journals and periodicals",2,2,0,2,2,0,0,0,0,2,2,0,2,2,0,0,0,0
05,000,STATE - UTTARAKHAND,59,591,5911,"Motion picture, video and television programme production activities",4,4,0,4,4,0,0,0,0,0,0,0,0,0,0,0,0,0
05,000,STATE - UTTARAKHAND,59,591,5912,"Motion picture, video and television programme post-production",2,2,0,0,0,0,2,2,0,0,0,0,0,0,0,0,0,0
05,000,STATE - UTTARAKHAND,59,592,5920,Sound recording and music publishing activitiesT,2,2,0,2,2,0,0,0,0,0,0,0,0,0,0,0,0,0
05,000,STATE - UTTARAKHAND,60,601,6010,Radio broadcasting,6,4,2,2,2,0,4,2,2,0,0,0,0,0,0,0,0,0
05,000,STATE - UTTARAKHAND,61,611,6110,Wired telecommunications activities,38,36,2,16,16,0,22,20,2,2,2,0,2,2,0,0,0,0
05,000,STATE - UTTARAKHAND,61,612,6120,Wireless telecommunications activities,2,2,0,2,2,0,0,0,0,0,0,0,0,0,0,0,0,0
05,000,STATE - UTTARAKHAND,61,619,6190,Other telecommunications activities,62,58,4,30,30,0,32,28,4,0,0,0,0,0,0,0,0,0
05,000,STATE - UTTARAKHAND,62,620,6202,Computer consultancy and computer facilities management activities,2,2,0,0,0,0,2,2,0,0,0,0,0,0,0,0,0,0
05,000,STATE - UTTARAKHAND,62,620,6209,Other information technology and computer service activities,6,6,0,4,4,0,2,2,0,0,0,0,0,0,0,0,0,0
05,000,STATE - UTTARAKHAND,63,639,6391,News agency activities,0,0,0,0,0,0,0,0,0,2,2,0,2,2,0,0,0,0
05,000,STATE - UTTARAKHAND,63,639,6399,Other information service activities n.e.c.,52,44,8,32,28,4,20,16,4,0,0,0,0,0,0,0,0,0
05,000,STATE - UTTARAKHAND,64,641,6411,Central banking,608,552,56,296,268,28,312,284,28,8,8,0,6,6,0,2,2,0
05,000,STATE - UTTARAKHAND,64,641,6419,Other monetary intermediation,20,16,4,10,8,2,10,8,2,0,0,0,0,0,0,0,0,0
05,000,STATE - UTTARAKHAND,64,649,6491,Financial leasing,2,2,0,2,2,0,0,0,0,0,0,0,0,0,0,0,0,0
05,000,STATE - UTTARAKHAND,64,649,6499,"Other financial service activities, except insurance and pension funding",4,4,0,2,2,0,2,2,0,0,0,0,0,0,0,0,0,0
05,000,STATE - UTTARAKHAND,65,651,6511,Life insurance,196,172,24,112,94,18,84,78,6,12,10,2,10,8,2,2,2,0
05,000,STATE - UTTARAKHAND,65,651,6512,Non-life insurance,8,8,0,6,6,0,2,2,0,0,0,0,0,0,0,0,0,0
05,000,STATE - UTTARAKHAND,65,653,6530,Pension funding,8,6,2,0,0,0,8,6,2,0,0,0,0,0,0,0,0,0
05,000,STATE - UTTARAKHAND,66,661,6612,Security and commodity contracts brokerage,2,0,2,0,0,0,2,0,2,0,0,0,0,0,0,0,0,0
05,000,STATE - UTTARAKHAND,66,662,6622,Activities of insurance agents and brokers,10,10,0,4,4,0,6,6,0,0,0,0,0,0,0,0,0,0
05,000,STATE - UTTARAKHAND,66,662,6629,Other activities auxiliary to insurance and pension funding,4,4,0,2,2,0,2,2,0,0,0,0,0,0,0,0,0,0
05,000,STATE - UTTARAKHAND,68,681,6810,Real estate activities with own or leased property,8,8,0,0,0,0,8,8,0,4,4,0,4,4,0,0,0,0
05,000,STATE - UTTARAKHAND,68,682,6820,Real estate activities on a fee or contract basis,4,4,0,2,2,0,2,2,0,0,0,0,0,0,0,0,0,0
05,000,STATE - UTTARAKHAND,69,691,6910,Legal activities,42,38,4,10,10,0,32,28,4,2,2,0,0,0,0,2,2,0
05,000,STATE - UTTARAKHAND,69,692,6920,"Accounting, bookkeeping and auditing activities; tax consultancy",2,2,0,2,2,0,0,0,0,0,0,0,0,0,0,0,0,0
05,000,STATE - UTTARAKHAND,70,701,7010,Activities of head offices,88,78,10,22,22,0,66,56,10,2,0,2,0,0,0,2,0,2
05,000,STATE - UTTARAKHAND,71,711,7110,Architectural and engineering activities and related technical,4,4,0,2,2,0,2,2,0,2,2,0,0,0,0,2,2,0
05,000,STATE - UTTARAKHAND,72,721,7210,Research and experimental development on natural sciences and,4,4,0,2,2,0,2,2,0,0,0,0,0,0,0,0,0,0
05,000,STATE - UTTARAKHAND,73,731,7310,Advertising,2,2,0,0,0,0,2,2,0,0,0,0,0,0,0,0,0,0
05,000,STATE - UTTARAKHAND,73,732,7320,Market research and public opinion polling,2,2,0,0,0,0,2,2,0,0,0,0,0,0,0,0,0,0
05,000,STATE - UTTARAKHAND,74,741,7410,Specialized design activities,4,2,2,4,2,2,0,0,0,0,0,0,0,0,0,0,0,0
05,000,STATE - UTTARAKHAND,74,742,7420,Photographic activities,30,30,0,18,18,0,12,12,0,0,0,0,0,0,0,0,0,0
05,000,STATE - UTTARAKHAND,74,749,7490,"Other professional, scientific and technical activities n.e.c.",10,10,0,2,2,0,8,8,0,0,0,0,0,0,0,0,0,0
05,000,STATE - UTTARAKHAND,75,750,7500,Veterinary activities,34,32,2,22,22,0,12,10,2,0,0,0,0,0,0,0,0,0
05,000,STATE - UTTARAKHAND,77,772,7729,Renting and leasing of other personal and household goods n.e.c.,22,22,0,18,18,0,4,4,0,8,8,0,8,8,0,0,0,0
05,000,STATE - UTTARAKHAND,78,781,7810,Activities of employment placement agencies,4,4,0,2,2,0,2,2,0,2,2,0,2,2,0,0,0,0
05,000,STATE - UTTARAKHAND,79,791,7911,Travel agency activities,14,12,2,4,2,2,10,10,0,2,2,0,2,2,0,0,0,0
05,000,STATE - UTTARAKHAND,80,802,8020,Security systems service activities,0,0,0,0,0,0,0,0,0,2,2,0,2,2,0,0,0,0
05,000,STATE - UTTARAKHAND,81,812,8121,General cleaning of buildings,2,2,0,0,0,0,2,2,0,0,0,0,0,0,0,0,0,0
05,000,STATE - UTTARAKHAND,82,821,8219,"Photocopying, document preparation and other specialized office",6,4,2,4,4,0,2,0,2,0,0,0,0,0,0,0,0,0
05,000,STATE - UTTARAKHAND,82,822,8220,Activities of call centres,12,6,6,8,2,6,4,4,0,2,2,0,2,2,0,0,0,0
05,000,STATE - UTTARAKHAND,82,829,8291,Activities of collection agencies and credit bureaus,2,2,0,2,2,0,0,0,0,0,0,0,0,0,0,0,0,0
05,000,STATE - UTTARAKHAND,82,829,8292,Packaging activities,28,26,2,26,24,2,2,2,0,6,6,0,6,6,0,0,0,0
05,000,STATE - UTTARAKHAND,82,829,8299,Other business support service activities n.e.c.,967,891,76,648,588,60,319,303,16,116,98,18,86,72,14,30,26,4
05,000,STATE - UTTARAKHAND,84,841,8411,General public administration activities,3196,2803,393,2024,1784,240,1172,1019,153,370,168,202,336,142,194,34,26,8
05,000,STATE - UTTARAKHAND,84,841,8412,"Regulation of the activities of providing health care, education, cultural",6,2,4,2,0,2,4,2,2,0,0,0,0,0,0,0,0,0
05,000,STATE - UTTARAKHAND,84,842,8422,Defence activities,688,665,23,442,432,10,246,233,13,30,22,8,16,14,2,14,8,6
05,000,STATE - UTTARAKHAND,84,842,8423,Public order and safety activities,470,452,18,314,300,14,156,152,4,4,2,2,2,2,0,2,0,2
05,000,STATE - UTTARAKHAND,84,843,8430,Compulsory social security activities,35,29,6,22,16,6,13,13,0,0,0,0,0,0,0,0,0,0
05,000,STATE - UTTARAKHAND,85,851,8510,Primary education,1620,622,998,1318,540,778,302,82,220,66,30,36,58,26,32,8,4,4
05,000,STATE - UTTARAKHAND,85,852,8521,General secondary education,581,306,275,424,240,184,157,66,91,16,6,10,14,4,10,2,2,0
05,000,STATE - UTTARAKHAND,85,852,8522,Technical and vocational secondary education,8,6,2,2,2,0,6,4,2,0,0,0,0,0,0,0,0,0
05,000,STATE - UTTARAKHAND,85,853,8530,Higher education,133,97,36,74,56,18,59,41,18,2,2,0,0,0,0,2,2,0
05,000,STATE - UTTARAKHAND,85,854,8549,Other education n.e.c.,113,74,39,68,42,26,45,32,13,42,16,26,38,16,22,4,0,4
05,000,STATE - UTTARAKHAND,85,855,8550,Educational support services,137,53,84,120,40,80,17,13,4,14,4,10,12,4,8,2,0,2
05,000,STATE - UTTARAKHAND,86,861,8610,Hospital activities,255,158,97,124,78,46,131,80,51,7,5,2,2,2,0,5,3,2
05,000,STATE - UTTARAKHAND,86,862,8620,Medical and dental practice activities,20,16,4,8,6,2,12,10,2,2,2,0,2,2,0,0,0,0
05,000,STATE - UTTARAKHAND,86,869,8690,Other human health activities,580,163,417,458,106,352,122,57,65,34,4,30,34,4,30,0,0,0
05,000,STATE - UTTARAKHAND,88,881,8810,Social work activities without accommodation for the elderly and,2,0,2,0,0,0,2,0,2,2,0,2,0,0,0,2,0,2
05,000,STATE - UTTARAKHAND,88,889,8890,Other social work activities without accommodation n.e.c.,349,34,315,296,20,276,53,14,39,34,4,30,28,4,24,6,0,6
05,000,STATE - UTTARAKHAND,90,900,9000,"Dramatic arts, music and other arts activities",26,26,0,12,12,0,14,14,0,14,14,0,10,10,0,4,4,0
05,000,STATE - UTTARAKHAND,93,931,9312,Activities of sports clubs,2,2,0,0,0,0,2,2,0,0,0,0,0,0,0,0,0,0
05,000,STATE - UTTARAKHAND,93,932,9329,Other amusement and recreation activities n.e.c.,6,6,0,4,4,0,2,2,0,2,2,0,2,2,0,0,0,0
05,000,STATE - UTTARAKHAND,94,941,9411,Activities of business and employers membership organizations,12,6,6,12,6,6,0,0,0,0,0,0,0,0,0,0,0,0
05,000,STATE - UTTARAKHAND,94,942,9420,Activities of trade unions,12,10,2,12,10,2,0,0,0,0,0,0,0,0,0,0,0,0
05,000,STATE - UTTARAKHAND,94,949,9491,Activities of religious organizations,64,56,8,52,46,6,12,10,2,20,20,0,20,20,0,0,0,0
05,000,STATE - UTTARAKHAND,94,949,9492,Activities of political organizations,90,54,36,82,48,34,8,6,2,6,2,4,6,2,4,0,0,0
05,000,STATE - UTTARAKHAND,94,949,9499,Activities of other membership organizations n.e.c.,20,16,4,16,12,4,4,4,0,0,0,0,0,0,0,0,0,0
05,000,STATE - UTTARAKHAND,95,951,9512,Repair of communication equipment,10,10,0,2,2,0,8,8,0,2,2,0,0,0,0,2,2,0
05,000,STATE - UTTARAKHAND,95,952,9521,Repair of consumer electronics,76,52,24,66,42,24,10,10,0,28,14,14,28,14,14,0,0,0
05,000,STATE - UTTARAKHAND,95,952,9522,Repair of household appliances and home and garden equipment,30,30,0,30,30,0,0,0,0,16,14,2,12,10,2,4,4,0
05,000,STATE - UTTARAKHAND,95,952,9523,Repair of footwear and leather goods,14,14,0,0,0,0,14,14,0,0,0,0,0,0,0,0,0,0
05,000,STATE - UTTARAKHAND,95,952,9524,Repair of furniture and home furnishings,2,2,0,2,2,0,0,0,0,0,0,0,0,0,0,0,0,0
05,000,STATE - UTTARAKHAND,95,952,9529,"Repair of personal and household goods, n.e.c.",112,100,12,96,84,12,16,16,0,28,26,2,24,22,2,4,4,0
05,000,STATE - UTTARAKHAND,96,960,9601,Washing and (dry-) cleaning of textile and fur products,16,12,4,2,2,0,14,10,4,0,0,0,0,0,0,0,0,0
05,000,STATE - UTTARAKHAND,96,960,9602,Hairdressing and other beauty treatment,41,28,13,18,12,6,23,16,7,0,0,0,0,0,0,0,0,0
05,000,STATE - UTTARAKHAND,96,960,9609,Other personal service activities n.e.c.,9,9,0,4,4,0,5,5,0,4,2,2,2,2,0,2,0,2
05,000,STATE - UTTARAKHAND,97,970,9700,Activities of households as employers of domestic personnel,160,80,80,102,50,52,58,30,28,82,20,62,62,14,48,20,6,14
05,000,STATE - UTTARAKHAND,99,990,9900,Activities of extraterritorial organizations and bodies,2,2,0,2,2,0,0,0,0,0,0,0,0,0,0,0,0,0
05,000,STATE - UTTARAKHAND,99,991,9910,Blank etc.,867,468,399,742,404,338,125,64,61,872,397,475,668,310,358,204,87,117
19,000,STATE - WEST BENGAL,01,011,0111,"Growing of cereals (except rice), leguminous crops and oil seeds",10571,9549,1022,6500,5781,719,4071,3768,303,5133,3393,1740,4238,2713,1525,895,680,215
19,000,STATE - WEST BENGAL,01,011,0112,Growing of rice,26974,24571,2403,16853,15210,1643,10121,9361,760,13629,9767,3862,11078,7621,3457,2551,2146,405
19,000,STATE - WEST BENGAL,01,011,0113,"Growing of vegetables and melons, roots and tubers",2145,1867,278,1204,1029,175,941,838,103,889,610,279,694,439,255,195,171,24
19,000,STATE - WEST BENGAL,01,011,0114,Growing of sugar cane,15,15,0,3,3,0,12,12,0,5,5,0,5,5,0,0,0,0
19,000,STATE - WEST BENGAL,01,011,0115,Growing of tobacco,34,34,0,26,26,0,8,8,0,0,0,0,0,0,0,0,0,0
19,000,STATE - WEST BENGAL,01,011,0116,Growing of fibre crops,236,193,43,136,102,34,100,91,9,53,42,11,48,37,11,5,5,0
19,000,STATE - WEST BENGAL,01,011,0119,Growing of other non-perennial crop,486,426,60,293,268,25,193,158,35,124,77,47,93,48,45,31,29,2
19,000,STATE - WEST BENGAL,01,012,0122,Growing of tropical and subtropical fruits,784,728,56,769,713,56,15,15,0,75,60,15,70,55,15,5,5,0
19,000,STATE - WEST BENGAL,01,012,0123,Growing of citrus fruits,23,23,0,9,9,0,14,14,0,18,18,0,18,18,0,0,0,0
19,000,STATE - WEST BENGAL,01,012,0124,Growing of pome fruits and stone fruits,11,11,0,2,2,0,9,9,0,0,0,0,0,0,0,0,0,0
19,000,STATE - WEST BENGAL,01,012,0125,Growing of other tree and bush fruits and nuts,793,593,200,612,425,187,181,168,13,401,172,229,329,137,192,72,35,37
19,000,STATE - WEST BENGAL,01,012,0126,Growing of oleaginous fruits,133,130,3,98,95,3,35,35,0,32,32,0,29,29,0,3,3,0
19,000,STATE - WEST BENGAL,01,012,0127,Growing of beverage crops,314393,172413,141980,296916,162303,134613,17477,10110,7367,73830,32133,41697,71297,30876,40421,2533,1257,1276
19,000,STATE - WEST BENGAL,01,012,0128,"Growing of spices, aromatic, drug and pharmaceutical crops",2683,1829,854,2615,1774,841,68,55,13,121,74,47,119,72,47,2,2,0
19,000,STATE - WEST BENGAL,01,012,0129,Growing of other perennial crops,1321,1171,150,903,781,122,418,390,28,443,297,146,355,231,124,88,66,22
19,000,STATE - WEST BENGAL,01,013,0130,Plant propagation,8597,7748,849,5683,5048,635,2914,2700,214,3691,2558,1133,3102,2151,951,589,407,182
19,000,STATE - WEST BENGAL,01,014,0141,Raising of cattle and buffaloes,83315,55580,27735,60703,36621,24082,22612,18959,3653,72256,17451,54805,67643,15260,52383,4613,2191,2422
19,000,STATE - WEST BENGAL,01,014,0142,Raising of horses and other equines,26,15,11,21,10,11,5,5,0,9,6,3,3,0,3,6,6,0
19,000,STATE - WEST BENGAL,01,014,0143,Raising and breeding of camels and camelids,28,13,15,23,11,12,5,2,3,31,11,20,31,11,20,0,0,0
19,000,STATE - WEST BENGAL,01,014,0144,Raising of sheep and goats,3590,1472,2118,3094,1113,1981,496,359,137,6531,1272,5259,6343,1205,5138,188,67,121
19,000,STATE - WEST BENGAL,01,014,0145,Raising of swine/pigs,296,238,58,192,142,50,104,96,8,277,79,198,253,71,182,24,8,16
19,000,STATE - WEST BENGAL,01,014,0146,Raising of poultry,10160,8029,2131,7834,5891,1943,2326,2138,188,7637,1374,6263,7298,1207,6091,339,167,172
19,000,STATE - WEST BENGAL,01,014,0149,Raising of other animals,4660,3821,839,3774,3060,714,886,761,125,3695,1646,2049,3469,1496,1973,226,150,76
19,000,STATE - WEST BENGAL,01,015,0150,Mixed farming,445,306,139,346,228,118,99,78,21,473,111,362,413,101,312,60,10,50
19,000,STATE - WEST BENGAL,01,016,0161,Support activities for crop production,22796,20577,2219,15383,13767,1616,7413,6810,603,11343,7878,3465,9617,6413,3204,1726,1465,261
19,000,STATE - WEST BENGAL,01,016,0162,Support activities for animal production,134,110,24,95,81,14,39,29,10,85,13,72,80,10,70,5,3,2
19,000,STATE - WEST BENGAL,01,016,0163,Post-harvest crop activities,2225,1790,435,1465,1184,281,760,606,154,1268,443,825,1157,393,764,111,50,61
19,000,STATE - WEST BENGAL,01,016,0164,Seed processing for propagation,159,110,49,49,45,4,110,65,45,157,43,114,78,34,44,79,9,70
19,000,STATE - WEST BENGAL,01,017,0170,"Hunting, trapping and related service activities",166,159,7,121,116,5,45,43,2,85,46,39,73,36,37,12,10,2
19,000,STATE - WEST BENGAL,02,021,0210,Silviculture and other forestry activities,2958,2569,389,2080,1792,288,878,777,101,1109,599,510,947,493,454,162,106,56
19,000,STATE - WEST BENGAL,02,022,0220,Logging,8695,7284,1411,6636,5464,1172,2059,1820,239,6406,2873,3533,5776,2513,3263,630,360,270
19,000,STATE - WEST BENGAL,02,023,0230,Gathering of non-wood forest products,2879,1926,953,2389,1589,800,490,337,153,3311,1172,2139,3148,1083,2065,163,89,74
19,000,STATE - WEST BENGAL,02,024,0240,Support services to forestry,4075,3639,436,2544,2346,198,1531,1293,238,557,375,182,479,303,176,78,72,6
19,000,STATE - WEST BENGAL,03,031,0311,Marine fishing,39436,37669,1767,33383,31843,1540,6053,5826,227,10930,8959,1971,10109,8213,1896,821,746,75
19,000,STATE - WEST BENGAL,03,031,0312,Freash water fishing,48900,47374,1526,39149,37872,1277,9751,9502,249,11223,9611,1612,10002,8452,1550,1221,1159,62
19,000,STATE - WEST BENGAL,03,032,0321,Marine aquaculture,26512,25232,1280,21463,20411,1052,5049,4821,228,6958,5726,1232,6416,5259,1157,542,467,75
19,000,STATE - WEST BENGAL,03,032,0322,Freshwater aquaculture,4861,4669,192,3032,2946,86,1829,1723,106,787,685,102,635,542,93,152,143,9
19,000,STATE - WEST BENGAL,05,051,0510,Mining of hard coal,69019,63439,5580,14861,13644,1217,54158,49795,4363,3399,2920,479,887,716,171,2512,2204,308
19,000,STATE - WEST BENGAL,05,052,0520,Mining of lignite,1275,897,378,1035,684,351,240,213,27,170,103,67,154,98,56,16,5,11
19,000,STATE - WEST BENGAL,06,061,0610,Extraction of crude petroleum,6706,5818,888,4670,3994,676,2036,1824,212,1871,1378,493,1731,1246,485,140,132,8
19,000,STATE - WEST BENGAL,06,062,0620,Extraction of natural gas,203,192,11,81,73,8,122,119,3,25,25,0,15,15,0,10,10,0
19,000,STATE - WEST BENGAL,07,071,0710,Mining of iron ores,152,144,8,94,91,3,58,53,5,30,28,2,18,16,2,12,12,0
19,000,STATE - WEST BENGAL,07,072,0729,Mining of other non-ferrous metal ores,213,198,15,128,121,7,85,77,8,30,28,2,24,22,2,6,6,0
19,000,STATE - WEST BENGAL,08,081,0810,"Quarrying of stone, sand and clay",39353,32906,6447,32021,27203,4818,7332,5703,1629,13052,9169,3883,11094,8019,3075,1958,1150,808
19,000,STATE - WEST BENGAL,08,089,0891,Mining of chemical and fertilizer minerals,75,72,3,66,66,0,9,6,3,9,9,0,9,9,0,0,0,0
19,000,STATE - WEST BENGAL,08,089,0892,Extraction and agglomeration of peat,6251,5491,760,5124,4420,704,1127,1071,56,1749,1293,456,1656,1210,446,93,83,10
19,000,STATE - WEST BENGAL,08,089,0893,Extraction of salt,665,585,80,614,536,78,51,49,2,230,129,101,228,129,99,2,0,2
19,000,STATE - WEST BENGAL,08,089,0899,Other mining and quarrying n.e.c.,7573,6494,1079,6465,5486,979,1108,1008,100,2058,1466,592,1679,1214,465,379,252,127
19,000,STATE - WEST BENGAL,09,091,0910,Support activities for petroleum and natural gas mining,798,748,50,324,308,16,474,440,34,116,111,5,84,82,2,32,29,3
19,000,STATE - WEST BENGAL,09,099,0990,Support activities for other mining and quarrying,170,136,34,143,109,34,27,27,0,58,41,17,46,29,17,12,12,0
19,000,STATE - WEST BENGAL,10,101,1010,Processing and preserving of meat,2959,2337,622,1822,1295,527,1137,1042,95,2874,604,2270,2640,468,2172,234,136,98
19,000,STATE - WEST BENGAL,10,102,1020,"Processing and preserving of fish, crustaceans and molluscs and",2433,2179,254,1716,1534,182,717,645,72,1463,882,581,1313,760,553,150,122,28
19,000,STATE - WEST BENGAL,10,103,1030,Processing and preserving of fruit and vegetables,8364,6905,1459,3053,2564,489,5311,4341,970,3045,1554,1491,1861,846,1015,1184,708,476
19,000,STATE - WEST BENGAL,10,104,1040,Manufacture of vegetable and animal oils and fats,6359,5753,606,3201,2824,377,3158,2929,229,862,448,414,658,320,338,204,128,76
19,000,STATE - WEST BENGAL,10,105,1050,Manufacture of dairy products,21491,15617,5874,14173,9373,4800,7318,6244,1074,23242,5499,17743,21606,4718,16888,1636,781,855
19,000,STATE - WEST BENGAL,10,106,1061,Manufacture of grain mill products,73202,59956,13246,48354,39207,9147,24848,20749,4099,21826,9738,12088,18740,8064,10676,3086,1674,1412
19,000,STATE - WEST BENGAL,10,106,1062,Manufacture of starches and starch products,1417,1328,89,692,656,36,725,672,53,216,136,80,146,76,70,70,60,10
19,000,STATE - WEST BENGAL,10,107,1071,Manufacture of bakery products,30651,29248,1403,16416,15785,631,14235,13463,772,3796,3302,494,2691,2357,334,1105,945,160
19,000,STATE - WEST BENGAL,10,107,1072,Manufacture of sugar,2266,2086,180,935,859,76,1331,1227,104,657,445,212,509,329,180,148,116,32
19,000,STATE - WEST BENGAL,10,107,1073,"Manufacture of cocoa, chocolate and sugar confectionery",26726,25568,1158,17325,16637,688,9401,8931,470,3880,3064,816,2958,2381,577,922,683,239
19,000,STATE - WEST BENGAL,10,107,1074,"Manufacture of macaroni, noodles, couscous and similar farinaceous",1192,853,339,479,305,174,713,548,165,207,73,134,105,36,69,102,37,65
19,000,STATE - WEST BENGAL,10,107,1075,Manufacture of prepared meals and dishes,20989,18269,2720,11689,10110,1579,9300,8159,1141,5252,3237,2015,3472,1960,1512,1780,1277,503
19,000,STATE - WEST BENGAL,10,107,1079,Manufacture of other food products n.e.c.,29345,20869,8476,16786,11952,4834,12559,8917,3642,10264,3819,6445,7140,2816,4324,3124,1003,2121
19,000,STATE - WEST BENGAL,10,108,1080,Manufacture of prepared animal feeds,388,329,59,232,187,45,156,142,14,208,56,152,191,50,141,17,6,11
19,000,STATE - WEST BENGAL,11,110,1101,"Distilling, rectifying and blending of spirits; ethyl alcohol production",815,738,77,223,190,33,592,548,44,127,71,56,64,26,38,63,45,18
19,000,STATE - WEST BENGAL,11,110,1102,Manufacture of wines,671,576,95,229,140,89,442,436,6,95,46,49,68,31,37,27,15,12
19,000,STATE - WEST BENGAL,11,110,1103,Manufacture of malt liquors and malt,311,300,11,87,85,2,224,215,9,38,27,11,24,18,6,14,9,5
19,000,STATE - WEST BENGAL,11,110,1104,Manufacture of soft drinks; production of mineral waters and other,2700,2543,157,916,871,45,1784,1672,112,395,328,67,235,199,36,160,129,31
19,000,STATE - WEST BENGAL,12,120,1200,Manufacture of tobacco products,580234,128082,452152,357693,58372,299321,222541,69710,152831,347571,29358,318213,273351,19190,254161,74220,10168,64052
19,000,STATE - WEST BENGAL,13,131,1311,Preparation and spinning of textile fibres,84068,71468,12600,39149,32705,6444,44919,38763,6156,32914,20447,12467,22864,14053,8811,10050,6394,3656
19,000,STATE - WEST BENGAL,13,131,1312,Weaving of textiles,243131,194431,48700,85995,62089,23906,157136,132342,24794,43842,16164,27678,27835,8774,19061,16007,7390,8617
19,000,STATE - WEST BENGAL,13,131,1313,Finishing of textiles,117051,95085,21966,37357,26363,10994,79694,68722,10972,23032,8953,14079,14327,4509,9818,8705,4444,4261
19,000,STATE - WEST BENGAL,13,139,1391,Manufacture of knitted and crocheted fabrics,931,669,262,511,358,153,420,311,109,491,79,412,411,57,354,80,22,58
19,000,STATE - WEST BENGAL,13,139,1392,"Manufacture of made-up textile articles, except apparel",8180,6900,1280,3927,3179,748,4253,3721,532,3347,1195,2152,2495,770,1725,852,425,427
19,000,STATE - WEST BENGAL,13,139,1393,Manufacture of carpets and rugs,11732,10546,1186,2817,2259,558,8915,8287,628,2154,1070,1084,1432,596,836,722,474,248
19,000,STATE - WEST BENGAL,13,139,1394,"Manufacture of cordage, rope, twine and netting",12859,10334,2525,4426,2728,1698,8433,7606,827,8130,1732,6398,7020,1222,5798,1110,510,600
19,000,STATE - WEST BENGAL,13,139,1399,Manufacture of other textiles n.e.c.,298848,227562,71286,145161,106512,38649,153687,121050,32637,156243,66701,89542,109074,44278,64796,47169,22423,24746
19,000,STATE - WEST BENGAL,14,141,1410,"Manufacture of wearing apparel, except fur apparel",467372,393857,73515,192421,167834,24587,274951,226023,48928,122395,67316,55079,74728,43642,31086,47667,23674,23993
19,000,STATE - WEST BENGAL,14,142,1420,Manufacture of articles of fur,23643,19396,4247,8338,6898,1440,15305,12498,2807,6910,3426,3484,3658,1806,1852,3252,1620,1632
19,000,STATE - WEST BENGAL,14,143,1430,Manufacture of knitted and crocheted apparel,26852,24086,2766,10250,9600,650,16602,14486,2116,3990,2903,1087,2449,1825,624,1541,1078,463
19,000,STATE - WEST BENGAL,15,151,1511,Tanning and dressing of leather; dressing and dyeing of fur,5264,4852,412,1489,1378,111,3775,3474,301,776,557,219,442,300,142,334,257,77
19,000,STATE - WEST BENGAL,15,151,1512,"Manufacture of luggage, handbags and the like, saddlery and harness",23046,20758,2288,9095,8554,541,13951,12204,1747,3920,3058,862,2265,1862,403,1655,1196,459
19,000,STATE - WEST BENGAL,15,152,1520,Manufacture of footwear,33063,30728,2335,6539,6105,434,26524,24623,1901,4248,3289,959,1374,1001,373,2874,2288,586
19,000,STATE - WEST BENGAL,16,161,1610,Saw milling and planing of wood,16202,15756,446,10138,9892,246,6064,5864,200,2132,1894,238,1570,1393,177,562,501,61
19,000,STATE - WEST BENGAL,16,162,1621,"Manufacture of veneer sheets; manufacture of plywood, laminboard,",9814,9308,506,6425,6155,270,3389,3153,236,1661,1341,320,1318,1078,240,343,263,80
19,000,STATE - WEST BENGAL,16,162,1622,Manufacture of builders carpentry and joinery,13444,13258,186,9158,9018,140,4286,4240,46,2100,1957,143,1642,1514,128,458,443,15
19,000,STATE - WEST BENGAL,16,162,1623,Manufacture of wooden containers,22111,15482,6629,18485,12522,5963,3626,2960,666,14017,4202,9815,13359,3881,9478,658,321,337
19,000,STATE - WEST BENGAL,16,162,1629,"Manufacture of other products of wood; manufacture of articles of cork,",84842,64442,20400,56083,39601,16482,28759,24841,3918,63214,16775,46439,57064,13249,43815,6150,3526,2624
19,000,STATE - WEST BENGAL,17,170,1701,"Manufacture of pulp, paper and paperboard",7451,5694,1757,2169,1699,470,5282,3995,1287,2020,642,1378,1018,283,735,1002,359,643
19,000,STATE - WEST BENGAL,17,170,1702,Manufacture of corrugated paper and paperboard and containers of,5331,3369,1962,1321,811,510,4010,2558,1452,2116,506,1610,954,193,761,1162,313,849
19,000,STATE - WEST BENGAL,17,170,1709,Manufacture of other articles of paper and paperboard,9806,7268,2538,3012,2243,769,6794,5025,1769,3019,1030,1989,1608,574,1034,1411,456,955
19,000,STATE - WEST BENGAL,18,181,1811,Printing,15004,14203,801,4102,3955,147,10902,10248,654,1322,1169,153,564,517,47,758,652,106
19,000,STATE - WEST BENGAL,18,181,1812,Service activities related to printing,14312,13449,863,3756,3636,120,10556,9813,743,1472,1228,244,725,640,85,747,588,159
19,000,STATE - WEST BENGAL,18,182,1820,Reproduction of recorded media,44,38,6,18,18,0,26,20,6,0,0,0,0,0,0,0,0,0
19,000,STATE - WEST BENGAL,19,191,1910,Manufacture of coke oven products,2165,1936,229,816,718,98,1349,1218,131,413,185,228,290,111,179,123,74,49
19,000,STATE - WEST BENGAL,19,192,1920,Manufacture of refined petroleum products,4984,4746,238,1217,1154,63,3767,3592,175,412,305,107,231,156,75,181,149,32
19,000,STATE - WEST BENGAL,20,201,2011,Manufacture of basic chemicals,2677,2531,146,724,693,31,1953,1838,115,163,130,33,51,44,7,112,86,26
19,000,STATE - WEST BENGAL,20,201,2012,Manufacture of fertilizers and nitrogen compounds,1391,1325,66,688,645,43,703,680,23,203,160,43,153,116,37,50,44,6
19,000,STATE - WEST BENGAL,20,201,2013,Manufacture of plastics and synthetic rubber in primary forms,229,210,19,89,79,10,140,131,9,48,25,23,21,11,10,27,14,13
19,000,STATE - WEST BENGAL,20,202,2021,Manufacture of pesticides and other agrochemical products,225,208,17,73,65,8,152,143,9,34,30,4,25,21,4,9,9,0
19,000,STATE - WEST BENGAL,20,202,2022,"Manufacture of paints, varnishes and similar coatings, printing ink and",7338,6953,385,2184,2040,144,5154,4913,241,975,822,153,487,389,98,488,433,55
19,000,STATE - WEST BENGAL,20,202,2023,"Manufacture of soap and detergents, cleaning and polishing preparations,",13460,10255,3205,5163,3571,1592,8297,6684,1613,6336,1326,5010,4464,715,3749,1872,611,1261
19,000,STATE - WEST BENGAL,20,202,2029,Manufacture of other chemical products n.e.c.,2874,2539,335,815,717,98,2059,1822,237,438,211,227,258,137,121,180,74,106
19,000,STATE - WEST BENGAL,20,203,2030,Manufacture of man-made fibres,53,53,0,17,17,0,36,36,0,8,8,0,6,6,0,2,2,0
19,000,STATE - WEST BENGAL,20,203,2031,Manufacture of anti-sprouting products,65,63,2,15,15,0,50,48,2,12,12,0,6,6,0,6,6,0
19,000,STATE - WEST BENGAL,21,210,2100,"Manufacture of pharmaceuticals, medicinal chemical and botanical",10616,9904,712,2200,2098,102,8416,7806,610,692,588,104,315,270,45,377,318,59
19,000,STATE - WEST BENGAL,22,221,2211,Manufacture of rubber tyres and tubes; retreading and rebuilding of,2536,2413,123,693,670,23,1843,1743,100,189,135,54,84,55,29,105,80,25
19,000,STATE - WEST BENGAL,22,221,2219,Manufacture of other rubber products,3332,3099,233,690,644,46,2642,2455,187,440,274,166,149,90,59,291,184,107
19,000,STATE - WEST BENGAL,22,222,2220,Manufacture of plastics products,16390,13874,2516,5044,4455,589,11346,9419,1927,2609,1568,1041,1401,848,553,1208,720,488
19,000,STATE - WEST BENGAL,23,231,2310,Manufacture of glass and glass products,9555,7006,2549,4868,2841,2027,4687,4165,522,8611,1066,7545,8162,764,7398,449,302,147
19,000,STATE - WEST BENGAL,23,239,2391,Manufacture of refractory products,13305,11275,2030,9860,8340,1520,3445,2935,510,5787,4113,1674,4595,3326,1269,1192,787,405
19,000,STATE - WEST BENGAL,23,239,2392,Manufacture of clay building materials,105763,86681,19082,80538,65981,14557,25225,20700,4525,55486,37945,17541,46494,31882,14612,8992,6063,2929
19,000,STATE - WEST BENGAL,23,239,2393,Manufacture of other porcelain and ceramic products,42998,35634,7364,25721,21390,4331,17277,14244,3033,15434,8951,6483,12697,7192,5505,2737,1759,978
19,000,STATE - WEST BENGAL,23,239,2394,"Manufacture of cement, lime and plaster",6544,6269,275,2567,2453,114,3977,3816,161,900,776,124,442,361,81,458,415,43
19,000,STATE - WEST BENGAL,23,239,2395,"Manufacture of articles of concrete, cement and plaster",4425,4115,310,3080,2870,210,1345,1245,100,1022,794,228,811,621,190,211,173,38
19,000,STATE - WEST BENGAL,23,239,2396,"Cutting, shaping and finishing of stone",2530,2072,458,1339,1054,285,1191,1018,173,762,507,255,544,380,164,218,127,91
19,000,STATE - WEST BENGAL,23,239,2399,Manufacture of other non-metallic mineral products n.e.c.,1332,1202,130,763,650,113,569,552,17,257,208,49,203,166,37,54,42,12
19,000,STATE - WEST BENGAL,24,241,2410,Manufacture of basic iron and steel,89557,86292,3265,21985,21380,605,67572,64912,2660,7818,7249,569,2654,2444,210,5164,4805,359
19,000,STATE - WEST BENGAL,24,242,2420,Manufacture of basic precious and other non-ferrous metals,9422,8877,545,3591,3400,191,5831,5477,354,1096,926,170,605,535,70,491,391,100
19,000,STATE - WEST BENGAL,24,243,2431,Casting of iron and steel,527303,433768,93535,222773,167324,55449,304530,266444,38086,141917,63808,78109,106525,42444,64081,35392,21364,14028
19,000,STATE - WEST BENGAL,24,243,2432,Casting of non-ferrous metals,5339,4999,340,2861,2708,153,2478,2291,187,1066,720,346,872,592,280,194,128,66
19,000,STATE - WEST BENGAL,25,251,2511,Manufacture of structural metal products,24413,23816,597,10749,10554,195,13664,13262,402,2956,2849,107,1830,1762,68,1126,1087,39
19,000,STATE - WEST BENGAL,25,251,2512,"Manufacture of tanks, reservoirs and containers of metal",2333,2176,157,773,711,62,1560,1465,95,316,214,102,163,104,59,153,110,43
19,000,STATE - WEST BENGAL,25,251,2513,"Manufacture of steam generators, except central heating hot water",225,212,13,104,96,8,121,116,5,17,9,8,8,0,8,9,9,0
19,000,STATE - WEST BENGAL,25,252,2520,Manufacture of weapons and ammunition,2169,2004,165,157,148,9,2012,1856,156,79,55,24,27,9,18,52,46,6
19,000,STATE - WEST BENGAL,25,259,2591,"Forging, pressing, stamping and roll-forming of metal; powder",245,236,9,69,64,5,176,172,4,33,24,9,30,24,6,3,0,3
19,000,STATE - WEST BENGAL,25,259,2592,Machining; treatment and coating of metals,82,82,0,27,27,0,55,55,0,3,3,0,3,3,0,0,0,0
19,000,STATE - WEST BENGAL,25,259,2593,"Manufacture of cutlery, hand tools and general hardware",39848,38762,1086,22247,21602,645,17601,17160,441,5299,4552,747,3977,3333,644,1322,1219,103
19,000,STATE - WEST BENGAL,25,259,2599,Manufacture of other fabricated metal products n.e.c.,13772,13285,487,5655,5463,192,8117,7822,295,1657,1374,283,1037,874,163,620,500,120
19,000,STATE - WEST BENGAL,26,261,2610,Manufacture of electronic components,814,749,65,304,270,34,510,479,31,73,65,8,38,35,3,35,30,5
19,000,STATE - WEST BENGAL,26,262,2620,Manufacture of computers and peripheral equipment,1383,1225,158,298,269,29,1085,956,129,77,68,9,30,24,6,47,44,3
19,000,STATE - WEST BENGAL,26,263,2630,Manufacture of communication equipment,1222,1155,67,442,433,9,780,722,58,166,155,11,78,67,11,88,88,0
19,000,STATE - WEST BENGAL,26,264,2640,Manufacture of consumer electronics,1182,1113,69,439,434,5,743,679,64,140,118,22,68,59,9,72,59,13
19,000,STATE - WEST BENGAL,26,265,2651,"Manufacture of measuring, testing, navigating and control equipment",174,162,12,78,74,4,96,88,8,24,21,3,24,21,3,0,0,0
19,000,STATE - WEST BENGAL,26,265,2652,Manufacture of watches and clocks,423,380,43,145,127,18,278,253,25,32,24,8,9,9,0,23,15,8
19,000,STATE - WEST BENGAL,26,266,2660,"Manufacture of irradiation, electromedical and electrotherapeutic",11,11,0,0,0,0,11,11,0,0,0,0,0,0,0,0,0,0
19,000,STATE - WEST BENGAL,26,267,2670,Manufacture of optical instruments and equipment,2114,2047,67,1373,1348,25,741,699,42,296,272,24,239,221,18,57,51,6
19,000,STATE - WEST BENGAL,26,268,2680,Manufacture of magnetic and optical media,107,100,7,38,38,0,69,62,7,7,7,0,0,0,0,7,7,0
19,000,STATE - WEST BENGAL,27,271,2710,"Manufacture of electric motors, generators, transformers and electricity",5329,5201,128,2100,2067,33,3229,3134,95,582,572,10,323,318,5,259,254,5
19,000,STATE - WEST BENGAL,27,272,2720,Manufacture of batteries and accumulators,3558,3438,120,1018,989,29,2540,2449,91,266,243,23,151,135,16,115,108,7
19,000,STATE - WEST BENGAL,27,273,2731,Manufacture of fibre optic cables for data transmission or live,233,195,38,86,71,15,147,124,23,35,15,20,32,12,20,3,3,0
19,000,STATE - WEST BENGAL,27,273,2732,Manufacture of other electronic and electric wires and cables,823,790,33,201,199,2,622,591,31,53,50,3,19,16,3,34,34,0
19,000,STATE - WEST BENGAL,27,273,2733,Manufacture of wiring devices,788,639,149,299,257,42,489,382,107,99,80,19,53,45,8,46,35,11
19,000,STATE - WEST BENGAL,27,274,2740,Manufacture of electric lighting equipment,2108,1848,260,646,603,43,1462,1245,217,192,172,20,107,99,8,85,73,12
19,000,STATE - WEST BENGAL,27,275,2750,Manufacture of domestic appliances,3911,3426,485,1557,1333,224,2354,2093,261,600,448,152,321,233,88,279,215,64
19,000,STATE - WEST BENGAL,27,279,2790,Manufacture of other electrical equipment,302,274,28,78,75,3,224,199,25,23,15,8,5,2,3,18,13,5
19,000,STATE - WEST BENGAL,28,281,2811,"Manufacture of engines and turbines, except aircraft, vehicle and cycle",242,234,8,71,71,0,171,163,8,32,30,2,26,24,2,6,6,0
19,000,STATE - WEST BENGAL,28,281,2812,Manufacture of fluid power equipment,77,71,6,27,27,0,50,44,6,5,0,5,0,0,0,5,0,5
19,000,STATE - WEST BENGAL,28,281,2813,"Manufacture of other pumps, compressors, taps and valves",246,219,27,110,101,9,136,118,18,35,32,3,24,24,0,11,8,3
19,000,STATE - WEST BENGAL,28,281,2814,"Manufacture of bearings, gears, gearing and driving elements",1395,1328,67,462,443,19,933,885,48,129,110,19,57,49,8,72,61,11
19,000,STATE - WEST BENGAL,28,281,2815,"Manufacture of ovens, furnaces and furnace burners",131,116,15,47,44,3,84,72,12,35,15,20,21,9,12,14,6,8
19,000,STATE - WEST BENGAL,28,281,2816,Manufacture of lifting and handling equipment,300,278,22,129,124,5,171,154,17,33,17,16,27,11,16,6,6,0
19,000,STATE - WEST BENGAL,28,281,2817,Manufacture of office machinery and equipment,214,203,11,116,111,5,98,92,6,36,31,5,29,26,3,7,5,2
19,000,STATE - WEST BENGAL,28,281,2818,Manufacture of power-driven hand tools,103,95,8,44,39,5,59,56,3,3,3,0,0,0,0,3,3,0
19,000,STATE - WEST BENGAL,28,281,2819,Manufacture of other general-purpose machinery,1900,1815,85,1000,955,45,900,860,40,202,175,27,178,156,22,24,19,5
19,000,STATE - WEST BENGAL,28,282,2821,Manufacture of agricultural and forestry machinery,437,382,55,189,159,30,248,223,25,143,91,52,117,71,46,26,20,6
19,000,STATE - WEST BENGAL,28,282,2822,Manufacture of metal-forming machinery and machine tools,7332,7196,136,2834,2778,56,4498,4418,80,480,434,46,276,248,28,204,186,18
19,000,STATE - WEST BENGAL,28,282,2823,Manufacture of machinery for metallurgy,340,326,14,157,145,12,183,181,2,46,32,14,37,27,10,9,5,4
19,000,STATE - WEST BENGAL,28,282,2824,"Manufacture of machinery for mining, quarrying and construction",504,486,18,236,229,7,268,257,11,91,79,12,51,43,8,40,36,4
19,000,STATE - WEST BENGAL,28,282,2825,"Manufacture of machinery for food, beverage and tobacco processing",1395,1146,249,803,615,188,592,531,61,250,150,100,174,94,80,76,56,20
19,000,STATE - WEST BENGAL,28,282,2826,"Manufacture of machinery for textile, apparel and leather production",1756,1491,265,786,698,88,970,793,177,328,202,126,225,145,80,103,57,46
19,000,STATE - WEST BENGAL,28,282,2829,Manufacture of other special-purpose machinery,1493,1306,187,453,426,27,1040,880,160,282,210,72,156,133,23,126,77,49
19,000,STATE - WEST BENGAL,29,291,2910,Manufacture of motor vehicles,1214,1191,23,172,169,3,1042,1022,20,45,45,0,18,18,0,27,27,0
19,000,STATE - WEST BENGAL,29,292,2920,Manufacture of bodies (coachwork) for motor vehicles; manufacture of trailers and semi-trailers,1395,1368,27,447,440,7,948,928,20,76,70,6,44,42,2,32,28,4
19,000,STATE - WEST BENGAL,29,293,2930,Manufacture of parts and accessories for motor vehicles,990,946,44,284,268,16,706,678,28,70,64,6,26,23,3,44,41,3
19,000,STATE - WEST BENGAL,30,301,3011,Building of ships and floating structures,46775,45511,1264,26739,26062,677,20036,19449,587,6783,6056,727,4931,4374,557,1852,1682,170
19,000,STATE - WEST BENGAL,30,301,3012,Building of pleasure and sporting boats,18,18,0,6,6,0,12,12,0,0,0,0,0,0,0,0,0,0
19,000,STATE - WEST BENGAL,30,302,3020,Manufacture of railway locomotives and rolling stock,6030,5753,277,889,854,35,5141,4899,242,470,372,98,276,217,59,194,155,39
19,000,STATE - WEST BENGAL,30,303,3030,Manufacture of air and spacecraft and related machinery,116,105,11,51,45,6,65,60,5,32,32,0,21,21,0,11,11,0
19,000,STATE - WEST BENGAL,30,304,3040,Manufacture of weapons and ammunition,510,465,45,94,71,23,416,394,22,34,20,14,11,5,6,23,15,8
19,000,STATE - WEST BENGAL,30,309,3091,Manufacture of motorcycles,211,205,6,69,66,3,142,139,3,12,10,2,8,8,0,4,2,2
19,000,STATE - WEST BENGAL,30,309,3092,Manufacture of bicycles and invalid carriages,490,462,28,189,181,8,301,281,20,77,57,20,38,23,15,39,34,5
19,000,STATE - WEST BENGAL,30,309,3099,Manufacture of other transport equipment n.e.c.,11347,10990,357,6317,6153,164,5030,4837,193,2885,2608,277,1678,1496,182,1207,1112,95
19,000,STATE - WEST BENGAL,31,310,3100,Manufacture of furniture,238812,234767,4045,137380,135349,2031,101432,99418,2014,39529,37385,2144,28249,26711,1538,11280,10674,606
19,000,STATE - WEST BENGAL,32,321,3211,Manufacture of jewellery and related articles,207640,203498,4142,131431,129235,2196,76209,74263,1946,25135,23287,1848,19641,18356,1285,5494,4931,563
19,000,STATE - WEST BENGAL,32,321,3212,Manufacture of imitation jewellery and related articles,9941,8682,1259,6573,5824,749,3368,2858,510,1977,1005,972,1398,737,661,579,268,311
19,000,STATE - WEST BENGAL,32,322,3220,Manufacture of musical instruments,2313,2241,72,1383,1336,47,930,905,25,372,338,34,275,247,28,97,91,6
19,000,STATE - WEST BENGAL,32,323,3230,Manufacture of sports goods,387,339,48,82,74,8,305,265,40,60,32,28,25,18,7,35,14,21
19,000,STATE - WEST BENGAL,32,324,3240,Manufacture of games and toys,2893,2065,828,1019,844,175,1874,1221,653,875,352,523,436,210,226,439,142,297
19,000,STATE - WEST BENGAL,32,325,3250,Manufacture of medical and dental instruments and supplies,685,658,27,233,229,4,452,429,23,92,81,11,66,58,8,26,23,3
19,000,STATE - WEST BENGAL,32,329,3290,Other manufacturing n.e.c.,66332,59085,7247,21381,18136,3245,44951,40949,4002,17724,8499,9225,11721,4605,7116,6003,3894,2109
19,000,STATE - WEST BENGAL,33,331,3311,Repair of fabricated metal products,3653,3608,45,1608,1598,10,2045,2010,35,527,511,16,371,357,14,156,154,2
19,000,STATE - WEST BENGAL,33,331,3312,Repair of machinery,4456,4409,47,2503,2485,18,1953,1924,29,696,648,48,486,460,26,210,188,22
19,000,STATE - WEST BENGAL,33,331,3313,Repair of electronic and optical equipment,4328,4236,92,1545,1525,20,2783,2711,72,508,494,14,266,260,6,242,234,8
19,000,STATE - WEST BENGAL,33,331,3314,Repair of electrical equipment,19582,19274,308,7947,7857,90,11635,11417,218,3196,3096,100,1680,1638,42,1516,1458,58
19,000,STATE - WEST BENGAL,33,331,3315,"Repair of transport equipment, except motor vehicles",2956,2901,55,1381,1359,22,1575,1542,33,301,292,9,212,203,9,89,89,0
19,000,STATE - WEST BENGAL,33,331,3319,Repair of other equipment,2816,2758,58,1112,1099,13,1704,1659,45,408,386,22,243,234,9,165,152,13
19,000,STATE - WEST BENGAL,33,332,3320,Installation of industrial machinery and equipment,4178,4094,84,1426,1415,11,2752,2679,73,493,475,18,279,273,6,214,202,12
19,000,STATE - WEST BENGAL,35,351,3510,"Electric power generation, transmission and distribution",56199,53287,2912,21117,20273,844,35082,33014,2068,4406,4078,328,2736,2511,225,1670,1567,103
19,000,STATE - WEST BENGAL,35,352,3520,Manufacture of gas; distribution of gaseous fuels through mains,2475,2378,97,752,719,33,1723,1659,64,195,195,0,69,69,0,126,126,0
19,000,STATE - WEST BENGAL,35,353,3530,Steam and air conditioning supply,838,762,76,365,339,26,473,423,50,65,65,0,41,41,0,24,24,0
19,000,STATE - WEST BENGAL,36,360,3600,"Water collection, treatment and supply",7263,6896,367,2963,2838,125,4300,4058,242,481,428,53,256,220,36,225,208,17
19,000,STATE - WEST BENGAL,37,370,3700,Sewerage,829,664,165,161,132,29,668,532,136,172,117,55,57,36,21,115,81,34
19,000,STATE - WEST BENGAL,38,381,3811,Collection of non-hazardous waste,3673,2975,698,1402,1216,186,2271,1759,512,1305,881,424,697,489,208,608,392,216
19,000,STATE - WEST BENGAL,38,381,3812,Collection of hazardous waste,8922,7243,1679,2943,2599,344,5979,4644,1335,2348,1576,772,1213,879,334,1135,697,438
19,000,STATE - WEST BENGAL,38,382,3821,Treatment and disposal of non-hazardous waste,51,39,12,15,15,0,36,24,12,8,5,3,2,2,0,6,3,3
19,000,STATE - WEST BENGAL,38,382,3822,Treatment and disposal of hazardous waste,645,540,105,86,78,8,559,462,97,128,95,33,23,18,5,105,77,28
19,000,STATE - WEST BENGAL,38,383,3830,Materials recovery,14,14,0,8,8,0,6,6,0,9,0,9,9,0,9,0,0,0
19,000,STATE - WEST BENGAL,39,390,3900,Remediation activities and other waste management services,359,329,30,105,99,6,254,230,24,62,47,15,18,12,6,44,35,9
19,000,STATE - WEST BENGAL,41,410,4100,Construction of buildings,1104168,1053789,50379,626446,602834,23612,477722,450955,26767,316935,272606,44329,222042,188345,33697,94893,84261,10632
19,000,STATE - WEST BENGAL,42,421,4210,Construction roads and railways,44001,39355,4646,24975,22372,2603,19026,16983,2043,37903,24799,13104,29396,18463,10933,8507,6336,2171
19,000,STATE - WEST BENGAL,42,422,4220,Construction of utility projects,20255,19708,547,9401,9181,220,10854,10527,327,4297,3836,461,2677,2295,382,1620,1541,79
19,000,STATE - WEST BENGAL,42,429,4290,Construction of other civil engineering projects,16166,14946,1220,5074,4642,432,11092,10304,788,5479,4380,1099,2693,1910,783,2786,2470,316
19,000,STATE - WEST BENGAL,43,431,4311,Demolition,923,872,51,662,640,22,261,232,29,475,442,33,433,404,29,42,38,4
19,000,STATE - WEST BENGAL,43,431,4312,Site preparation,38738,34515,4223,16120,14312,1808,22618,20203,2415,24266,18053,6213,14042,9466,4576,10224,8587,1637
19,000,STATE - WEST BENGAL,43,432,4321,Electrical installation,44844,43951,893,14801,14561,240,30043,29390,653,6834,6626,208,3423,3328,95,3411,3298,113
19,000,STATE - WEST BENGAL,43,432,4322,"Plumbing, heat and air-conditioning installation",21804,21478,326,9985,9892,93,11819,11586,233,3648,3555,93,2312,2277,35,1336,1278,58
19,000,STATE - WEST BENGAL,43,432,4329,Other construction installation,67038,61682,5356,37243,34109,3134,29795,27573,2222,35953,27252,8701,27166,19798,7368,8787,7454,1333
19,000,STATE - WEST BENGAL,43,433,4330,Building completion and finishing,202547,194699,7848,95551,92295,3256,106996,102404,4592,53416,47757,5659,34992,30625,4367,18424,17132,1292
19,000,STATE - WEST BENGAL,43,439,4390,Other specialized construction activities,2213,2014,199,1017,924,93,1196,1090,106,540,433,107,316,249,67,224,184,40
19,000,STATE - WEST BENGAL,45,451,4510,Sale of motor vehicles,5780,5540,240,1159,1130,29,4621,4410,211,312,290,22,117,114,3,195,176,19
19,000,STATE - WEST BENGAL,45,452,4520,Maintenance and repair of motor vehicles,79905,78522,1383,27946,27644,302,51959,50878,1081,8800,8451,349,4006,3836,170,4794,4615,179
19,000,STATE - WEST BENGAL,45,453,4530,Sale of motor vehicle parts and accessories,14022,13627,395,2036,2000,36,11986,11627,359,736,714,22,196,193,3,540,521,19
19,000,STATE - WEST BENGAL,45,454,4540,"Sale, maintenance and repair of motorcycles and related parts and",14758,14460,298,5879,5781,98,8879,8679,200,1593,1554,39,853,843,10,740,711,29
19,000,STATE - WEST BENGAL,46,461,4610,Wholesale on a fee or contract basis,13969,12581,1388,5630,5112,518,8339,7469,870,2030,1330,700,1324,794,530,706,536,170
19,000,STATE - WEST BENGAL,46,462,4620,Wholesale of agricultural raw materials and live animals,60993,58838,2155,39388,38056,1332,21605,20782,823,7096,5963,1133,5742,4722,1020,1354,1241,113
19,000,STATE - WEST BENGAL,46,463,4630,"Wholesale of food, beverages and tobacco",52569,49942,2627,25222,24022,1200,27347,25920,1427,4717,3582,1135,3023,2165,858,1694,1417,277
19,000,STATE - WEST BENGAL,46,464,4641,"Wholesale of textiles, clothing and footwear",5780,5467,313,1167,1115,52,4613,4352,261,369,329,40,128,120,8,241,209,32
19,000,STATE - WEST BENGAL,46,464,4649,Wholesale of other household goods,17053,16454,599,4907,4812,95,12146,11642,504,886,831,55,421,398,23,465,433,32
19,000,STATE - WEST BENGAL,46,465,4651,"Wholesale of computers, computer peripheral equipment and software",215,207,8,24,24,0,191,183,8,25,25,0,6,6,0,19,19,0
19,000,STATE - WEST BENGAL,46,465,4652,Wholesale of electronic and telecommunications equipment and parts,4660,4531,129,1909,1886,23,2751,2645,106,372,367,5,231,226,5,141,141,0
19,000,STATE - WEST BENGAL,46,465,4653,"Wholesale of agricultural machinery, equipment and supplies",1360,1321,39,554,541,13,806,780,26,108,96,12,62,50,12,46,46,0
19,000,STATE - WEST BENGAL,46,465,4659,Wholesale of other machinery and equipment,5272,5107,165,1580,1564,16,3692,3543,149,311,292,19,175,165,10,136,127,9
19,000,STATE - WEST BENGAL,46,466,4661,"Wholesale of solid, liquid and gaseous fuels and related products",1000,930,70,290,271,19,710,659,51,97,82,15,38,32,6,59,50,9
19,000,STATE - WEST BENGAL,46,466,4662,Wholesale of metals and metal ores,168,160,8,64,64,0,104,96,8,9,9,0,0,0,0,9,9,0
19,000,STATE - WEST BENGAL,46,466,4663,"Wholesale of construction materials, hardware, plumbing and heating",9843,9613,230,3436,3374,62,6407,6239,168,797,748,49,429,409,20,368,339,29
19,000,STATE - WEST BENGAL,46,466,4669,Wholesale of waste and scrap and other products n.e.c.,12543,11920,623,5284,5056,228,7259,6864,395,1977,1612,365,1368,1136,232,609,476,133
19,000,STATE - WEST BENGAL,46,469,4690,Non-specialized wholesale trade,45604,43840,1764,16570,15944,626,29034,27896,1138,4204,3671,533,2566,2259,307,1638,1412,226
19,000,STATE - WEST BENGAL,47,471,4711,"Retail sale in non-specialized stores with food, beverages or tobacco",56797,53578,3219,20532,19453,1079,36265,34125,2140,5021,4303,718,2491,2092,399,2530,2211,319
19,000,STATE - WEST BENGAL,47,471,4719,Other retail sale in non-specialized stores,713615,672439,41176,239138,227256,11882,474477,445183,29294,65027,56071,8956,33395,28541,4854,31632,27530,4102
19,000,STATE - WEST BENGAL,47,472,4721,Retail sale of food in specialized stores,712919,667048,45871,326531,304739,21792,386388,362309,24079,65896,54265,11631,39231,31232,7999,26665,23033,3632
19,000,STATE - WEST BENGAL,47,472,4722,Retail sale of beverages in specialized stores,9120,8544,576,3085,2857,228,6035,5687,348,983,852,131,465,405,60,518,447,71
19,000,STATE - WEST BENGAL,47,472,4723,Retail sale of tobacco products in specialized stores,11901,11288,613,3817,3621,196,8084,7667,417,923,793,130,432,353,79,491,440,51
19,000,STATE - WEST BENGAL,47,473,4730,Retail sale of automotive fuel in specialized stores,9122,8811,311,3420,3323,97,5702,5488,214,609,577,32,320,302,18,289,275,14
19,000,STATE - WEST BENGAL,47,474,4741,"Retail sale of computers, peripheral units, software and",25408,24344,1064,7075,6915,160,18333,17429,904,2449,2301,148,1075,1039,36,1374,1262,112
19,000,STATE - WEST BENGAL,47,474,4742,Retail sale of audio and video equipment in specialized stores,6483,6282,201,1659,1621,38,4824,4661,163,562,518,44,197,178,19,365,340,25
19,000,STATE - WEST BENGAL,47,475,4751,Retail sale of textiles in specialized stores,11465,10737,728,2115,2037,78,9350,8700,650,724,589,135,215,191,24,509,398,111
19,000,STATE - WEST BENGAL,47,475,4752,"Retail sale of hardware, paints and glass in specialized stores",119573,116142,3431,32786,32016,770,86787,84126,2661,7041,6423,618,3388,3008,380,3653,3415,238
19,000,STATE - WEST BENGAL,47,475,4753,"Retail sale of carpets, rugs, wall and floor coverings in specialized",2285,2171,114,766,746,20,1519,1425,94,256,243,13,146,141,5,110,102,8
19,000,STATE - WEST BENGAL,47,475,4759,"Retail sale of electrical household appliances, furniture, lighting",59067,57120,1947,17214,16816,398,41853,40304,1549,3669,3358,311,1554,1428,126,2115,1930,185
19,000,STATE - WEST BENGAL,47,476,4761,"Retail sale of books, newspapers and stationary in specialized stores",64587,61996,2591,22416,21645,771,42171,40351,1820,4986,4547,439,2593,2364,229,2393,2183,210
19,000,STATE - WEST BENGAL,47,476,4762,Retail sale of music and video recordings in specialized stores,1463,1399,64,387,380,7,1076,1019,57,151,139,12,68,61,7,83,78,5
19,000,STATE - WEST BENGAL,47,476,4763,Retail sale of sporting equipment in specialized stores,793,762,31,177,170,7,616,592,24,62,52,10,28,24,4,34,28,6
19,000,STATE - WEST BENGAL,47,476,4764,Retail sale of games and toys in specialized stores,2875,2689,186,497,466,31,2378,2223,155,346,303,43,135,109,26,211,194,17
19,000,STATE - WEST BENGAL,47,477,4771,"Retail sale of clothing, footwear and leather articles in specialized",142043,134161,7882,31371,30124,1247,110672,104037,6635,9120,7820,1300,2969,2558,411,6151,5262,889
19,000,STATE - WEST BENGAL,47,477,4772,"Retail sale of pharmaceutical and medical goods, cosmetic and toilet",87470,83726,3744,29813,28997,816,57657,54729,2928,5687,5177,510,2592,2430,162,3095,2747,348
19,000,STATE - WEST BENGAL,47,477,4773,Other retail sale of new goods in specialized stores,131317,123370,7947,48140,45819,2321,83177,77551,5626,12636,9973,2663,7201,5608,1593,5435,4365,1070
19,000,STATE - WEST BENGAL,47,477,4774,Retail sale of second-hand goods,2269,2127,142,556,504,52,1713,1623,90,331,266,65,85,70,15,246,196,50
19,000,STATE - WEST BENGAL,47,478,4781,"Retail sale via stalls and markets of food, beverages and tobacco",4688,4357,331,1887,1731,156,2801,2626,175,428,372,56,246,208,38,182,164,18
19,000,STATE - WEST BENGAL,47,478,4782,"Retail sale via stalls and markets of textiles, clothing and footwear",103403,96967,6436,26322,25272,1050,77081,71695,5386,7099,6114,985,2907,2577,330,4192,3537,655
19,000,STATE - WEST BENGAL,47,478,4789,Retail sale via stalls and markets of other goods,147435,139156,8279,55571,53036,2535,91864,86120,5744,16556,14489,2067,9357,8203,1154,7199,6286,913
19,000,STATE - WEST BENGAL,47,479,4791,Retail sale via mail order houses or via Internet,6650,6345,305,2410,2309,101,4240,4036,204,900,820,80,424,393,31,476,427,49
19,000,STATE - WEST BENGAL,47,479,4799,"Other retail sale not in stores, stalls or markets",126464,120581,5883,57064,54748,2316,69400,65833,3567,17318,15424,1894,10439,9319,1120,6879,6105,774
19,000,STATE - WEST BENGAL,49,491,4911,Passenger rail transport,84864,78378,6486,17398,16474,924,67466,61904,5562,2338,2054,284,603,554,49,1735,1500,235
19,000,STATE - WEST BENGAL,49,491,4912,Freight rail transport,56488,51998,4490,11206,10632,574,45282,41366,3916,1588,1374,214,508,471,37,1080,903,177
19,000,STATE - WEST BENGAL,49,492,4921,Urban or suburban passenger land transport,75690,74272,1418,25344,25060,284,50346,49212,1134,7592,7451,141,3749,3703,46,3843,3748,95
19,000,STATE - WEST BENGAL,49,492,4922,Other passenger land transport,465181,458955,6226,188847,187018,1829,276334,271937,4397,47647,46682,965,25394,25025,369,22253,21657,596
19,000,STATE - WEST BENGAL,49,492,4923,Freight transport by road,330711,325574,5137,142018,140317,1701,188693,185257,3436,38331,37342,989,22097,21579,518,16234,15763,471
19,000,STATE - WEST BENGAL,49,493,4930,Transport via pipeline,636,595,41,161,158,3,475,437,38,69,66,3,35,32,3,34,34,0
19,000,STATE - WEST BENGAL,50,501,5011,Sea and coastal passenger water transport,1497,1449,48,597,572,25,900,877,23,218,195,23,152,138,14,66,57,9
19,000,STATE - WEST BENGAL,50,501,5012,Sea and coastal freight water transport,135,133,2,53,53,0,82,80,2,11,8,3,3,0,3,8,8,0
19,000,STATE - WEST BENGAL,50,502,5021,Inland passenger water transport,12021,11668,353,4095,4019,76,7926,7649,277,987,949,38,629,603,26,358,346,12
19,000,STATE - WEST BENGAL,50,502,5022,Inland freight water transport,2045,1988,57,554,546,8,1491,1442,49,155,150,5,76,74,2,79,76,3
19,000,STATE - WEST BENGAL,51,511,5110,Passenger air transport,2524,2246,278,382,374,8,2142,1872,270,133,115,18,55,55,0,78,60,18
19,000,STATE - WEST BENGAL,51,512,5120,Freight air transport,7881,7158,723,2722,2612,110,5159,4546,613,1231,1112,119,873,780,93,358,332,26
19,000,STATE - WEST BENGAL,52,521,5210,Warehousing and storage,166067,161053,5014,53336,52312,1024,112731,108741,3990,17080,16242,838,9485,9116,369,7595,7126,469
19,000,STATE - WEST BENGAL,52,522,5221,Service activities incidental to land transportation,29158,28266,892,11306,11017,289,17852,17249,603,4264,3959,305,2741,2514,227,1523,1445,78
19,000,STATE - WEST BENGAL,52,522,5222,Service activities incidental to water transportation,227,207,20,85,78,7,142,129,13,26,26,0,8,8,0,18,18,0
19,000,STATE - WEST BENGAL,52,522,5223,Service activities incidental to air transportation,404,384,20,199,192,7,205,192,13,23,12,11,11,9,2,12,3,9
19,000,STATE - WEST BENGAL,52,522,5224,Cargo handling,544,534,10,324,317,7,220,217,3,71,69,2,37,37,0,34,32,2
19,000,STATE - WEST BENGAL,52,522,5229,Other transportation support activities,4880,4630,250,1570,1517,53,3310,3113,197,812,758,54,440,409,31,372,349,23
19,000,STATE - WEST BENGAL,53,531,5310,Postal activities,28003,23991,4012,13643,12456,1187,14360,11535,2825,780,579,201,337,255,82,443,324,119
19,000,STATE - WEST BENGAL,53,532,5320,Courier activities,6385,6020,365,897,865,32,5488,5155,333,379,335,44,68,66,2,311,269,42
19,000,STATE - WEST BENGAL,55,551,5510,Short term accommodation activities,70373,63828,6545,28183,26061,2122,42190,37767,4423,8855,7620,1235,5181,4585,596,3674,3035,639
19,000,STATE - WEST BENGAL,55,552,5520,"Camping grounds, recreational vehicle parks and trailer parks",241,205,36,75,61,14,166,144,22,27,19,8,12,6,6,15,13,2
19,000,STATE - WEST BENGAL,55,559,5590,Other accommodation,50034,41967,8067,18663,15542,3121,31371,26425,4946,6325,4719,1606,3658,2765,893,2667,1954,713
19,000,STATE - WEST BENGAL,56,561,5610,Restaurants and mobile food service activities,36210,33005,3205,14124,12971,1153,22086,20034,2052,4666,3868,798,2788,2330,458,1878,1538,340
19,000,STATE - WEST BENGAL,56,562,5621,Event catering,21993,17865,4128,6266,4953,1313,15727,12912,2815,5043,3756,1287,2174,1621,553,2869,2135,734
19,000,STATE - WEST BENGAL,56,562,5629,Other food service activities,9713,8083,1630,3094,2654,440,6619,5429,1190,1553,1157,396,830,648,182,723,509,214
19,000,STATE - WEST BENGAL,56,563,5630,Beverage serving activities,137562,124070,13492,59517,54281,5236,78045,69789,8256,13746,11115,2631,7987,6486,1501,5759,4629,1130
19,000,STATE - WEST BENGAL,58,581,5811,Book publishing,2307,2148,159,631,603,28,1676,1545,131,193,176,17,86,77,9,107,99,8
19,000,STATE - WEST BENGAL,58,581,5812,Publishing of directories and mailing lists,78,70,8,8,8,0,70,62,8,3,3,0,0,0,0,3,3,0
19,000,STATE - WEST BENGAL,58,581,5813,"Publishing of newspapers, journals and periodicals",2094,1845,249,309,297,12,1785,1548,237,83,70,13,22,22,0,61,48,13
19,000,STATE - WEST BENGAL,58,581,5819,Other publishing activities,562,517,45,172,157,15,390,360,30,23,21,2,6,6,0,17,15,2
19,000,STATE - WEST BENGAL,58,582,5820,Software publishing,885,775,110,46,44,2,839,731,108,29,24,5,0,0,0,29,24,5
19,000,STATE - WEST BENGAL,59,591,5911,"Motion picture, video and television programme production activities",1234,1137,97,268,259,9,966,878,88,206,173,33,80,67,13,126,106,20
19,000,STATE - WEST BENGAL,59,591,5912,"Motion picture, video and television programme post-production",317,303,14,50,50,0,267,253,14,41,39,2,9,9,0,32,30,2
19,000,STATE - WEST BENGAL,59,591,5913,"Motion picture, video and television programme distribution activities",775,710,65,121,119,2,654,591,63,86,74,12,21,21,0,65,53,12
19,000,STATE - WEST BENGAL,59,591,5914,Motion picture projection activities,1644,1559,85,359,351,8,1285,1208,77,126,120,6,45,43,2,81,77,4
19,000,STATE - WEST BENGAL,59,592,5920,Sound recording and music publishing activitiesT,702,655,47,240,228,12,462,427,35,98,90,8,62,54,8,36,36,0
19,000,STATE - WEST BENGAL,60,601,6010,Radio broadcasting,600,412,188,90,68,22,510,344,166,29,19,10,3,3,0,26,16,10
19,000,STATE - WEST BENGAL,60,602,6020,Television programming and broadcasting activities,1850,1627,223,348,341,7,1502,1286,216,94,66,28,31,31,0,63,35,28
19,000,STATE - WEST BENGAL,61,611,6110,Wired telecommunications activities,24152,22142,2010,6282,6078,204,17870,16064,1806,1959,1734,225,748,712,36,1211,1022,189
19,000,STATE - WEST BENGAL,61,612,6120,Wireless telecommunications activities,7371,6677,694,1815,1728,87,5556,4949,607,416,373,43,175,167,8,241,206,35
19,000,STATE - WEST BENGAL,61,613,6130,Satellite telecommunications activities,1360,1273,87,449,422,27,911,851,60,70,70,0,47,47,0,23,23,0
19,000,STATE - WEST BENGAL,61,619,6190,Other telecommunications activities,8961,8097,864,2138,2034,104,6823,6063,760,541,485,56,204,199,5,337,286,51
19,000,STATE - WEST BENGAL,62,620,6201,Computer programming activities,849,728,121,106,103,3,743,625,118,77,71,6,26,26,0,51,45,6
19,000,STATE - WEST BENGAL,62,620,6202,Computer consultancy and computer facilities management activities,26656,22159,4497,2561,2422,139,24095,19737,4358,1324,1089,235,231,220,11,1093,869,224
19,000,STATE - WEST BENGAL,62,620,6209,Other information technology and computer service activities,6231,5258,973,911,841,70,5320,4417,903,314,247,67,107,107,0,207,140,67
19,000,STATE - WEST BENGAL,63,631,6311,"Data processing, hosting and related activities",1748,1486,262,385,356,29,1363,1130,233,193,161,32,85,71,14,108,90,18
19,000,STATE - WEST BENGAL,63,631,6312,Web portals,102,81,21,31,31,0,71,50,21,15,9,6,3,3,0,12,6,6
19,000,STATE - WEST BENGAL,63,639,6391,News agency activities,529,408,121,66,60,6,463,348,115,12,9,3,3,0,3,9,9,0
19,000,STATE - WEST BENGAL,63,639,6399,Other information service activities n.e.c.,11949,10373,1576,2235,2133,102,9714,8240,1474,705,592,113,238,222,16,467,370,97
19,000,STATE - WEST BENGAL,64,641,6411,Central banking,18870,16499,2371,2335,2155,180,16535,14344,2191,538,426,112,58,53,5,480,373,107
19,000,STATE - WEST BENGAL,64,641,6419,Other monetary intermediation,64389,56934,7455,12202,11215,987,52187,45719,6468,1744,1398,346,421,347,74,1323,1051,272
19,000,STATE - WEST BENGAL,64,642,6420,Activities of holding companies,1899,1715,184,789,745,44,1110,970,140,175,157,18,100,87,13,75,70,5
19,000,STATE - WEST BENGAL,64,643,6430,"Trusts, funds and other financial vehicles",1127,1010,117,157,151,6,970,859,111,62,48,14,10,7,3,52,41,11
19,000,STATE - WEST BENGAL,64,649,6491,Financial leasing,967,837,130,343,303,40,624,534,90,97,68,29,60,40,20,37,28,9
19,000,STATE - WEST BENGAL,64,649,6492,Other credit granting,218,202,16,88,85,3,130,117,13,15,9,6,6,3,3,9,6,3
19,000,STATE - WEST BENGAL,64,649,6499,"Other financial service activities, except insurance and pension funding",854,754,100,325,308,17,529,446,83,56,47,9,20,17,3,36,30,6
19,000,STATE - WEST BENGAL,65,651,6511,Life insurance,54153,48970,5183,19375,18499,876,34778,30471,4307,3908,3321,587,2122,1953,169,1786,1368,418
19,000,STATE - WEST BENGAL,65,651,6512,Non-life insurance,3441,3037,404,941,876,65,2500,2161,339,342,279,63,147,130,17,195,149,46
19,000,STATE - WEST BENGAL,65,652,6520,Reinsurance,219,196,23,32,32,0,187,164,23,22,12,10,6,3,3,16,9,7
19,000,STATE - WEST BENGAL,65,653,6530,Pension funding,32,23,9,21,12,9,11,11,0,5,2,3,2,2,0,3,0,3
19,000,STATE - WEST BENGAL,66,661,6611,Administration of financial markets,323,288,35,108,95,13,215,193,22,41,35,6,30,27,3,11,8,3
19,000,STATE - WEST BENGAL,66,661,6612,Security and commodity contracts brokerage,153,147,6,44,42,2,109,105,4,14,14,0,2,2,0,12,12,0
19,000,STATE - WEST BENGAL,66,661,6619,Activities auxiliary to financial service activities n.e.c.,144,119,25,41,41,0,103,78,25,15,15,0,6,6,0,9,9,0
19,000,STATE - WEST BENGAL,66,662,6621,Risk and damage evaluation,100,97,3,30,30,0,70,67,3,8,6,2,5,3,2,3,3,0
19,000,STATE - WEST BENGAL,66,662,6622,Activities of insurance agents and brokers,50188,44394,5794,12335,11650,685,37853,32744,5109,3032,2421,611,1388,1241,147,1644,1180,464
19,000,STATE - WEST BENGAL,66,662,6629,Other activities auxiliary to insurance and pension funding,1560,1413,147,463,432,31,1097,981,116,135,88,47,58,44,14,77,44,33
19,000,STATE - WEST BENGAL,66,663,6630,Fund management activities,5013,4497,516,1274,1182,92,3739,3315,424,387,297,90,150,122,28,237,175,62
19,000,STATE - WEST BENGAL,68,681,6810,Real estate activities with own or leased property,1937,1815,122,378,356,22,1559,1459,100,245,228,17,123,118,5,122,110,12
19,000,STATE - WEST BENGAL,68,682,6820,Real estate activities on a fee or contract basis,9793,9438,355,1910,1834,76,7883,7604,279,732,670,62,255,223,32,477,447,30
19,000,STATE - WEST BENGAL,69,691,6910,Legal activities,37729,33853,3876,10788,10389,399,26941,23464,3477,1612,1395,217,706,677,29,906,718,188
19,000,STATE - WEST BENGAL,69,692,6920,"Accounting, bookkeeping and auditing activities; tax consultancy",10673,9889,784,2257,2179,78,8416,7710,706,475,422,53,161,149,12,314,273,41
19,000,STATE - WEST BENGAL,70,701,7010,Activities of head offices,15925,14405,1520,3564,3492,72,12361,10913,1448,1513,1379,134,804,788,16,709,591,118
19,000,STATE - WEST BENGAL,70,702,7020,Management consultancy activities,1242,1080,162,68,63,5,1174,1017,157,77,58,19,2,0,2,75,58,17
19,000,STATE - WEST BENGAL,71,711,7110,Architectural and engineering activities and related technical,4129,3729,400,1025,962,63,3104,2767,337,194,150,44,71,65,6,123,85,38
19,000,STATE - WEST BENGAL,71,712,7120,Technical testing and analysis,292,277,15,82,82,0,210,195,15,19,19,0,10,10,0,9,9,0
19,000,STATE - WEST BENGAL,72,721,7210,Research and experimental development on natural sciences and,815,626,189,149,141,8,666,485,181,51,43,8,10,10,0,41,33,8
19,000,STATE - WEST BENGAL,72,722,7220,Research and experimental development on social sciences and,333,274,59,81,73,8,252,201,51,29,12,17,3,0,3,26,12,14
19,000,STATE - WEST BENGAL,73,731,7310,Advertising,3128,2825,303,342,326,16,2786,2499,287,194,167,27,37,34,3,157,133,24
19,000,STATE - WEST BENGAL,73,732,7320,Market research and public opinion polling,1196,1133,63,207,198,9,989,935,54,65,53,12,18,18,0,47,35,12
19,000,STATE - WEST BENGAL,74,741,7410,Specialized design activities,30308,29290,1018,13788,13615,173,16520,15675,845,6172,5971,201,4251,4151,100,1921,1820,101
19,000,STATE - WEST BENGAL,74,742,7420,Photographic activities,11209,10833,376,3517,3447,70,7692,7386,306,1160,1081,79,546,525,21,614,556,58
19,000,STATE - WEST BENGAL,74,749,7490,"Other professional, scientific and technical activities n.e.c.",3332,3073,259,713,681,32,2619,2392,227,277,264,13,150,142,8,127,122,5
19,000,STATE - WEST BENGAL,75,750,7500,Veterinary activities,5389,5087,302,3522,3391,131,1867,1696,171,277,256,21,231,216,15,46,40,6
19,000,STATE - WEST BENGAL,77,771,7710,Renting and leasing of motor vehicles,3339,3225,114,571,554,17,2768,2671,97,157,150,7,42,38,4,115,112,3
19,000,STATE - WEST BENGAL,77,772,7721,Renting and leasing of recreational and sports goods,93,93,0,60,60,0,33,33,0,12,12,0,9,9,0,3,3,0
19,000,STATE - WEST BENGAL,77,772,7722,Renting of video tapes and disks,190,184,6,99,96,3,91,88,3,25,22,3,17,17,0,8,5,3
19,000,STATE - WEST BENGAL,77,772,7729,Renting and leasing of other personal and household goods n.e.c.,10136,9936,200,4114,4060,54,6022,5876,146,1862,1829,33,1091,1079,12,771,750,21
19,000,STATE - WEST BENGAL,77,773,7730,"Renting and leasing of other machinery, equipment and tangible goods",1092,1054,38,450,444,6,642,610,32,154,143,11,99,91,8,55,52,3
19,000,STATE - WEST BENGAL,77,774,7740,Leasing of nonfinancial intangible assets,223,205,18,41,39,2,182,166,16,18,15,3,9,9,0,9,6,3
19,000,STATE - WEST BENGAL,78,781,7810,Activities of employment placement agencies,1129,1041,88,347,330,17,782,711,71,70,61,9,26,23,3,44,38,6
19,000,STATE - WEST BENGAL,78,782,7820,Temporary employment agency activities,397,366,31,192,182,10,205,184,21,22,20,2,13,11,2,9,9,0
19,000,STATE - WEST BENGAL,78,783,7830,Human resources provision and management of human resources,367,306,61,73,65,8,294,241,53,28,13,15,11,5,6,17,8,9
19,000,STATE - WEST BENGAL,79,791,7911,Travel agency activities,2571,2374,197,308,295,13,2263,2079,184,172,151,21,30,30,0,142,121,21
19,000,STATE - WEST BENGAL,79,791,7912,Tour operator activities,352,315,37,78,71,7,274,244,30,43,34,9,17,17,0,26,17,9
19,000,STATE - WEST BENGAL,79,799,7990,Other reservation service and related activities,475,429,46,61,56,5,414,373,41,19,12,7,3,3,0,16,9,7
19,000,STATE - WEST BENGAL,80,801,8010,Private security activities,30983,30198,785,8550,8392,158,22433,21806,627,2361,2263,98,861,833,28,1500,1430,70
19,000,STATE - WEST BENGAL,80,802,8020,Security systems service activities,14189,13813,376,3401,3350,51,10788,10463,325,1023,974,49,300,291,9,723,683,40
19,000,STATE - WEST BENGAL,80,803,8030,Investigation activities,2582,2430,152,556,545,11,2026,1885,141,205,178,27,56,50,6,149,128,21
19,000,STATE - WEST BENGAL,81,811,8110,Combined facilities support activities,10160,9314,846,3856,3653,203,6304,5661,643,802,663,139,423,355,68,379,308,71
19,000,STATE - WEST BENGAL,81,812,8121,General cleaning of buildings,3214,2418,796,839,616,223,2375,1802,573,562,399,163,208,136,72,354,263,91
19,000,STATE - WEST BENGAL,81,812,8129,Other building and industrial cleaning activities,5375,4561,814,1230,1035,195,4145,3526,619,722,520,202,213,159,54,509,361,148
19,000,STATE - WEST BENGAL,81,813,8130,Landscape care and maintenance service activities,255,193,62,64,54,10,191,139,52,29,29,0,7,7,0,22,22,0
19,000,STATE - WEST BENGAL,82,821,8211,Combined office administrative service activities,15640,14053,1587,4038,3739,299,11602,10314,1288,963,799,164,479,398,81,484,401,83
19,000,STATE - WEST BENGAL,82,821,8219,"Photocopying, document preparation and other specialized office",19079,17314,1765,5073,4759,314,14006,12555,1451,1278,1110,168,545,475,70,733,635,98
19,000,STATE - WEST BENGAL,82,822,8220,Activities of call centres,221750,193756,27994,23951,22342,1609,197799,171414,26385,12680,10065,2615,2232,1807,425,10448,8258,2190
19,000,STATE - WEST BENGAL,82,823,8230,Organization of conventions and trade shows,594,542,52,161,148,13,433,394,39,30,18,12,9,3,6,21,15,6
19,000,STATE - WEST BENGAL,82,829,8291,Activities of collection agencies and credit bureaus,4284,3869,415,1143,1065,78,3141,2804,337,286,228,58,92,71,21,194,157,37
19,000,STATE - WEST BENGAL,82,829,8292,Packaging activities,2384,1955,429,563,498,65,1821,1457,364,342,181,161,111,70,41,231,111,120
19,000,STATE - WEST BENGAL,82,829,8299,Other business support service activities n.e.c.,568457,510451,58006,84689,79616,5073,483768,430835,52933,35227,29680,5547,8437,7364,1073,26790,22316,4474
19,000,STATE - WEST BENGAL,84,841,8411,General public administration activities,416768,365176,51592,122605,110385,12220,294163,254791,39372,14098,10940,3158,4887,3596,1291,9211,7344,1867
19,000,STATE - WEST BENGAL,84,841,8412,"Regulation of the activities of providing health care, education, cultural",1884,1138,746,700,393,307,1184,745,439,75,54,21,31,19,12,44,35,9
19,000,STATE - WEST BENGAL,84,841,8413,Regulation of and contribution to more efficient operation of,212,195,17,62,54,8,150,141,9,3,3,0,3,3,0,0,0,0
19,000,STATE - WEST BENGAL,84,842,8421,Foreign affairs,1404,1263,141,397,354,43,1007,909,98,56,44,12,31,26,5,25,18,7
19,000,STATE - WEST BENGAL,84,842,8422,Defence activities,107154,103663,3491,52858,51625,1233,54296,52038,2258,2883,2206,677,1507,1146,361,1376,1060,316
19,000,STATE - WEST BENGAL,84,842,8423,Public order and safety activities,26380,24466,1914,11582,10956,626,14798,13510,1288,578,480,98,272,228,44,306,252,54
19,000,STATE - WEST BENGAL,84,843,8430,Compulsory social security activities,153628,139479,14149,56626,52665,3961,97002,86814,10188,4477,3551,926,1872,1470,402,2605,2081,524
19,000,STATE - WEST BENGAL,85,851,8510,Primary education,261573,151026,110547,153125,96136,56989,108448,54890,53558,14767,6110,8657,9763,4148,5615,5004,1962,3042
19,000,STATE - WEST BENGAL,85,852,8521,General secondary education,218787,138735,80052,99210,74130,25080,119577,64605,54972,8867,5178,3689,4888,3350,1538,3979,1828,2151
19,000,STATE - WEST BENGAL,85,852,8522,Technical and vocational secondary education,2365,1537,828,1187,899,288,1178,638,540,87,52,35,56,36,20,31,16,15
19,000,STATE - WEST BENGAL,85,853,8530,Higher education,39090,28021,11069,9689,7893,1796,29401,20128,9273,1411,918,493,503,395,108,908,523,385
19,000,STATE - WEST BENGAL,85,854,8541,Sports and recreation education,867,660,207,245,192,53,622,468,154,115,90,25,51,45,6,64,45,19
19,000,STATE - WEST BENGAL,85,854,8542,Cultural education,3836,2470,1366,693,536,157,3143,1934,1209,500,296,204,135,88,47,365,208,157
19,000,STATE - WEST BENGAL,85,854,8549,Other education n.e.c.,143430,98069,45361,61809,47873,13936,81621,50196,31425,35290,21746,13544,19745,13695,6050,15545,8051,7494
19,000,STATE - WEST BENGAL,85,855,8550,Educational support services,177088,104590,72498,75143,49319,25824,101945,55271,46674,19679,9452,10227,11424,5804,5620,8255,3648,4607
19,000,STATE - WEST BENGAL,86,861,8610,Hospital activities,118657,57087,61570,40139,16865,23274,78518,40222,38296,6360,2098,4262,2741,866,1875,3619,1232,2387
19,000,STATE - WEST BENGAL,86,862,8620,Medical and dental practice activities,43959,38652,5307,19793,18848,945,24166,19804,4362,2144,1774,370,1322,1194,128,822,580,242
19,000,STATE - WEST BENGAL,86,869,8690,Other human health activities,218396,56777,161619,134346,25792,108554,84050,30985,53065,14565,3333,11232,9710,1889,7821,4855,1444,3411
19,000,STATE - WEST BENGAL,87,871,8710,Nursing care facilities,3719,1038,2681,856,238,618,2863,800,2063,351,45,306,123,24,99,228,21,207
19,000,STATE - WEST BENGAL,87,872,8720,"Residential care activities for mental retardation, mental health and",217,99,118,91,41,50,126,58,68,19,6,13,11,6,5,8,0,8
19,000,STATE - WEST BENGAL,87,873,8730,Residential care activities for the elderly and disabled,181,93,88,58,29,29,123,64,59,9,3,6,3,3,0,6,0,6
19,000,STATE - WEST BENGAL,87,879,8790,Other residential care activities n.e.c.,449,296,153,151,75,76,298,221,77,67,32,35,52,26,26,15,6,9
19,000,STATE - WEST BENGAL,88,881,8810,Social work activities without accommodation for the elderly and,6464,1727,4737,3820,804,3016,2644,923,1721,587,170,417,405,104,301,182,66,116
19,000,STATE - WEST BENGAL,88,889,8890,Other social work activities without accommodation n.e.c.,13334,3051,10283,7920,1420,6500,5414,1631,3783,1290,302,988,867,175,692,423,127,296
19,000,STATE - WEST BENGAL,90,900,9000,"Dramatic arts, music and other arts activities",22447,19694,2753,6764,6209,555,15683,13485,2198,4885,4079,806,2982,2540,442,1903,1539,364
19,000,STATE - WEST BENGAL,91,910,9101,Library and archives activities,4069,3353,716,1767,1613,154,2302,1740,562,122,91,31,51,40,11,71,51,20
19,000,STATE - WEST BENGAL,91,910,9102,Museums activities and operation of historical sites and buildings,189,164,25,47,40,7,142,124,18,45,40,5,28,23,5,17,17,0
19,000,STATE - WEST BENGAL,91,910,9103,Botanical and zoological gardens and nature reserves activities,1480,1281,199,621,545,76,859,736,123,207,157,50,116,91,25,91,66,25
19,000,STATE - WEST BENGAL,92,920,9200,Gambling and betting activities,14355,14040,315,4461,4379,82,9894,9661,233,1692,1632,60,668,651,17,1024,981,43
19,000,STATE - WEST BENGAL,93,931,9311,Operation of sports facilities,143,110,33,11,11,0,132,99,33,12,12,0,6,6,0,6,6,0
19,000,STATE - WEST BENGAL,93,931,9312,Activities of sports clubs,281,241,40,17,17,0,264,224,40,28,23,5,0,0,0,28,23,5
19,000,STATE - WEST BENGAL,93,931,9319,Other sports activities,735,675,60,70,60,10,665,615,50,104,71,33,46,33,13,58,38,20
19,000,STATE - WEST BENGAL,93,932,9321,Activities of amusement parks and theme parks,364,340,24,37,37,0,327,303,24,14,11,3,0,0,0,14,11,3
19,000,STATE - WEST BENGAL,93,932,9329,Other amusement and recreation activities n.e.c.,10102,8927,1175,4658,4307,351,5444,4620,824,3384,2896,488,2446,2129,317,938,767,171
19,000,STATE - WEST BENGAL,94,941,9411,Activities of business and employers membership organizations,1388,1049,339,649,486,163,739,563,176,386,258,128,294,195,99,92,63,29
19,000,STATE - WEST BENGAL,94,941,9412,Activities of professional membership organizations,83,60,23,53,42,11,30,18,12,8,8,0,0,0,0,8,8,0
19,000,STATE - WEST BENGAL,94,942,9420,Activities of trade unions,211,179,32,117,97,20,94,82,12,52,38,14,19,11,8,33,27,6
19,000,STATE - WEST BENGAL,94,949,9491,Activities of religious organizations,10298,9741,557,5843,5589,254,4455,4152,303,2115,1944,171,1503,1400,103,612,544,68
19,000,STATE - WEST BENGAL,94,949,9492,Activities of political organizations,2279,1826,453,1504,1219,285,775,607,168,325,252,73,247,194,53,78,58,20
19,000,STATE - WEST BENGAL,94,949,9499,Activities of other membership organizations n.e.c.,1082,800,282,670,526,144,412,274,138,169,93,76,121,71,50,48,22,26
19,000,STATE - WEST BENGAL,95,951,9511,Repair of computers and peripheral equipment,5527,5241,286,1714,1654,60,3813,3587,226,617,537,80,345,308,37,272,229,43
19,000,STATE - WEST BENGAL,95,951,9512,Repair of communication equipment,2562,2510,52,1148,1129,19,1414,1381,33,308,301,7,203,198,5,105,103,2
19,000,STATE - WEST BENGAL,95,952,9521,Repair of consumer electronics,9250,8514,736,4676,4353,323,4574,4161,413,2148,1513,635,1518,1038,480,630,475,155
19,000,STATE - WEST BENGAL,95,952,9522,Repair of household appliances and home and garden equipment,7845,7543,302,3057,2917,140,4788,4626,162,1222,1061,161,757,644,113,465,417,48
19,000,STATE - WEST BENGAL,95,952,9523,Repair of footwear and leather goods,5406,5304,102,2888,2830,58,2518,2474,44,900,832,68,622,577,45,278,255,23
19,000,STATE - WEST BENGAL,95,952,9524,Repair of furniture and home furnishings,363,350,13,182,177,5,181,173,8,68,66,2,45,45,0,23,21,2
19,000,STATE - WEST BENGAL,95,952,9529,"Repair of personal and household goods, n.e.c.",73069,70620,2449,38438,37439,999,34631,33181,1450,10950,8178,2772,7481,5425,2056,3469,2753,716
19,000,STATE - WEST BENGAL,96,960,9601,Washing and (dry-) cleaning of textile and fur products,23942,21087,2855,5101,4700,401,18841,16387,2454,2541,1729,812,1005,618,387,1536,1111,425
19,000,STATE - WEST BENGAL,96,960,9602,Hairdressing and other beauty treatment,80436,70336,10100,47170,45364,1806,33266,24972,8294,9715,7834,1881,6754,6137,617,2961,1697,1264
19,000,STATE - WEST BENGAL,96,960,9603,Funeral and related activities,275,256,19,103,98,5,172,158,14,44,35,9,28,21,7,16,14,2
19,000,STATE - WEST BENGAL,96,960,9609,Other personal service activities n.e.c.,226302,173354,52948,97222,85114,12108,129080,88240,40840,56445,41154,15291,33404,26954,6450,23041,14200,8841
19,000,STATE - WEST BENGAL,97,970,9700,Activities of households as employers of domestic personnel,308753,39509,269244,69620,13558,56062,239133,25951,213182,82353,10634,71719,34888,6243,28645,47465,4391,43074
19,000,STATE - WEST BENGAL,98,981,9810,Undifferentiated goods-producing activities of private households for own,103,55,48,63,38,25,40,17,23,48,8,40,36,8,28,12,0,12
19,000,STATE - WEST BENGAL,98,982,9820,Undifferentiated service-producing activities of private households for own,202,72,130,76,30,46,126,42,84,88,18,70,40,9,31,48,9,39
19,000,STATE - WEST BENGAL,99,990,9900,Activities of extraterritorial organizations and bodies,210,128,82,50,32,18,160,96,64,51,9,42,24,0,24,27,9,18
